# Wavelength(Å) I_cont(erg/s/cm2/Å/sr) I_abs(erg/s/cm2/Å/sr)
4848.7874 1.1791e+14 1.1791e+14
4848.7999 1.1791e+14 1.1791e+14
4848.8125 1.1791e+14 1.1791e+14
4848.8250 1.1791e+14 1.1791e+14
4848.8375 1.1791e+14 1.1791e+14
4848.8500 1.1791e+14 1.1791e+14
4848.8625 1.1791e+14 1.1791e+14
4848.8751 1.1791e+14 1.1791e+14
4848.8876 1.1791e+14 1.1791e+14
4848.9001 1.1791e+14 1.1791e+14
4848.9126 1.1791e+14 1.1791e+14
4848.9251 1.1791e+14 1.1791e+14
4848.9376 1.1791e+14 1.1791e+14
4848.9502 1.1792e+14 1.1791e+14
4848.9627 1.1792e+14 1.1791e+14
4848.9752 1.1792e+14 1.1792e+14
4848.9877 1.1792e+14 1.1792e+14
4849.0002 1.1792e+14 1.1792e+14
4849.0128 1.1792e+14 1.1792e+14
4849.0253 1.1792e+14 1.1792e+14
4849.0378 1.1792e+14 1.1792e+14
4849.0503 1.1792e+14 1.1792e+14
4849.0628 1.1792e+14 1.1792e+14
4849.0754 1.1792e+14 1.1792e+14
4849.0879 1.1792e+14 1.1792e+14
4849.1004 1.1792e+14 1.1792e+14
4849.1129 1.1792e+14 1.1792e+14
4849.1254 1.1792e+14 1.1792e+14
4849.1380 1.1792e+14 1.1792e+14
4849.1505 1.1792e+14 1.1792e+14
4849.1630 1.1792e+14 1.1792e+14
4849.1755 1.1792e+14 1.1792e+14
4849.1880 1.1792e+14 1.1792e+14
4849.2005 1.1792e+14 1.1792e+14
4849.2131 1.1792e+14 1.1792e+14
4849.2256 1.1792e+14 1.1792e+14
4849.2381 1.1792e+14 1.1792e+14
4849.2506 1.1792e+14 1.1792e+14
4849.2631 1.1792e+14 1.1792e+14
4849.2757 1.1792e+14 1.1792e+14
4849.2882 1.1792e+14 1.1792e+14
4849.3007 1.1792e+14 1.1792e+14
4849.3132 1.1792e+14 1.1792e+14
4849.3257 1.1792e+14 1.1792e+14
4849.3383 1.1792e+14 1.1792e+14
4849.3508 1.1792e+14 1.1792e+14
4849.3633 1.1792e+14 1.1792e+14
4849.3758 1.1792e+14 1.1792e+14
4849.3883 1.1793e+14 1.1792e+14
4849.4008 1.1793e+14 1.1792e+14
4849.4134 1.1793e+14 1.1793e+14
4849.4259 1.1793e+14 1.1793e+14
4849.4384 1.1793e+14 1.1793e+14
4849.4509 1.1793e+14 1.1793e+14
4849.4634 1.1793e+14 1.1793e+14
4849.4760 1.1793e+14 1.1793e+14
4849.4885 1.1793e+14 1.1793e+14
4849.5010 1.1793e+14 1.1793e+14
4849.5135 1.1793e+14 1.1793e+14
4849.5260 1.1793e+14 1.1793e+14
4849.5386 1.1793e+14 1.1793e+14
4849.5511 1.1793e+14 1.1793e+14
4849.5636 1.1793e+14 1.1793e+14
4849.5761 1.1793e+14 1.1793e+14
4849.5886 1.1793e+14 1.1793e+14
4849.6011 1.1793e+14 1.1793e+14
4849.6137 1.1793e+14 1.1793e+14
4849.6262 1.1793e+14 1.1793e+14
4849.6387 1.1793e+14 1.1793e+14
4849.6512 1.1793e+14 1.1793e+14
4849.6637 1.1793e+14 1.1793e+14
4849.6763 1.1793e+14 1.1793e+14
4849.6888 1.1793e+14 1.1793e+14
4849.7013 1.1793e+14 1.1793e+14
4849.7138 1.1793e+14 1.1793e+14
4849.7263 1.1793e+14 1.1793e+14
4849.7389 1.1793e+14 1.1793e+14
4849.7514 1.1793e+14 1.1793e+14
4849.7639 1.1793e+14 1.1793e+14
4849.7764 1.1793e+14 1.1793e+14
4849.7889 1.1793e+14 1.1793e+14
4849.8014 1.1793e+14 1.1793e+14
4849.8140 1.1793e+14 1.1793e+14
4849.8265 1.1794e+14 1.1793e+14
4849.8390 1.1794e+14 1.1794e+14
4849.8515 1.1794e+14 1.1794e+14
4849.8640 1.1794e+14 1.1794e+14
4849.8766 1.1794e+14 1.1794e+14
4849.8891 1.1794e+14 1.1794e+14
4849.9016 1.1794e+14 1.1794e+14
4849.9141 1.1794e+14 1.1794e+14
4849.9266 1.1794e+14 1.1794e+14
4849.9392 1.1794e+14 1.1794e+14
4849.9517 1.1794e+14 1.1794e+14
4849.9642 1.1794e+14 1.1794e+14
4849.9767 1.1794e+14 1.1794e+14
4849.9892 1.1794e+14 1.1794e+14
4850.0018 1.1794e+14 1.1794e+14
4850.0143 1.1794e+14 1.1794e+14
4850.0268 1.1794e+14 1.1794e+14
4850.0393 1.1794e+14 1.1794e+14
4850.0518 1.1794e+14 1.1794e+14
4850.0643 1.1794e+14 1.1794e+14
4850.0769 1.1794e+14 1.1794e+14
4850.0894 1.1794e+14 1.1794e+14
4850.1019 1.1794e+14 1.1794e+14
4850.1144 1.1794e+14 1.1794e+14
4850.1269 1.1794e+14 1.1794e+14
4850.1395 1.1794e+14 1.1794e+14
4850.1520 1.1794e+14 1.1794e+14
4850.1645 1.1794e+14 1.1794e+14
4850.1770 1.1794e+14 1.1794e+14
4850.1895 1.1794e+14 1.1794e+14
4850.2021 1.1794e+14 1.1794e+14
4850.2146 1.1794e+14 1.1794e+14
4850.2271 1.1794e+14 1.1794e+14
4850.2396 1.1794e+14 1.1794e+14
4850.2521 1.1795e+14 1.1794e+14
4850.2646 1.1795e+14 1.1794e+14
4850.2772 1.1795e+14 1.1795e+14
4850.2897 1.1795e+14 1.1795e+14
4850.3022 1.1795e+14 1.1795e+14
4850.3147 1.1795e+14 1.1795e+14
4850.3272 1.1795e+14 1.1795e+14
4850.3398 1.1795e+14 1.1795e+14
4850.3523 1.1795e+14 1.1795e+14
4850.3648 1.1795e+14 1.1795e+14
4850.3773 1.1795e+14 1.1795e+14
4850.3898 1.1795e+14 1.1795e+14
4850.4024 1.1795e+14 1.1795e+14
4850.4149 1.1795e+14 1.1795e+14
4850.4274 1.1795e+14 1.1795e+14
4850.4399 1.1795e+14 1.1795e+14
4850.4524 1.1795e+14 1.1795e+14
4850.4649 1.1795e+14 1.1795e+14
4850.4775 1.1795e+14 1.1795e+14
4850.4900 1.1795e+14 1.1795e+14
4850.5025 1.1795e+14 1.1795e+14
4850.5150 1.1795e+14 1.1795e+14
4850.5275 1.1795e+14 1.1795e+14
4850.5401 1.1795e+14 1.1795e+14
4850.5526 1.1795e+14 1.1795e+14
4850.5651 1.1795e+14 1.1795e+14
4850.5776 1.1795e+14 1.1795e+14
4850.5901 1.1795e+14 1.1795e+14
4850.6027 1.1795e+14 1.1795e+14
4850.6152 1.1795e+14 1.1795e+14
4850.6277 1.1795e+14 1.1795e+14
4850.6402 1.1795e+14 1.1795e+14
4850.6527 1.1795e+14 1.1795e+14
4850.6652 1.1795e+14 1.1795e+14
4850.6778 1.1795e+14 1.1795e+14
4850.6903 1.1796e+14 1.1795e+14
4850.7028 1.1796e+14 1.1795e+14
4850.7153 1.1796e+14 1.1796e+14
4850.7278 1.1796e+14 1.1796e+14
4850.7404 1.1796e+14 1.1796e+14
4850.7529 1.1796e+14 1.1796e+14
4850.7654 1.1796e+14 1.1796e+14
4850.7779 1.1796e+14 1.1796e+14
4850.7904 1.1796e+14 1.1796e+14
4850.8030 1.1796e+14 1.1796e+14
4850.8155 1.1796e+14 1.1796e+14
4850.8280 1.1796e+14 1.1796e+14
4850.8405 1.1796e+14 1.1796e+14
4850.8530 1.1796e+14 1.1796e+14
4850.8656 1.1796e+14 1.1796e+14
4850.8781 1.1796e+14 1.1796e+14
4850.8906 1.1796e+14 1.1796e+14
4850.9031 1.1796e+14 1.1796e+14
4850.9156 1.1796e+14 1.1796e+14
4850.9281 1.1796e+14 1.1796e+14
4850.9407 1.1796e+14 1.1796e+14
4850.9532 1.1796e+14 1.1796e+14
4850.9657 1.1796e+14 1.1796e+14
4850.9782 1.1796e+14 1.1796e+14
4850.9907 1.1796e+14 1.1796e+14
4851.0033 1.1796e+14 1.1796e+14
4851.0158 1.1796e+14 1.1796e+14
4851.0283 1.1796e+14 1.1796e+14
4851.0408 1.1796e+14 1.1796e+14
4851.0533 1.1796e+14 1.1796e+14
4851.0659 1.1796e+14 1.1796e+14
4851.0784 1.1796e+14 1.1796e+14
4851.0909 1.1796e+14 1.1796e+14
4851.1034 1.1796e+14 1.1796e+14
4851.1159 1.1797e+14 1.1796e+14
4851.1284 1.1797e+14 1.1796e+14
4851.1410 1.1797e+14 1.1797e+14
4851.1535 1.1797e+14 1.1797e+14
4851.1660 1.1797e+14 1.1797e+14
4851.1785 1.1797e+14 1.1797e+14
4851.1910 1.1797e+14 1.1797e+14
4851.2036 1.1797e+14 1.1797e+14
4851.2161 1.1797e+14 1.1797e+14
4851.2286 1.1797e+14 1.1797e+14
4851.2411 1.1797e+14 1.1797e+14
4851.2536 1.1797e+14 1.1797e+14
4851.2662 1.1797e+14 1.1797e+14
4851.2787 1.1797e+14 1.1797e+14
4851.2912 1.1797e+14 1.1797e+14
4851.3037 1.1797e+14 1.1797e+14
4851.3162 1.1797e+14 1.1797e+14
4851.3287 1.1797e+14 1.1797e+14
4851.3413 1.1797e+14 1.1797e+14
4851.3538 1.1797e+14 1.1797e+14
4851.3663 1.1797e+14 1.1797e+14
4851.3788 1.1797e+14 1.1797e+14
4851.3913 1.1797e+14 1.1797e+14
4851.4039 1.1797e+14 1.1797e+14
4851.4164 1.1797e+14 1.1797e+14
4851.4289 1.1797e+14 1.1797e+14
4851.4414 1.1797e+14 1.1797e+14
4851.4539 1.1797e+14 1.1797e+14
4851.4665 1.1797e+14 1.1797e+14
4851.4790 1.1797e+14 1.1797e+14
4851.4915 1.1797e+14 1.1797e+14
4851.5040 1.1797e+14 1.1797e+14
4851.5165 1.1797e+14 1.1797e+14
4851.5290 1.1797e+14 1.1797e+14
4851.5416 1.1797e+14 1.1797e+14
4851.5541 1.1798e+14 1.1797e+14
4851.5666 1.1798e+14 1.1797e+14
4851.5791 1.1798e+14 1.1798e+14
4851.5916 1.1798e+14 1.1798e+14
4851.6042 1.1798e+14 1.1798e+14
4851.6167 1.1798e+14 1.1798e+14
4851.6292 1.1798e+14 1.1798e+14
4851.6417 1.1798e+14 1.1798e+14
4851.6542 1.1798e+14 1.1798e+14
4851.6668 1.1798e+14 1.1798e+14
4851.6793 1.1798e+14 1.1798e+14
4851.6918 1.1798e+14 1.1798e+14
4851.7043 1.1798e+14 1.1798e+14
4851.7168 1.1798e+14 1.1798e+14
4851.7294 1.1798e+14 1.1798e+14
4851.7419 1.1798e+14 1.1798e+14
4851.7544 1.1798e+14 1.1798e+14
4851.7669 1.1798e+14 1.1798e+14
4851.7794 1.1798e+14 1.1798e+14
4851.7919 1.1798e+14 1.1798e+14
4851.8045 1.1798e+14 1.1798e+14
4851.8170 1.1798e+14 1.1798e+14
4851.8295 1.1798e+14 1.1798e+14
4851.8420 1.1798e+14 1.1798e+14
4851.8545 1.1798e+14 1.1798e+14
4851.8671 1.1798e+14 1.1798e+14
4851.8796 1.1798e+14 1.1798e+14
4851.8921 1.1798e+14 1.1798e+14
4851.9046 1.1798e+14 1.1798e+14
4851.9171 1.1798e+14 1.1798e+14
4851.9297 1.1798e+14 1.1798e+14
4851.9422 1.1798e+14 1.1798e+14
4851.9547 1.1798e+14 1.1798e+14
4851.9672 1.1798e+14 1.1798e+14
4851.9797 1.1798e+14 1.1798e+14
4851.9922 1.1799e+14 1.1798e+14
4852.0048 1.1799e+14 1.1798e+14
4852.0173 1.1799e+14 1.1799e+14
4852.0298 1.1799e+14 1.1799e+14
4852.0423 1.1799e+14 1.1799e+14
4852.0548 1.1799e+14 1.1799e+14
4852.0674 1.1799e+14 1.1799e+14
4852.0799 1.1799e+14 1.1799e+14
4852.0924 1.1799e+14 1.1799e+14
4852.1049 1.1799e+14 1.1799e+14
4852.1174 1.1799e+14 1.1799e+14
4852.1300 1.1799e+14 1.1799e+14
4852.1425 1.1799e+14 1.1799e+14
4852.1550 1.1799e+14 1.1799e+14
4852.1675 1.1799e+14 1.1799e+14
4852.1800 1.1799e+14 1.1799e+14
4852.1925 1.1799e+14 1.1799e+14
4852.2051 1.1799e+14 1.1799e+14
4852.2176 1.1799e+14 1.1799e+14
4852.2301 1.1799e+14 1.1799e+14
4852.2426 1.1799e+14 1.1799e+14
4852.2551 1.1799e+14 1.1799e+14
4852.2677 1.1799e+14 1.1799e+14
4852.2802 1.1799e+14 1.1799e+14
4852.2927 1.1799e+14 1.1799e+14
4852.3052 1.1799e+14 1.1799e+14
4852.3177 1.1799e+14 1.1799e+14
4852.3303 1.1799e+14 1.1799e+14
4852.3428 1.1799e+14 1.1799e+14
4852.3553 1.1799e+14 1.1799e+14
4852.3678 1.1799e+14 1.1799e+14
4852.3803 1.1799e+14 1.1799e+14
4852.3928 1.1799e+14 1.1799e+14
4852.4054 1.1799e+14 1.1799e+14
4852.4179 1.1799e+14 1.1799e+14
4852.4304 1.1800e+14 1.1799e+14
4852.4429 1.1800e+14 1.1799e+14
4852.4554 1.1800e+14 1.1800e+14
4852.4680 1.1800e+14 1.1800e+14
4852.4805 1.1800e+14 1.1800e+14
4852.4930 1.1800e+14 1.1800e+14
4852.5055 1.1800e+14 1.1800e+14
4852.5180 1.1800e+14 1.1800e+14
4852.5306 1.1800e+14 1.1800e+14
4852.5431 1.1800e+14 1.1800e+14
4852.5556 1.1800e+14 1.1800e+14
4852.5681 1.1800e+14 1.1800e+14
4852.5806 1.1800e+14 1.1800e+14
4852.5931 1.1800e+14 1.1800e+14
4852.6057 1.1800e+14 1.1800e+14
4852.6182 1.1800e+14 1.1800e+14
4852.6307 1.1800e+14 1.1800e+14
4852.6432 1.1800e+14 1.1800e+14
4852.6557 1.1800e+14 1.1800e+14
4852.6683 1.1800e+14 1.1800e+14
4852.6808 1.1800e+14 1.1800e+14
4852.6933 1.1800e+14 1.1800e+14
4852.7058 1.1800e+14 1.1800e+14
4852.7183 1.1800e+14 1.1800e+14
4852.7309 1.1800e+14 1.1800e+14
4852.7434 1.1800e+14 1.1800e+14
4852.7559 1.1800e+14 1.1800e+14
4852.7684 1.1800e+14 1.1800e+14
4852.7809 1.1800e+14 1.1800e+14
4852.7935 1.1800e+14 1.1800e+14
4852.8060 1.1800e+14 1.1800e+14
4852.8185 1.1800e+14 1.1800e+14
4852.8310 1.1800e+14 1.1800e+14
4852.8435 1.1800e+14 1.1800e+14
4852.8560 1.1801e+14 1.1800e+14
4852.8686 1.1801e+14 1.1800e+14
4852.8811 1.1801e+14 1.1801e+14
4852.8936 1.1801e+14 1.1801e+14
4852.9061 1.1801e+14 1.1801e+14
4852.9186 1.1801e+14 1.1801e+14
4852.9312 1.1801e+14 1.1801e+14
4852.9437 1.1801e+14 1.1801e+14
4852.9562 1.1801e+14 1.1801e+14
4852.9687 1.1801e+14 1.1801e+14
4852.9812 1.1801e+14 1.1801e+14
4852.9938 1.1801e+14 1.1801e+14
4853.0063 1.1801e+14 1.1801e+14
4853.0188 1.1801e+14 1.1801e+14
4853.0313 1.1801e+14 1.1801e+14
4853.0438 1.1801e+14 1.1801e+14
4853.0563 1.1801e+14 1.1801e+14
4853.0689 1.1801e+14 1.1801e+14
4853.0814 1.1801e+14 1.1801e+14
4853.0939 1.1801e+14 1.1801e+14
4853.1064 1.1801e+14 1.1801e+14
4853.1189 1.1801e+14 1.1801e+14
4853.1315 1.1801e+14 1.1801e+14
4853.1440 1.1801e+14 1.1801e+14
4853.1565 1.1801e+14 1.1801e+14
4853.1690 1.1801e+14 1.1801e+14
4853.1815 1.1801e+14 1.1801e+14
4853.1941 1.1801e+14 1.1801e+14
4853.2066 1.1801e+14 1.1801e+14
4853.2191 1.1801e+14 1.1801e+14
4853.2316 1.1801e+14 1.1801e+14
4853.2441 1.1801e+14 1.1801e+14
4853.2566 1.1801e+14 1.1801e+14
4853.2692 1.1801e+14 1.1801e+14
4853.2817 1.1801e+14 1.1801e+14
4853.2942 1.1802e+14 1.1801e+14
4853.3067 1.1802e+14 1.1801e+14
4853.3192 1.1802e+14 1.1802e+14
4853.3318 1.1802e+14 1.1802e+14
4853.3443 1.1802e+14 1.1802e+14
4853.3568 1.1802e+14 1.1802e+14
4853.3693 1.1802e+14 1.1802e+14
4853.3818 1.1802e+14 1.1802e+14
4853.3944 1.1802e+14 1.1802e+14
4853.4069 1.1802e+14 1.1802e+14
4853.4194 1.1802e+14 1.1802e+14
4853.4319 1.1802e+14 1.1802e+14
4853.4444 1.1802e+14 1.1802e+14
4853.4569 1.1802e+14 1.1802e+14
4853.4695 1.1802e+14 1.1802e+14
4853.4820 1.1802e+14 1.1802e+14
4853.4945 1.1802e+14 1.1802e+14
4853.5070 1.1802e+14 1.1802e+14
4853.5195 1.1802e+14 1.1802e+14
4853.5321 1.1802e+14 1.1802e+14
4853.5446 1.1802e+14 1.1802e+14
4853.5571 1.1802e+14 1.1802e+14
4853.5696 1.1802e+14 1.1802e+14
4853.5821 1.1802e+14 1.1802e+14
4853.5947 1.1802e+14 1.1802e+14
4853.6072 1.1802e+14 1.1802e+14
4853.6197 1.1802e+14 1.1802e+14
4853.6322 1.1802e+14 1.1802e+14
4853.6447 1.1802e+14 1.1802e+14
4853.6573 1.1802e+14 1.1802e+14
4853.6698 1.1802e+14 1.1802e+14
4853.6823 1.1802e+14 1.1802e+14
4853.6948 1.1802e+14 1.1802e+14
4853.7073 1.1802e+14 1.1802e+14
4853.7198 1.1802e+14 1.1802e+14
4853.7324 1.1803e+14 1.1802e+14
4853.7449 1.1803e+14 1.1802e+14
4853.7574 1.1803e+14 1.1803e+14
4853.7699 1.1803e+14 1.1803e+14
4853.7824 1.1803e+14 1.1803e+14
4853.7950 1.1803e+14 1.1803e+14
4853.8075 1.1803e+14 1.1803e+14
4853.8200 1.1803e+14 1.1803e+14
4853.8325 1.1803e+14 1.1803e+14
4853.8450 1.1803e+14 1.1803e+14
4853.8576 1.1803e+14 1.1803e+14
4853.8701 1.1803e+14 1.1803e+14
4853.8826 1.1803e+14 1.1803e+14
4853.8951 1.1803e+14 1.1803e+14
4853.9076 1.1803e+14 1.1803e+14
4853.9201 1.1803e+14 1.1803e+14
4853.9327 1.1803e+14 1.1803e+14
4853.9452 1.1803e+14 1.1803e+14
4853.9577 1.1803e+14 1.1803e+14
4853.9702 1.1803e+14 1.1803e+14
4853.9827 1.1803e+14 1.1803e+14
4853.9953 1.1803e+14 1.1803e+14
4854.0078 1.1803e+14 1.1803e+14
4854.0203 1.1803e+14 1.1803e+14
4854.0328 1.1803e+14 1.1803e+14
4854.0453 1.1803e+14 1.1803e+14
4854.0579 1.1803e+14 1.1803e+14
4854.0704 1.1803e+14 1.1803e+14
4854.0829 1.1803e+14 1.1803e+14
4854.0954 1.1803e+14 1.1803e+14
4854.1079 1.1803e+14 1.1803e+14
4854.1204 1.1803e+14 1.1803e+14
4854.1330 1.1803e+14 1.1803e+14
4854.1455 1.1803e+14 1.1803e+14
4854.1580 1.1803e+14 1.1803e+14
4854.1705 1.1804e+14 1.1803e+14
4854.1830 1.1804e+14 1.1803e+14
4854.1956 1.1804e+14 1.1804e+14
4854.2081 1.1804e+14 1.1804e+14
4854.2206 1.1804e+14 1.1804e+14
4854.2331 1.1804e+14 1.1804e+14
4854.2456 1.1804e+14 1.1804e+14
4854.2582 1.1804e+14 1.1804e+14
4854.2707 1.1804e+14 1.1804e+14
4854.2832 1.1804e+14 1.1804e+14
4854.2957 1.1804e+14 1.1804e+14
4854.3082 1.1804e+14 1.1804e+14
4854.3207 1.1804e+14 1.1804e+14
4854.3333 1.1804e+14 1.1804e+14
4854.3458 1.1804e+14 1.1804e+14
4854.3583 1.1804e+14 1.1804e+14
4854.3708 1.1804e+14 1.1804e+14
4854.3833 1.1804e+14 1.1804e+14
4854.3959 1.1804e+14 1.1804e+14
4854.4084 1.1804e+14 1.1804e+14
4854.4209 1.1804e+14 1.1804e+14
4854.4334 1.1804e+14 1.1804e+14
4854.4459 1.1804e+14 1.1804e+14
4854.4585 1.1804e+14 1.1804e+14
4854.4710 1.1804e+14 1.1804e+14
4854.4835 1.1804e+14 1.1804e+14
4854.4960 1.1804e+14 1.1804e+14
4854.5085 1.1804e+14 1.1804e+14
4854.5211 1.1804e+14 1.1804e+14
4854.5336 1.1804e+14 1.1804e+14
4854.5461 1.1804e+14 1.1804e+14
4854.5586 1.1804e+14 1.1804e+14
4854.5711 1.1804e+14 1.1804e+14
4854.5836 1.1804e+14 1.1804e+14
4854.5962 1.1805e+14 1.1804e+14
4854.6087 1.1805e+14 1.1804e+14
4854.6212 1.1805e+14 1.1804e+14
4854.6337 1.1805e+14 1.1805e+14
4854.6462 1.1805e+14 1.1805e+14
4854.6588 1.1805e+14 1.1805e+14
4854.6713 1.1805e+14 1.1805e+14
4854.6838 1.1805e+14 1.1805e+14
4854.6963 1.1805e+14 1.1805e+14
4854.7088 1.1805e+14 1.1805e+14
4854.7214 1.1805e+14 1.1805e+14
4854.7339 1.1805e+14 1.1805e+14
4854.7464 1.1805e+14 1.1805e+14
4854.7589 1.1805e+14 1.1805e+14
4854.7714 1.1805e+14 1.1805e+14
4854.7839 1.1805e+14 1.1805e+14
4854.7965 1.1805e+14 1.1805e+14
4854.8090 1.1805e+14 1.1805e+14
4854.8215 1.1805e+14 1.1805e+14
4854.8340 1.1805e+14 1.1805e+14
4854.8465 1.1805e+14 1.1805e+14
4854.8591 1.1805e+14 1.1805e+14
4854.8716 1.1805e+14 1.1805e+14
4854.8841 1.1805e+14 1.1805e+14
4854.8966 1.1805e+14 1.1805e+14
4854.9091 1.1805e+14 1.1805e+14
4854.9217 1.1805e+14 1.1805e+14
4854.9342 1.1805e+14 1.1805e+14
4854.9467 1.1805e+14 1.1805e+14
4854.9592 1.1805e+14 1.1805e+14
4854.9717 1.1805e+14 1.1805e+14
4854.9842 1.1805e+14 1.1805e+14
4854.9968 1.1805e+14 1.1805e+14
4855.0093 1.1805e+14 1.1805e+14
4855.0218 1.1805e+14 1.1805e+14
4855.0343 1.1806e+14 1.1805e+14
4855.0468 1.1806e+14 1.1805e+14
4855.0594 1.1806e+14 1.1805e+14
4855.0719 1.1806e+14 1.1806e+14
4855.0844 1.1806e+14 1.1806e+14
4855.0969 1.1806e+14 1.1806e+14
4855.1094 1.1806e+14 1.1806e+14
4855.1220 1.1806e+14 1.1806e+14
4855.1345 1.1806e+14 1.1806e+14
4855.1470 1.1806e+14 1.1806e+14
4855.1595 1.1806e+14 1.1806e+14
4855.1720 1.1806e+14 1.1806e+14
4855.1845 1.1806e+14 1.1806e+14
4855.1971 1.1806e+14 1.1806e+14
4855.2096 1.1806e+14 1.1806e+14
4855.2221 1.1806e+14 1.1806e+14
4855.2346 1.1806e+14 1.1806e+14
4855.2471 1.1806e+14 1.1806e+14
4855.2597 1.1806e+14 1.1806e+14
4855.2722 1.1806e+14 1.1806e+14
4855.2847 1.1806e+14 1.1806e+14
4855.2972 1.1806e+14 1.1806e+14
4855.3097 1.1806e+14 1.1806e+14
4855.3223 1.1806e+14 1.1806e+14
4855.3348 1.1806e+14 1.1806e+14
4855.3473 1.1806e+14 1.1806e+14
4855.3598 1.1806e+14 1.1806e+14
4855.3723 1.1806e+14 1.1806e+14
4855.3849 1.1806e+14 1.1806e+14
4855.3974 1.1806e+14 1.1806e+14
4855.4099 1.1806e+14 1.1806e+14
4855.4224 1.1806e+14 1.1806e+14
4855.4349 1.1806e+14 1.1806e+14
4855.4474 1.1806e+14 1.1806e+14
4855.4600 1.1806e+14 1.1806e+14
4855.4725 1.1807e+14 1.1806e+14
4855.4850 1.1807e+14 1.1806e+14
4855.4975 1.1807e+14 1.1806e+14
4855.5100 1.1807e+14 1.1807e+14
4855.5226 1.1807e+14 1.1807e+14
4855.5351 1.1807e+14 1.1807e+14
4855.5476 1.1807e+14 1.1807e+14
4855.5601 1.1807e+14 1.1807e+14
4855.5726 1.1807e+14 1.1807e+14
4855.5852 1.1807e+14 1.1807e+14
4855.5977 1.1807e+14 1.1807e+14
4855.6102 1.1807e+14 1.1807e+14
4855.6227 1.1807e+14 1.1807e+14
4855.6352 1.1807e+14 1.1807e+14
4855.6477 1.1807e+14 1.1807e+14
4855.6603 1.1807e+14 1.1807e+14
4855.6728 1.1807e+14 1.1807e+14
4855.6853 1.1807e+14 1.1807e+14
4855.6978 1.1807e+14 1.1807e+14
4855.7103 1.1807e+14 1.1807e+14
4855.7229 1.1807e+14 1.1807e+14
4855.7354 1.1807e+14 1.1807e+14
4855.7479 1.1807e+14 1.1807e+14
4855.7604 1.1807e+14 1.1807e+14
4855.7729 1.1807e+14 1.1807e+14
4855.7855 1.1807e+14 1.1807e+14
4855.7980 1.1807e+14 1.1807e+14
4855.8105 1.1807e+14 1.1807e+14
4855.8230 1.1807e+14 1.1807e+14
4855.8355 1.1807e+14 1.1807e+14
4855.8480 1.1807e+14 1.1807e+14
4855.8606 1.1807e+14 1.1807e+14
4855.8731 1.1807e+14 1.1807e+14
4855.8856 1.1807e+14 1.1807e+14
4855.8981 1.1807e+14 1.1807e+14
4855.9106 1.1808e+14 1.1807e+14
4855.9232 1.1808e+14 1.1807e+14
4855.9357 1.1808e+14 1.1807e+14
4855.9482 1.1808e+14 1.1808e+14
4855.9607 1.1808e+14 1.1808e+14
4855.9732 1.1808e+14 1.1808e+14
4855.9858 1.1808e+14 1.1808e+14
4855.9983 1.1808e+14 1.1808e+14
4856.0108 1.1808e+14 1.1808e+14
4856.0233 1.1808e+14 1.1808e+14
4856.0358 1.1808e+14 1.1808e+14
4856.0483 1.1808e+14 1.1808e+14
4856.0609 1.1808e+14 1.1808e+14
4856.0734 1.1808e+14 1.1808e+14
4856.0859 1.1808e+14 1.1808e+14
4856.0984 1.1808e+14 1.1808e+14
4856.1109 1.1808e+14 1.1808e+14
4856.1235 1.1808e+14 1.1808e+14
4856.1360 1.1808e+14 1.1808e+14
4856.1485 1.1808e+14 1.1808e+14
4856.1610 1.1808e+14 1.1808e+14
4856.1735 1.1808e+14 1.1808e+14
4856.1861 1.1808e+14 1.1808e+14
4856.1986 1.1808e+14 1.1808e+14
4856.2111 1.1808e+14 1.1808e+14
4856.2236 1.1808e+14 1.1808e+14
4856.2361 1.1808e+14 1.1808e+14
4856.2486 1.1808e+14 1.1808e+14
4856.2612 1.1808e+14 1.1808e+14
4856.2737 1.1808e+14 1.1808e+14
4856.2862 1.1808e+14 1.1808e+14
4856.2987 1.1808e+14 1.1808e+14
4856.3112 1.1808e+14 1.1808e+14
4856.3238 1.1808e+14 1.1808e+14
4856.3363 1.1808e+14 1.1808e+14
4856.3488 1.1809e+14 1.1808e+14
4856.3613 1.1809e+14 1.1808e+14
4856.3738 1.1809e+14 1.1808e+14
4856.3864 1.1809e+14 1.1809e+14
4856.3989 1.1809e+14 1.1809e+14
4856.4114 1.1809e+14 1.1809e+14
4856.4239 1.1809e+14 1.1809e+14
4856.4364 1.1809e+14 1.1809e+14
4856.4490 1.1809e+14 1.1809e+14
4856.4615 1.1809e+14 1.1809e+14
4856.4740 1.1809e+14 1.1809e+14
4856.4865 1.1809e+14 1.1809e+14
4856.4990 1.1809e+14 1.1809e+14
4856.5115 1.1809e+14 1.1809e+14
4856.5241 1.1809e+14 1.1809e+14
4856.5366 1.1809e+14 1.1809e+14
4856.5491 1.1809e+14 1.1809e+14
4856.5616 1.1809e+14 1.1809e+14
4856.5741 1.1809e+14 1.1809e+14
4856.5867 1.1809e+14 1.1809e+14
4856.5992 1.1809e+14 1.1809e+14
4856.6117 1.1809e+14 1.1809e+14
4856.6242 1.1809e+14 1.1809e+14
4856.6367 1.1809e+14 1.1809e+14
4856.6493 1.1809e+14 1.1809e+14
4856.6618 1.1809e+14 1.1809e+14
4856.6743 1.1809e+14 1.1809e+14
4856.6868 1.1809e+14 1.1809e+14
4856.6993 1.1809e+14 1.1809e+14
4856.7118 1.1809e+14 1.1809e+14
4856.7244 1.1809e+14 1.1809e+14
4856.7369 1.1809e+14 1.1809e+14
4856.7494 1.1809e+14 1.1809e+14
4856.7619 1.1809e+14 1.1809e+14
4856.7744 1.1809e+14 1.1809e+14
4856.7870 1.1810e+14 1.1809e+14
4856.7995 1.1810e+14 1.1809e+14
4856.8120 1.1810e+14 1.1810e+14
4856.8245 1.1810e+14 1.1810e+14
4856.8370 1.1810e+14 1.1810e+14
4856.8496 1.1810e+14 1.1810e+14
4856.8621 1.1810e+14 1.1810e+14
4856.8746 1.1810e+14 1.1810e+14
4856.8871 1.1810e+14 1.1810e+14
4856.8996 1.1810e+14 1.1810e+14
4856.9121 1.1810e+14 1.1810e+14
4856.9247 1.1810e+14 1.1810e+14
4856.9372 1.1810e+14 1.1810e+14
4856.9497 1.1810e+14 1.1810e+14
4856.9622 1.1810e+14 1.1810e+14
4856.9747 1.1810e+14 1.1810e+14
4856.9873 1.1810e+14 1.1810e+14
4856.9998 1.1810e+14 1.1810e+14
4857.0123 1.1810e+14 1.1810e+14
4857.0248 1.1810e+14 1.1810e+14
4857.0373 1.1810e+14 1.1810e+14
4857.0499 1.1810e+14 1.1810e+14
4857.0624 1.1810e+14 1.1810e+14
4857.0749 1.1810e+14 1.1810e+14
4857.0874 1.1810e+14 1.1810e+14
4857.0999 1.1810e+14 1.1810e+14
4857.1124 1.1810e+14 1.1810e+14
4857.1250 1.1810e+14 1.1810e+14
4857.1375 1.1810e+14 1.1810e+14
4857.1500 1.1810e+14 1.1810e+14
4857.1625 1.1810e+14 1.1810e+14
4857.1750 1.1810e+14 1.1810e+14
4857.1876 1.1810e+14 1.1810e+14
4857.2001 1.1810e+14 1.1810e+14
4857.2126 1.1810e+14 1.1810e+14
4857.2251 1.1811e+14 1.1810e+14
4857.2376 1.1811e+14 1.1810e+14
4857.2502 1.1811e+14 1.1811e+14
4857.2627 1.1811e+14 1.1811e+14
4857.2752 1.1811e+14 1.1811e+14
4857.2877 1.1811e+14 1.1811e+14
4857.3002 1.1811e+14 1.1811e+14
4857.3128 1.1811e+14 1.1811e+14
4857.3253 1.1811e+14 1.1811e+14
4857.3378 1.1811e+14 1.1811e+14
4857.3503 1.1811e+14 1.1811e+14
4857.3628 1.1811e+14 1.1811e+14
4857.3753 1.1811e+14 1.1811e+14
4857.3879 1.1811e+14 1.1811e+14
4857.4004 1.1811e+14 1.1811e+14
4857.4129 1.1811e+14 1.1811e+14
4857.4254 1.1811e+14 1.1811e+14
4857.4379 1.1811e+14 1.1811e+14
4857.4505 1.1811e+14 1.1811e+14
4857.4630 1.1811e+14 1.1811e+14
4857.4755 1.1811e+14 1.1811e+14
4857.4880 1.1811e+14 1.1811e+14
4857.5005 1.1811e+14 1.1811e+14
4857.5131 1.1811e+14 1.1811e+14
4857.5256 1.1811e+14 1.1811e+14
4857.5381 1.1811e+14 1.1811e+14
4857.5506 1.1811e+14 1.1811e+14
4857.5631 1.1811e+14 1.1811e+14
4857.5756 1.1811e+14 1.1811e+14
4857.5882 1.1811e+14 1.1811e+14
4857.6007 1.1811e+14 1.1811e+14
4857.6132 1.1811e+14 1.1811e+14
4857.6257 1.1811e+14 1.1811e+14
4857.6382 1.1811e+14 1.1811e+14
4857.6508 1.1811e+14 1.1811e+14
4857.6633 1.1812e+14 1.1811e+14
4857.6758 1.1812e+14 1.1811e+14
4857.6883 1.1812e+14 1.1812e+14
4857.7008 1.1812e+14 1.1812e+14
4857.7134 1.1812e+14 1.1812e+14
4857.7259 1.1812e+14 1.1812e+14
4857.7384 1.1812e+14 1.1812e+14
4857.7509 1.1812e+14 1.1812e+14
4857.7634 1.1812e+14 1.1812e+14
4857.7759 1.1812e+14 1.1812e+14
4857.7885 1.1812e+14 1.1812e+14
4857.8010 1.1812e+14 1.1812e+14
4857.8135 1.1812e+14 1.1812e+14
4857.8260 1.1812e+14 1.1812e+14
4857.8385 1.1812e+14 1.1812e+14
4857.8511 1.1812e+14 1.1812e+14
4857.8636 1.1812e+14 1.1812e+14
4857.8761 1.1812e+14 1.1812e+14
4857.8886 1.1812e+14 1.1812e+14
4857.9011 1.1812e+14 1.1812e+14
4857.9137 1.1812e+14 1.1812e+14
4857.9262 1.1812e+14 1.1812e+14
4857.9387 1.1812e+14 1.1812e+14
4857.9512 1.1812e+14 1.1812e+14
4857.9637 1.1812e+14 1.1812e+14
4857.9762 1.1812e+14 1.1812e+14
4857.9888 1.1812e+14 1.1812e+14
4858.0013 1.1812e+14 1.1812e+14
4858.0138 1.1812e+14 1.1812e+14
4858.0263 1.1812e+14 1.1812e+14
4858.0388 1.1812e+14 1.1812e+14
4858.0514 1.1812e+14 1.1812e+14
4858.0639 1.1812e+14 1.1812e+14
4858.0764 1.1812e+14 1.1812e+14
4858.0889 1.1812e+14 1.1812e+14
4858.1014 1.1813e+14 1.1812e+14
4858.1140 1.1813e+14 1.1812e+14
4858.1265 1.1813e+14 1.1813e+14
4858.1390 1.1813e+14 1.1813e+14
4858.1515 1.1813e+14 1.1813e+14
4858.1640 1.1813e+14 1.1813e+14
4858.1766 1.1813e+14 1.1813e+14
4858.1891 1.1813e+14 1.1813e+14
4858.2016 1.1813e+14 1.1813e+14
4858.2141 1.1813e+14 1.1813e+14
4858.2266 1.1813e+14 1.1813e+14
4858.2391 1.1813e+14 1.1813e+14
4858.2517 1.1813e+14 1.1813e+14
4858.2642 1.1813e+14 1.1813e+14
4858.2767 1.1813e+14 1.1813e+14
4858.2892 1.1813e+14 1.1813e+14
4858.3017 1.1813e+14 1.1813e+14
4858.3143 1.1813e+14 1.1813e+14
4858.3268 1.1813e+14 1.1813e+14
4858.3393 1.1813e+14 1.1813e+14
4858.3518 1.1813e+14 1.1813e+14
4858.3643 1.1813e+14 1.1813e+14
4858.3769 1.1813e+14 1.1813e+14
4858.3894 1.1813e+14 1.1813e+14
4858.4019 1.1813e+14 1.1813e+14
4858.4144 1.1813e+14 1.1813e+14
4858.4269 1.1813e+14 1.1813e+14
4858.4394 1.1813e+14 1.1813e+14
4858.4520 1.1813e+14 1.1813e+14
4858.4645 1.1813e+14 1.1813e+14
4858.4770 1.1813e+14 1.1813e+14
4858.4895 1.1813e+14 1.1813e+14
4858.5020 1.1813e+14 1.1813e+14
4858.5146 1.1813e+14 1.1813e+14
4858.5271 1.1813e+14 1.1813e+14
4858.5396 1.1814e+14 1.1813e+14
4858.5521 1.1814e+14 1.1813e+14
4858.5646 1.1814e+14 1.1813e+14
4858.5772 1.1814e+14 1.1814e+14
4858.5897 1.1814e+14 1.1814e+14
4858.6022 1.1814e+14 1.1814e+14
4858.6147 1.1814e+14 1.1814e+14
4858.6272 1.1814e+14 1.1814e+14
4858.6397 1.1814e+14 1.1814e+14
4858.6523 1.1814e+14 1.1814e+14
4858.6648 1.1814e+14 1.1814e+14
4858.6773 1.1814e+14 1.1814e+14
4858.6898 1.1814e+14 1.1814e+14
4858.7023 1.1814e+14 1.1814e+14
4858.7149 1.1814e+14 1.1814e+14
4858.7274 1.1814e+14 1.1814e+14
4858.7399 1.1814e+14 1.1814e+14
4858.7524 1.1814e+14 1.1814e+14
4858.7649 1.1814e+14 1.1814e+14
4858.7775 1.1814e+14 1.1814e+14
4858.7900 1.1814e+14 1.1814e+14
4858.8025 1.1814e+14 1.1814e+14
4858.8150 1.1814e+14 1.1814e+14
4858.8275 1.1814e+14 1.1814e+14
4858.8400 1.1814e+14 1.1814e+14
4858.8526 1.1814e+14 1.1814e+14
4858.8651 1.1814e+14 1.1814e+14
4858.8776 1.1814e+14 1.1814e+14
4858.8901 1.1814e+14 1.1814e+14
4858.9026 1.1814e+14 1.1814e+14
4858.9152 1.1814e+14 1.1814e+14
4858.9277 1.1814e+14 1.1814e+14
4858.9402 1.1814e+14 1.1814e+14
4858.9527 1.1814e+14 1.1814e+14
4858.9652 1.1814e+14 1.1814e+14
4858.9778 1.1815e+14 1.1814e+14
4858.9903 1.1815e+14 1.1814e+14
4859.0028 1.1815e+14 1.1814e+14
4859.0153 1.1815e+14 1.1815e+14
4859.0278 1.1815e+14 1.1815e+14
4859.0404 1.1815e+14 1.1815e+14
4859.0529 1.1815e+14 1.1815e+14
4859.0654 1.1815e+14 1.1815e+14
4859.0779 1.1815e+14 1.1815e+14
4859.0904 1.1815e+14 1.1815e+14
4859.1029 1.1815e+14 1.1815e+14
4859.1155 1.1815e+14 1.1815e+14
4859.1280 1.1815e+14 1.1815e+14
4859.1405 1.1815e+14 1.1815e+14
4859.1530 1.1815e+14 1.1815e+14
4859.1655 1.1815e+14 1.1815e+14
4859.1781 1.1815e+14 1.1815e+14
4859.1906 1.1815e+14 1.1815e+14
4859.2031 1.1815e+14 1.1815e+14
4859.2156 1.1815e+14 1.1815e+14
4859.2281 1.1815e+14 1.1815e+14
4859.2407 1.1815e+14 1.1815e+14
4859.2532 1.1815e+14 1.1815e+14
4859.2657 1.1815e+14 1.1815e+14
4859.2782 1.1815e+14 1.1815e+14
4859.2907 1.1815e+14 1.1815e+14
4859.3032 1.1815e+14 1.1815e+14
4859.3158 1.1815e+14 1.1815e+14
4859.3283 1.1815e+14 1.1815e+14
4859.3408 1.1815e+14 1.1815e+14
4859.3533 1.1815e+14 1.1815e+14
4859.3658 1.1815e+14 1.1815e+14
4859.3784 1.1815e+14 1.1815e+14
4859.3909 1.1815e+14 1.1815e+14
4859.4034 1.1815e+14 1.1815e+14
4859.4159 1.1816e+14 1.1815e+14
4859.4284 1.1816e+14 1.1815e+14
4859.4410 1.1816e+14 1.1815e+14
4859.4535 1.1816e+14 1.1816e+14
4859.4660 1.1816e+14 1.1816e+14
4859.4785 1.1816e+14 1.1816e+14
4859.4910 1.1816e+14 1.1816e+14
4859.5035 1.1816e+14 1.1816e+14
4859.5161 1.1816e+14 1.1816e+14
4859.5286 1.1816e+14 1.1816e+14
4859.5411 1.1816e+14 1.1816e+14
4859.5536 1.1816e+14 1.1816e+14
4859.5661 1.1816e+14 1.1816e+14
4859.5787 1.1816e+14 1.1816e+14
4859.5912 1.1816e+14 1.1816e+14
4859.6037 1.1816e+14 1.1816e+14
4859.6162 1.1816e+14 1.1816e+14
4859.6287 1.1816e+14 1.1816e+14
4859.6413 1.1816e+14 1.1816e+14
4859.6538 1.1816e+14 1.1816e+14
4859.6663 1.1816e+14 1.1816e+14
4859.6788 1.1816e+14 1.1816e+14
4859.6913 1.1816e+14 1.1816e+14
4859.7038 1.1816e+14 1.1816e+14
4859.7164 1.1816e+14 1.1816e+14
4859.7289 1.1816e+14 1.1816e+14
4859.7414 1.1816e+14 1.1816e+14
4859.7539 1.1816e+14 1.1816e+14
4859.7664 1.1816e+14 1.1816e+14
4859.7790 1.1816e+14 1.1816e+14
4859.7915 1.1816e+14 1.1816e+14
4859.8040 1.1816e+14 1.1816e+14
4859.8165 1.1816e+14 1.1816e+14
4859.8290 1.1816e+14 1.1816e+14
4859.8416 1.1816e+14 1.1816e+14
4859.8541 1.1817e+14 1.1816e+14
4859.8666 1.1817e+14 1.1816e+14
4859.8791 1.1817e+14 1.1816e+14
4859.8916 1.1817e+14 1.1817e+14
4859.9041 1.1817e+14 1.1817e+14
4859.9167 1.1817e+14 1.1817e+14
4859.9292 1.1817e+14 1.1817e+14
4859.9417 1.1817e+14 1.1817e+14
4859.9542 1.1817e+14 1.1817e+14
4859.9667 1.1817e+14 1.1817e+14
4859.9793 1.1817e+14 1.1817e+14
4859.9918 1.1817e+14 1.1817e+14
4860.0043 1.1817e+14 1.1817e+14
4860.0168 1.1817e+14 1.1817e+14
4860.0293 1.1817e+14 1.1817e+14
4860.0419 1.1817e+14 1.1817e+14
4860.0544 1.1817e+14 1.1817e+14
4860.0669 1.1817e+14 1.1817e+14
4860.0794 1.1817e+14 1.1817e+14
4860.0919 1.1817e+14 1.1817e+14
4860.1045 1.1817e+14 1.1817e+14
4860.1170 1.1817e+14 1.1817e+14
4860.1295 1.1817e+14 1.1817e+14
4860.1420 1.1817e+14 1.1817e+14
4860.1545 1.1817e+14 1.1817e+14
4860.1670 1.1817e+14 1.1817e+14
4860.1796 1.1817e+14 1.1817e+14
4860.1921 1.1817e+14 1.1817e+14
4860.2046 1.1817e+14 1.1817e+14
4860.2171 1.1817e+14 1.1817e+14
4860.2296 1.1817e+14 1.1817e+14
4860.2422 1.1817e+14 1.1817e+14
4860.2547 1.1817e+14 1.1817e+14
4860.2672 1.1817e+14 1.1817e+14
4860.2797 1.1817e+14 1.1817e+14
4860.2922 1.1818e+14 1.1817e+14
4860.3048 1.1818e+14 1.1817e+14
4860.3173 1.1818e+14 1.1817e+14
4860.3298 1.1818e+14 1.1818e+14
4860.3423 1.1818e+14 1.1818e+14
4860.3548 1.1818e+14 1.1818e+14
4860.3673 1.1818e+14 1.1818e+14
4860.3799 1.1818e+14 1.1818e+14
4860.3924 1.1818e+14 1.1818e+14
4860.4049 1.1818e+14 1.1818e+14
4860.4174 1.1818e+14 1.1818e+14
4860.4299 1.1818e+14 1.1818e+14
4860.4425 1.1818e+14 1.1818e+14
4860.4550 1.1818e+14 1.1818e+14
4860.4675 1.1818e+14 1.1818e+14
4860.4800 1.1818e+14 1.1818e+14
4860.4925 1.1818e+14 1.1818e+14
4860.5051 1.1818e+14 1.1818e+14
4860.5176 1.1818e+14 1.1818e+14
4860.5301 1.1818e+14 1.1818e+14
4860.5426 1.1818e+14 1.1818e+14
4860.5551 1.1818e+14 1.1818e+14
4860.5676 1.1818e+14 1.1818e+14
4860.5802 1.1818e+14 1.1818e+14
4860.5927 1.1818e+14 1.1818e+14
4860.6052 1.1818e+14 1.1818e+14
4860.6177 1.1818e+14 1.1818e+14
4860.6302 1.1818e+14 1.1818e+14
4860.6428 1.1818e+14 1.1818e+14
4860.6553 1.1818e+14 1.1818e+14
4860.6678 1.1818e+14 1.1818e+14
4860.6803 1.1818e+14 1.1818e+14
4860.6928 1.1818e+14 1.1818e+14
4860.7054 1.1818e+14 1.1818e+14
4860.7179 1.1818e+14 1.1818e+14
4860.7304 1.1819e+14 1.1818e+14
4860.7429 1.1819e+14 1.1818e+14
4860.7554 1.1819e+14 1.1818e+14
4860.7679 1.1819e+14 1.1819e+14
4860.7805 1.1819e+14 1.1819e+14
4860.7930 1.1819e+14 1.1819e+14
4860.8055 1.1819e+14 1.1819e+14
4860.8180 1.1819e+14 1.1819e+14
4860.8305 1.1819e+14 1.1819e+14
4860.8431 1.1819e+14 1.1819e+14
4860.8556 1.1819e+14 1.1819e+14
4860.8681 1.1819e+14 1.1819e+14
4860.8806 1.1819e+14 1.1819e+14
4860.8931 1.1819e+14 1.1819e+14
4860.9057 1.1819e+14 1.1819e+14
4860.9182 1.1819e+14 1.1819e+14
4860.9307 1.1819e+14 1.1819e+14
4860.9432 1.1819e+14 1.1819e+14
4860.9557 1.1819e+14 1.1819e+14
4860.9683 1.1819e+14 1.1819e+14
4860.9808 1.1819e+14 1.1819e+14
4860.9933 1.1819e+14 1.1819e+14
4861.0058 1.1819e+14 1.1819e+14
4861.0183 1.1819e+14 1.1819e+14
4861.0308 1.1819e+14 1.1819e+14
4861.0434 1.1819e+14 1.1819e+14
4861.0559 1.1819e+14 1.1819e+14
4861.0684 1.1819e+14 1.1819e+14
4861.0809 1.1819e+14 1.1819e+14
4861.0934 1.1819e+14 1.1819e+14
4861.1060 1.1819e+14 1.1819e+14
4861.1185 1.1819e+14 1.1819e+14
4861.1310 1.1819e+14 1.1819e+14
4861.1435 1.1819e+14 1.1819e+14
4861.1560 1.1819e+14 1.1819e+14
4861.1686 1.1820e+14 1.1819e+14
4861.1811 1.1820e+14 1.1819e+14
4861.1936 1.1820e+14 1.1819e+14
4861.2061 1.1820e+14 1.1820e+14
4861.2186 1.1820e+14 1.1820e+14
4861.2311 1.1820e+14 1.1820e+14
4861.2437 1.1820e+14 1.1820e+14
4861.2562 1.1820e+14 1.1820e+14
4861.2687 1.1820e+14 1.1820e+14
4861.2812 1.1820e+14 1.1820e+14
4861.2937 1.1820e+14 1.1820e+14
4861.3063 1.1820e+14 1.1820e+14
4861.3188 1.1820e+14 1.1820e+14
4861.3313 1.1820e+14 1.1820e+14
4861.3438 1.1820e+14 1.1820e+14
4861.3563 1.1820e+14 1.1820e+14
4861.3689 1.1820e+14 1.1820e+14
4861.3814 1.1820e+14 1.1820e+14
4861.3939 1.1820e+14 1.1820e+14
4861.4064 1.1820e+14 1.1820e+14
4861.4189 1.1820e+14 1.1820e+14
4861.4314 1.1820e+14 1.1820e+14
4861.4440 1.1820e+14 1.1820e+14
4861.4565 1.1820e+14 1.1820e+14
4861.4690 1.1820e+14 1.1820e+14
4861.4815 1.1820e+14 1.1820e+14
4861.4940 1.1820e+14 1.1820e+14
4861.5066 1.1820e+14 1.1820e+14
4861.5191 1.1820e+14 1.1820e+14
4861.5316 1.1820e+14 1.1820e+14
4861.5441 1.1820e+14 1.1820e+14
4861.5566 1.1820e+14 1.1820e+14
4861.5692 1.1820e+14 1.1820e+14
4861.5817 1.1820e+14 1.1820e+14
4861.5942 1.1820e+14 1.1820e+14
4861.6067 1.1821e+14 1.1820e+14
4861.6192 1.1821e+14 1.1820e+14
4861.6317 1.1821e+14 1.1820e+14
4861.6443 1.1821e+14 1.1821e+14
4861.6568 1.1821e+14 1.1821e+14
4861.6693 1.1821e+14 1.1821e+14
4861.6818 1.1821e+14 1.1821e+14
4861.6943 1.1821e+14 1.1821e+14
4861.7069 1.1821e+14 1.1821e+14
4861.7194 1.1821e+14 1.1821e+14
4861.7319 1.1821e+14 1.1821e+14
4861.7444 1.1821e+14 1.1821e+14
4861.7569 1.1821e+14 1.1821e+14
4861.7695 1.1821e+14 1.1821e+14
4861.7820 1.1821e+14 1.1821e+14
4861.7945 1.1821e+14 1.1821e+14
4861.8070 1.1821e+14 1.1821e+14
4861.8195 1.1821e+14 1.1821e+14
4861.8321 1.1821e+14 1.1821e+14
4861.8446 1.1821e+14 1.1821e+14
4861.8571 1.1821e+14 1.1821e+14
4861.8696 1.1821e+14 1.1821e+14
4861.8821 1.1821e+14 1.1821e+14
4861.8946 1.1821e+14 1.1821e+14
4861.9072 1.1821e+14 1.1821e+14
4861.9197 1.1821e+14 1.1821e+14
4861.9322 1.1821e+14 1.1821e+14
4861.9447 1.1821e+14 1.1821e+14
4861.9572 1.1821e+14 1.1821e+14
4861.9698 1.1821e+14 1.1821e+14
4861.9823 1.1821e+14 1.1821e+14
4861.9948 1.1821e+14 1.1821e+14
4862.0073 1.1821e+14 1.1821e+14
4862.0198 1.1821e+14 1.1821e+14
4862.0324 1.1821e+14 1.1821e+14
4862.0449 1.1822e+14 1.1821e+14
4862.0574 1.1822e+14 1.1821e+14
4862.0699 1.1822e+14 1.1821e+14
4862.0824 1.1822e+14 1.1822e+14
4862.0949 1.1822e+14 1.1822e+14
4862.1075 1.1822e+14 1.1822e+14
4862.1200 1.1822e+14 1.1822e+14
4862.1325 1.1822e+14 1.1822e+14
4862.1450 1.1822e+14 1.1822e+14
4862.1575 1.1822e+14 1.1822e+14
4862.1701 1.1822e+14 1.1822e+14
4862.1826 1.1822e+14 1.1822e+14
4862.1951 1.1822e+14 1.1822e+14
4862.2076 1.1822e+14 1.1822e+14
4862.2201 1.1822e+14 1.1822e+14
4862.2327 1.1822e+14 1.1822e+14
4862.2452 1.1822e+14 1.1822e+14
4862.2577 1.1822e+14 1.1822e+14
4862.2702 1.1822e+14 1.1822e+14
4862.2827 1.1822e+14 1.1822e+14
4862.2952 1.1822e+14 1.1822e+14
4862.3078 1.1822e+14 1.1822e+14
4862.3203 1.1822e+14 1.1822e+14
4862.3328 1.1822e+14 1.1822e+14
4862.3453 1.1822e+14 1.1822e+14
4862.3578 1.1822e+14 1.1822e+14
4862.3704 1.1822e+14 1.1822e+14
4862.3829 1.1822e+14 1.1822e+14
4862.3954 1.1822e+14 1.1822e+14
4862.4079 1.1822e+14 1.1822e+14
4862.4204 1.1822e+14 1.1822e+14
4862.4330 1.1822e+14 1.1822e+14
4862.4455 1.1822e+14 1.1822e+14
4862.4580 1.1822e+14 1.1822e+14
4862.4705 1.1822e+14 1.1822e+14
4862.4830 1.1822e+14 1.1822e+14
4862.4955 1.1823e+14 1.1822e+14
4862.5081 1.1823e+14 1.1822e+14
4862.5206 1.1823e+14 1.1823e+14
4862.5331 1.1823e+14 1.1823e+14
4862.5456 1.1823e+14 1.1823e+14
4862.5581 1.1823e+14 1.1823e+14
4862.5707 1.1823e+14 1.1823e+14
4862.5832 1.1823e+14 1.1823e+14
4862.5957 1.1823e+14 1.1823e+14
4862.6082 1.1823e+14 1.1823e+14
4862.6207 1.1823e+14 1.1823e+14
4862.6333 1.1823e+14 1.1823e+14
4862.6458 1.1823e+14 1.1823e+14
4862.6583 1.1823e+14 1.1823e+14
4862.6708 1.1823e+14 1.1823e+14
4862.6833 1.1823e+14 1.1823e+14
4862.6959 1.1823e+14 1.1823e+14
4862.7084 1.1823e+14 1.1823e+14
4862.7209 1.1823e+14 1.1823e+14
4862.7334 1.1823e+14 1.1823e+14
4862.7459 1.1823e+14 1.1823e+14
4862.7584 1.1823e+14 1.1823e+14
4862.7710 1.1823e+14 1.1823e+14
4862.7835 1.1823e+14 1.1823e+14
4862.7960 1.1823e+14 1.1823e+14
4862.8085 1.1823e+14 1.1823e+14
4862.8210 1.1823e+14 1.1823e+14
4862.8336 1.1823e+14 1.1823e+14
4862.8461 1.1823e+14 1.1823e+14
4862.8586 1.1823e+14 1.1823e+14
4862.8711 1.1823e+14 1.1823e+14
4862.8836 1.1823e+14 1.1823e+14
4862.8962 1.1823e+14 1.1823e+14
4862.9087 1.1823e+14 1.1823e+14
4862.9212 1.1823e+14 1.1823e+14
4862.9337 1.1824e+14 1.1823e+14
4862.9462 1.1824e+14 1.1823e+14
4862.9587 1.1824e+14 1.1823e+14
4862.9713 1.1824e+14 1.1824e+14
4862.9838 1.1824e+14 1.1824e+14
4862.9963 1.1824e+14 1.1824e+14
4863.0088 1.1824e+14 1.1824e+14
4863.0213 1.1824e+14 1.1824e+14
4863.0339 1.1824e+14 1.1824e+14
4863.0464 1.1824e+14 1.1824e+14
4863.0589 1.1824e+14 1.1824e+14
4863.0714 1.1824e+14 1.1824e+14
4863.0839 1.1824e+14 1.1824e+14
4863.0965 1.1824e+14 1.1824e+14
4863.1090 1.1824e+14 1.1824e+14
4863.1215 1.1824e+14 1.1824e+14
4863.1340 1.1824e+14 1.1824e+14
4863.1465 1.1824e+14 1.1824e+14
4863.1590 1.1824e+14 1.1824e+14
4863.1716 1.1824e+14 1.1824e+14
4863.1841 1.1824e+14 1.1824e+14
4863.1966 1.1824e+14 1.1824e+14
4863.2091 1.1824e+14 1.1824e+14
4863.2216 1.1824e+14 1.1824e+14
4863.2342 1.1824e+14 1.1824e+14
4863.2467 1.1824e+14 1.1824e+14
4863.2592 1.1824e+14 1.1824e+14
4863.2717 1.1824e+14 1.1824e+14
4863.2842 1.1824e+14 1.1824e+14
4863.2968 1.1824e+14 1.1824e+14
4863.3093 1.1824e+14 1.1824e+14
4863.3218 1.1824e+14 1.1824e+14
4863.3343 1.1824e+14 1.1824e+14
4863.3468 1.1824e+14 1.1824e+14
4863.3593 1.1824e+14 1.1824e+14
4863.3719 1.1825e+14 1.1824e+14
4863.3844 1.1825e+14 1.1824e+14
4863.3969 1.1825e+14 1.1824e+14
4863.4094 1.1825e+14 1.1825e+14
4863.4219 1.1825e+14 1.1825e+14
4863.4345 1.1825e+14 1.1825e+14
4863.4470 1.1825e+14 1.1825e+14
4863.4595 1.1825e+14 1.1825e+14
4863.4720 1.1825e+14 1.1825e+14
4863.4845 1.1825e+14 1.1825e+14
4863.4971 1.1825e+14 1.1825e+14
4863.5096 1.1825e+14 1.1825e+14
4863.5221 1.1825e+14 1.1825e+14
4863.5346 1.1825e+14 1.1825e+14
4863.5471 1.1825e+14 1.1825e+14
4863.5596 1.1825e+14 1.1825e+14
4863.5722 1.1825e+14 1.1825e+14
4863.5847 1.1825e+14 1.1825e+14
4863.5972 1.1825e+14 1.1825e+14
4863.6097 1.1825e+14 1.1825e+14
4863.6222 1.1825e+14 1.1825e+14
4863.6348 1.1825e+14 1.1825e+14
4863.6473 1.1825e+14 1.1825e+14
4863.6598 1.1825e+14 1.1825e+14
4863.6723 1.1825e+14 1.1825e+14
4863.6848 1.1825e+14 1.1825e+14
4863.6974 1.1825e+14 1.1825e+14
4863.7099 1.1825e+14 1.1825e+14
4863.7224 1.1825e+14 1.1825e+14
4863.7349 1.1825e+14 1.1825e+14
4863.7474 1.1825e+14 1.1825e+14
4863.7600 1.1825e+14 1.1825e+14
4863.7725 1.1825e+14 1.1825e+14
4863.7850 1.1825e+14 1.1825e+14
4863.7975 1.1825e+14 1.1825e+14
4863.8100 1.1826e+14 1.1825e+14
4863.8225 1.1826e+14 1.1825e+14
4863.8351 1.1826e+14 1.1825e+14
4863.8476 1.1826e+14 1.1826e+14
4863.8601 1.1826e+14 1.1826e+14
4863.8726 1.1826e+14 1.1826e+14
4863.8851 1.1826e+14 1.1826e+14
4863.8977 1.1826e+14 1.1826e+14
4863.9102 1.1826e+14 1.1826e+14
4863.9227 1.1826e+14 1.1826e+14
4863.9352 1.1826e+14 1.1826e+14
4863.9477 1.1826e+14 1.1826e+14
4863.9603 1.1826e+14 1.1826e+14
4863.9728 1.1826e+14 1.1826e+14
4863.9853 1.1826e+14 1.1826e+14
4863.9978 1.1826e+14 1.1826e+14
4864.0103 1.1826e+14 1.1826e+14
4864.0228 1.1826e+14 1.1826e+14
4864.0354 1.1826e+14 1.1826e+14
4864.0479 1.1826e+14 1.1826e+14
4864.0604 1.1826e+14 1.1826e+14
4864.0729 1.1826e+14 1.1826e+14
4864.0854 1.1826e+14 1.1826e+14
4864.0980 1.1826e+14 1.1826e+14
4864.1105 1.1826e+14 1.1826e+14
4864.1230 1.1826e+14 1.1826e+14
4864.1355 1.1826e+14 1.1826e+14
4864.1480 1.1826e+14 1.1826e+14
4864.1606 1.1826e+14 1.1826e+14
4864.1731 1.1826e+14 1.1826e+14
4864.1856 1.1826e+14 1.1826e+14
4864.1981 1.1826e+14 1.1826e+14
4864.2106 1.1826e+14 1.1826e+14
4864.2231 1.1826e+14 1.1826e+14
4864.2357 1.1826e+14 1.1826e+14
4864.2482 1.1827e+14 1.1826e+14
4864.2607 1.1827e+14 1.1826e+14
4864.2732 1.1827e+14 1.1826e+14
4864.2857 1.1827e+14 1.1827e+14
4864.2983 1.1827e+14 1.1827e+14
4864.3108 1.1827e+14 1.1827e+14
4864.3233 1.1827e+14 1.1827e+14
4864.3358 1.1827e+14 1.1827e+14
4864.3483 1.1827e+14 1.1827e+14
4864.3609 1.1827e+14 1.1827e+14
4864.3734 1.1827e+14 1.1827e+14
4864.3859 1.1827e+14 1.1827e+14
4864.3984 1.1827e+14 1.1827e+14
4864.4109 1.1827e+14 1.1827e+14
4864.4234 1.1827e+14 1.1827e+14
4864.4360 1.1827e+14 1.1827e+14
4864.4485 1.1827e+14 1.1827e+14
4864.4610 1.1827e+14 1.1827e+14
4864.4735 1.1827e+14 1.1827e+14
4864.4860 1.1827e+14 1.1827e+14
4864.4986 1.1827e+14 1.1827e+14
4864.5111 1.1827e+14 1.1827e+14
4864.5236 1.1827e+14 1.1827e+14
4864.5361 1.1827e+14 1.1827e+14
4864.5486 1.1827e+14 1.1827e+14
4864.5612 1.1827e+14 1.1827e+14
4864.5737 1.1827e+14 1.1827e+14
4864.5862 1.1827e+14 1.1827e+14
4864.5987 1.1827e+14 1.1827e+14
4864.6112 1.1827e+14 1.1827e+14
4864.6238 1.1827e+14 1.1827e+14
4864.6363 1.1827e+14 1.1827e+14
4864.6488 1.1827e+14 1.1827e+14
4864.6613 1.1827e+14 1.1827e+14
4864.6738 1.1827e+14 1.1827e+14
4864.6863 1.1827e+14 1.1827e+14
4864.6989 1.1828e+14 1.1827e+14
4864.7114 1.1828e+14 1.1827e+14
4864.7239 1.1828e+14 1.1828e+14
4864.7364 1.1828e+14 1.1828e+14
4864.7489 1.1828e+14 1.1828e+14
4864.7615 1.1828e+14 1.1828e+14
4864.7740 1.1828e+14 1.1828e+14
4864.7865 1.1828e+14 1.1828e+14
4864.7990 1.1828e+14 1.1828e+14
4864.8115 1.1828e+14 1.1828e+14
4864.8241 1.1828e+14 1.1828e+14
4864.8366 1.1828e+14 1.1828e+14
4864.8491 1.1828e+14 1.1828e+14
4864.8616 1.1828e+14 1.1828e+14
4864.8741 1.1828e+14 1.1828e+14
4864.8866 1.1828e+14 1.1828e+14
4864.8992 1.1828e+14 1.1828e+14
4864.9117 1.1828e+14 1.1828e+14
4864.9242 1.1828e+14 1.1828e+14
4864.9367 1.1828e+14 1.1828e+14
4864.9492 1.1828e+14 1.1828e+14
4864.9618 1.1828e+14 1.1828e+14
4864.9743 1.1828e+14 1.1828e+14
4864.9868 1.1828e+14 1.1828e+14
4864.9993 1.1828e+14 1.1828e+14
4865.0118 1.1828e+14 1.1828e+14
4865.0244 1.1828e+14 1.1828e+14
4865.0369 1.1828e+14 1.1828e+14
4865.0494 1.1828e+14 1.1828e+14
4865.0619 1.1828e+14 1.1828e+14
4865.0744 1.1828e+14 1.1828e+14
4865.0869 1.1828e+14 1.1828e+14
4865.0995 1.1828e+14 1.1828e+14
4865.1120 1.1828e+14 1.1828e+14
4865.1245 1.1828e+14 1.1828e+14
4865.1370 1.1829e+14 1.1828e+14
4865.1495 1.1829e+14 1.1828e+14
4865.1621 1.1829e+14 1.1828e+14
4865.1746 1.1829e+14 1.1829e+14
4865.1871 1.1829e+14 1.1829e+14
4865.1996 1.1829e+14 1.1829e+14
4865.2121 1.1829e+14 1.1829e+14
4865.2247 1.1829e+14 1.1829e+14
4865.2372 1.1829e+14 1.1829e+14
4865.2497 1.1829e+14 1.1829e+14
4865.2622 1.1829e+14 1.1829e+14
4865.2747 1.1829e+14 1.1829e+14
4865.2872 1.1829e+14 1.1829e+14
4865.2998 1.1829e+14 1.1829e+14
4865.3123 1.1829e+14 1.1829e+14
4865.3248 1.1829e+14 1.1829e+14
4865.3373 1.1829e+14 1.1829e+14
4865.3498 1.1829e+14 1.1829e+14
4865.3624 1.1829e+14 1.1829e+14
4865.3749 1.1829e+14 1.1829e+14
4865.3874 1.1829e+14 1.1829e+14
4865.3999 1.1829e+14 1.1829e+14
4865.4124 1.1829e+14 1.1829e+14
4865.4250 1.1829e+14 1.1829e+14
4865.4375 1.1829e+14 1.1829e+14
4865.4500 1.1829e+14 1.1829e+14
4865.4625 1.1829e+14 1.1829e+14
4865.4750 1.1829e+14 1.1829e+14
4865.4876 1.1829e+14 1.1829e+14
4865.5001 1.1829e+14 1.1829e+14
4865.5126 1.1829e+14 1.1829e+14
4865.5251 1.1829e+14 1.1829e+14
4865.5376 1.1829e+14 1.1829e+14
4865.5501 1.1829e+14 1.1829e+14
4865.5627 1.1829e+14 1.1829e+14
4865.5752 1.1830e+14 1.1829e+14
4865.5877 1.1830e+14 1.1829e+14
4865.6002 1.1830e+14 1.1829e+14
4865.6127 1.1830e+14 1.1830e+14
4865.6253 1.1830e+14 1.1830e+14
4865.6378 1.1830e+14 1.1830e+14
4865.6503 1.1830e+14 1.1830e+14
4865.6628 1.1830e+14 1.1830e+14
4865.6753 1.1830e+14 1.1830e+14
4865.6879 1.1830e+14 1.1830e+14
4865.7004 1.1830e+14 1.1830e+14
4865.7129 1.1830e+14 1.1830e+14
4865.7254 1.1830e+14 1.1830e+14
4865.7379 1.1830e+14 1.1830e+14
4865.7504 1.1830e+14 1.1830e+14
4865.7630 1.1830e+14 1.1830e+14
4865.7755 1.1830e+14 1.1830e+14
4865.7880 1.1830e+14 1.1830e+14
4865.8005 1.1830e+14 1.1830e+14
4865.8130 1.1830e+14 1.1830e+14
4865.8256 1.1830e+14 1.1830e+14
4865.8381 1.1830e+14 1.1830e+14
4865.8506 1.1830e+14 1.1830e+14
4865.8631 1.1830e+14 1.1830e+14
4865.8756 1.1830e+14 1.1830e+14
4865.8882 1.1830e+14 1.1830e+14
4865.9007 1.1830e+14 1.1830e+14
4865.9132 1.1830e+14 1.1830e+14
4865.9257 1.1830e+14 1.1830e+14
4865.9382 1.1830e+14 1.1830e+14
4865.9507 1.1830e+14 1.1830e+14
4865.9633 1.1830e+14 1.1830e+14
4865.9758 1.1830e+14 1.1830e+14
4865.9883 1.1830e+14 1.1830e+14
4866.0008 1.1830e+14 1.1830e+14
4866.0133 1.1830e+14 1.1830e+14
4866.0259 1.1831e+14 1.1830e+14
4866.0384 1.1831e+14 1.1830e+14
4866.0509 1.1831e+14 1.1831e+14
4866.0634 1.1831e+14 1.1831e+14
4866.0759 1.1831e+14 1.1831e+14
4866.0885 1.1831e+14 1.1831e+14
4866.1010 1.1831e+14 1.1831e+14
4866.1135 1.1831e+14 1.1831e+14
4866.1260 1.1831e+14 1.1831e+14
4866.1385 1.1831e+14 1.1831e+14
4866.1510 1.1831e+14 1.1831e+14
4866.1636 1.1831e+14 1.1831e+14
4866.1761 1.1831e+14 1.1831e+14
4866.1886 1.1831e+14 1.1831e+14
4866.2011 1.1831e+14 1.1831e+14
4866.2136 1.1831e+14 1.1831e+14
4866.2262 1.1831e+14 1.1831e+14
4866.2387 1.1831e+14 1.1831e+14
4866.2512 1.1831e+14 1.1831e+14
4866.2637 1.1831e+14 1.1831e+14
4866.2762 1.1831e+14 1.1831e+14
4866.2888 1.1831e+14 1.1831e+14
4866.3013 1.1831e+14 1.1831e+14
4866.3138 1.1831e+14 1.1831e+14
4866.3263 1.1831e+14 1.1831e+14
4866.3388 1.1831e+14 1.1831e+14
4866.3514 1.1831e+14 1.1831e+14
4866.3639 1.1831e+14 1.1831e+14
4866.3764 1.1831e+14 1.1831e+14
4866.3889 1.1831e+14 1.1831e+14
4866.4014 1.1831e+14 1.1831e+14
4866.4139 1.1831e+14 1.1831e+14
4866.4265 1.1831e+14 1.1831e+14
4866.4390 1.1831e+14 1.1831e+14
4866.4515 1.1831e+14 1.1831e+14
4866.4640 1.1832e+14 1.1831e+14
4866.4765 1.1832e+14 1.1831e+14
4866.4891 1.1832e+14 1.1831e+14
4866.5016 1.1832e+14 1.1832e+14
4866.5141 1.1832e+14 1.1832e+14
4866.5266 1.1832e+14 1.1832e+14
4866.5391 1.1832e+14 1.1832e+14
4866.5517 1.1832e+14 1.1832e+14
4866.5642 1.1832e+14 1.1832e+14
4866.5767 1.1832e+14 1.1832e+14
4866.5892 1.1832e+14 1.1832e+14
4866.6017 1.1832e+14 1.1832e+14
4866.6142 1.1832e+14 1.1832e+14
4866.6268 1.1832e+14 1.1832e+14
4866.6393 1.1832e+14 1.1832e+14
4866.6518 1.1832e+14 1.1832e+14
4866.6643 1.1832e+14 1.1832e+14
4866.6768 1.1832e+14 1.1832e+14
4866.6894 1.1832e+14 1.1832e+14
4866.7019 1.1832e+14 1.1832e+14
4866.7144 1.1832e+14 1.1832e+14
4866.7269 1.1832e+14 1.1832e+14
4866.7394 1.1832e+14 1.1832e+14
4866.7520 1.1832e+14 1.1832e+14
4866.7645 1.1832e+14 1.1832e+14
4866.7770 1.1832e+14 1.1832e+14
4866.7895 1.1832e+14 1.1832e+14
4866.8020 1.1832e+14 1.1832e+14
4866.8145 1.1832e+14 1.1832e+14
4866.8271 1.1832e+14 1.1832e+14
4866.8396 1.1832e+14 1.1832e+14
4866.8521 1.1832e+14 1.1832e+14
4866.8646 1.1832e+14 1.1832e+14
4866.8771 1.1832e+14 1.1832e+14
4866.8897 1.1832e+14 1.1832e+14
4866.9022 1.1833e+14 1.1832e+14
4866.9147 1.1833e+14 1.1832e+14
4866.9272 1.1833e+14 1.1832e+14
4866.9397 1.1833e+14 1.1833e+14
4866.9523 1.1833e+14 1.1833e+14
4866.9648 1.1833e+14 1.1833e+14
4866.9773 1.1833e+14 1.1833e+14
4866.9898 1.1833e+14 1.1833e+14
4867.0023 1.1833e+14 1.1833e+14
4867.0148 1.1833e+14 1.1833e+14
4867.0274 1.1833e+14 1.1833e+14
4867.0399 1.1833e+14 1.1833e+14
4867.0524 1.1833e+14 1.1833e+14
4867.0649 1.1833e+14 1.1833e+14
4867.0774 1.1833e+14 1.1833e+14
4867.0900 1.1833e+14 1.1833e+14
4867.1025 1.1833e+14 1.1833e+14
4867.1150 1.1833e+14 1.1833e+14
4867.1275 1.1833e+14 1.1833e+14
4867.1400 1.1833e+14 1.1833e+14
4867.1526 1.1833e+14 1.1833e+14
4867.1651 1.1833e+14 1.1833e+14
4867.1776 1.1833e+14 1.1833e+14
4867.1901 1.1833e+14 1.1833e+14
4867.2026 1.1833e+14 1.1833e+14
4867.2151 1.1833e+14 1.1833e+14
4867.2277 1.1833e+14 1.1833e+14
4867.2402 1.1833e+14 1.1833e+14
4867.2527 1.1833e+14 1.1833e+14
4867.2652 1.1833e+14 1.1833e+14
4867.2777 1.1833e+14 1.1833e+14
4867.2903 1.1833e+14 1.1833e+14
4867.3028 1.1833e+14 1.1833e+14
4867.3153 1.1833e+14 1.1833e+14
4867.3278 1.1833e+14 1.1833e+14
4867.3403 1.1833e+14 1.1833e+14
4867.3529 1.1834e+14 1.1833e+14
4867.3654 1.1834e+14 1.1833e+14
4867.3779 1.1834e+14 1.1834e+14
4867.3904 1.1834e+14 1.1834e+14
4867.4029 1.1834e+14 1.1834e+14
4867.4155 1.1834e+14 1.1834e+14
4867.4280 1.1834e+14 1.1834e+14
4867.4405 1.1834e+14 1.1834e+14
4867.4530 1.1834e+14 1.1834e+14
4867.4655 1.1834e+14 1.1834e+14
4867.4780 1.1834e+14 1.1834e+14
4867.4906 1.1834e+14 1.1834e+14
4867.5031 1.1834e+14 1.1834e+14
4867.5156 1.1834e+14 1.1834e+14
4867.5281 1.1834e+14 1.1834e+14
4867.5406 1.1834e+14 1.1834e+14
4867.5532 1.1834e+14 1.1834e+14
4867.5657 1.1834e+14 1.1834e+14
4867.5782 1.1834e+14 1.1834e+14
4867.5907 1.1834e+14 1.1834e+14
4867.6032 1.1834e+14 1.1834e+14
4867.6158 1.1834e+14 1.1834e+14
4867.6283 1.1834e+14 1.1834e+14
4867.6408 1.1834e+14 1.1834e+14
4867.6533 1.1834e+14 1.1834e+14
4867.6658 1.1834e+14 1.1834e+14
4867.6783 1.1834e+14 1.1834e+14
4867.6909 1.1834e+14 1.1834e+14
4867.7034 1.1834e+14 1.1834e+14
4867.7159 1.1834e+14 1.1834e+14
4867.7284 1.1834e+14 1.1834e+14
4867.7409 1.1834e+14 1.1834e+14
4867.7535 1.1834e+14 1.1834e+14
4867.7660 1.1834e+14 1.1834e+14
4867.7785 1.1834e+14 1.1834e+14
4867.7910 1.1835e+14 1.1834e+14
4867.8035 1.1835e+14 1.1834e+14
4867.8161 1.1835e+14 1.1834e+14
4867.8286 1.1835e+14 1.1835e+14
4867.8411 1.1835e+14 1.1835e+14
4867.8536 1.1835e+14 1.1835e+14
4867.8661 1.1835e+14 1.1835e+14
4867.8786 1.1835e+14 1.1835e+14
4867.8912 1.1835e+14 1.1835e+14
4867.9037 1.1835e+14 1.1835e+14
4867.9162 1.1835e+14 1.1835e+14
4867.9287 1.1835e+14 1.1835e+14
4867.9412 1.1835e+14 1.1835e+14
4867.9538 1.1835e+14 1.1835e+14
4867.9663 1.1835e+14 1.1835e+14
4867.9788 1.1835e+14 1.1835e+14
4867.9913 1.1835e+14 1.1835e+14
4868.0038 1.1835e+14 1.1835e+14
4868.0164 1.1835e+14 1.1835e+14
4868.0289 1.1835e+14 1.1835e+14
4868.0414 1.1835e+14 1.1835e+14
4868.0539 1.1835e+14 1.1835e+14
4868.0664 1.1835e+14 1.1835e+14
4868.0789 1.1835e+14 1.1835e+14
4868.0915 1.1835e+14 1.1835e+14
4868.1040 1.1835e+14 1.1835e+14
4868.1165 1.1835e+14 1.1835e+14
4868.1290 1.1835e+14 1.1835e+14
4868.1415 1.1835e+14 1.1835e+14
4868.1541 1.1835e+14 1.1835e+14
4868.1666 1.1835e+14 1.1835e+14
4868.1791 1.1835e+14 1.1835e+14
4868.1916 1.1835e+14 1.1835e+14
4868.2041 1.1835e+14 1.1835e+14
4868.2167 1.1835e+14 1.1835e+14
4868.2292 1.1835e+14 1.1835e+14
4868.2417 1.1836e+14 1.1835e+14
4868.2542 1.1836e+14 1.1835e+14
4868.2667 1.1836e+14 1.1836e+14
4868.2793 1.1836e+14 1.1836e+14
4868.2918 1.1836e+14 1.1836e+14
4868.3043 1.1836e+14 1.1836e+14
4868.3168 1.1836e+14 1.1836e+14
4868.3293 1.1836e+14 1.1836e+14
4868.3418 1.1836e+14 1.1836e+14
4868.3544 1.1836e+14 1.1836e+14
4868.3669 1.1836e+14 1.1836e+14
4868.3794 1.1836e+14 1.1836e+14
4868.3919 1.1836e+14 1.1836e+14
4868.4044 1.1836e+14 1.1836e+14
4868.4170 1.1836e+14 1.1836e+14
4868.4295 1.1836e+14 1.1836e+14
4868.4420 1.1836e+14 1.1836e+14
4868.4545 1.1836e+14 1.1836e+14
4868.4670 1.1836e+14 1.1836e+14
4868.4796 1.1836e+14 1.1836e+14
4868.4921 1.1836e+14 1.1836e+14
4868.5046 1.1836e+14 1.1836e+14
4868.5171 1.1836e+14 1.1836e+14
4868.5296 1.1836e+14 1.1836e+14
4868.5421 1.1836e+14 1.1836e+14
4868.5547 1.1836e+14 1.1836e+14
4868.5672 1.1836e+14 1.1836e+14
4868.5797 1.1836e+14 1.1836e+14
4868.5922 1.1836e+14 1.1836e+14
4868.6047 1.1836e+14 1.1836e+14
4868.6173 1.1836e+14 1.1836e+14
4868.6298 1.1836e+14 1.1836e+14
4868.6423 1.1836e+14 1.1836e+14
4868.6548 1.1836e+14 1.1836e+14
4868.6673 1.1836e+14 1.1836e+14
4868.6799 1.1837e+14 1.1836e+14
4868.6924 1.1837e+14 1.1836e+14
4868.7049 1.1837e+14 1.1837e+14
4868.7174 1.1837e+14 1.1837e+14
4868.7299 1.1837e+14 1.1837e+14
4868.7424 1.1837e+14 1.1837e+14
4868.7550 1.1837e+14 1.1837e+14
4868.7675 1.1837e+14 1.1837e+14
4868.7800 1.1837e+14 1.1837e+14
4868.7925 1.1837e+14 1.1837e+14
4868.8050 1.1837e+14 1.1837e+14
4868.8176 1.1837e+14 1.1837e+14
4868.8301 1.1837e+14 1.1837e+14
4868.8426 1.1837e+14 1.1837e+14
4868.8551 1.1837e+14 1.1837e+14
4868.8676 1.1837e+14 1.1837e+14
4868.8802 1.1837e+14 1.1837e+14
4868.8927 1.1837e+14 1.1837e+14
4868.9052 1.1837e+14 1.1837e+14
4868.9177 1.1837e+14 1.1837e+14
4868.9302 1.1837e+14 1.1837e+14
4868.9427 1.1837e+14 1.1837e+14
4868.9553 1.1837e+14 1.1837e+14
4868.9678 1.1837e+14 1.1837e+14
4868.9803 1.1837e+14 1.1837e+14
4868.9928 1.1837e+14 1.1837e+14
4869.0053 1.1837e+14 1.1837e+14
4869.0179 1.1837e+14 1.1837e+14
4869.0304 1.1837e+14 1.1837e+14
4869.0429 1.1837e+14 1.1837e+14
4869.0554 1.1837e+14 1.1837e+14
4869.0679 1.1837e+14 1.1837e+14
4869.0805 1.1837e+14 1.1837e+14
4869.0930 1.1837e+14 1.1837e+14
4869.1055 1.1837e+14 1.1837e+14
4869.1180 1.1837e+14 1.1837e+14
4869.1305 1.1838e+14 1.1837e+14
4869.1431 1.1838e+14 1.1837e+14
4869.1556 1.1838e+14 1.1838e+14
4869.1681 1.1838e+14 1.1838e+14
4869.1806 1.1838e+14 1.1838e+14
4869.1931 1.1838e+14 1.1838e+14
4869.2056 1.1838e+14 1.1838e+14
4869.2182 1.1838e+14 1.1838e+14
4869.2307 1.1838e+14 1.1838e+14
4869.2432 1.1838e+14 1.1838e+14
4869.2557 1.1838e+14 1.1838e+14
4869.2682 1.1838e+14 1.1838e+14
4869.2808 1.1838e+14 1.1838e+14
4869.2933 1.1838e+14 1.1838e+14
4869.3058 1.1838e+14 1.1838e+14
4869.3183 1.1838e+14 1.1838e+14
4869.3308 1.1838e+14 1.1838e+14
4869.3434 1.1838e+14 1.1838e+14
4869.3559 1.1838e+14 1.1838e+14
4869.3684 1.1838e+14 1.1838e+14
4869.3809 1.1838e+14 1.1838e+14
4869.3934 1.1838e+14 1.1838e+14
4869.4059 1.1838e+14 1.1838e+14
4869.4185 1.1838e+14 1.1838e+14
4869.4310 1.1838e+14 1.1838e+14
4869.4435 1.1838e+14 1.1838e+14
4869.4560 1.1838e+14 1.1838e+14
4869.4685 1.1838e+14 1.1838e+14
4869.4811 1.1838e+14 1.1838e+14
4869.4936 1.1838e+14 1.1838e+14
4869.5061 1.1838e+14 1.1838e+14
4869.5186 1.1838e+14 1.1838e+14
4869.5311 1.1838e+14 1.1838e+14
4869.5437 1.1838e+14 1.1838e+14
4869.5562 1.1838e+14 1.1838e+14
4869.5687 1.1839e+14 1.1838e+14
4869.5812 1.1839e+14 1.1838e+14
4869.5937 1.1839e+14 1.1839e+14
4869.6062 1.1839e+14 1.1839e+14
4869.6188 1.1839e+14 1.1839e+14
4869.6313 1.1839e+14 1.1839e+14
4869.6438 1.1839e+14 1.1839e+14
4869.6563 1.1839e+14 1.1839e+14
4869.6688 1.1839e+14 1.1839e+14
4869.6814 1.1839e+14 1.1839e+14
4869.6939 1.1839e+14 1.1839e+14
4869.7064 1.1839e+14 1.1839e+14
4869.7189 1.1839e+14 1.1839e+14
4869.7314 1.1839e+14 1.1839e+14
4869.7440 1.1839e+14 1.1839e+14
4869.7565 1.1839e+14 1.1839e+14
4869.7690 1.1839e+14 1.1839e+14
4869.7815 1.1839e+14 1.1839e+14
4869.7940 1.1839e+14 1.1839e+14
4869.8065 1.1839e+14 1.1839e+14
4869.8191 1.1839e+14 1.1839e+14
4869.8316 1.1839e+14 1.1839e+14
4869.8441 1.1839e+14 1.1839e+14
4869.8566 1.1839e+14 1.1839e+14
4869.8691 1.1839e+14 1.1839e+14
4869.8817 1.1839e+14 1.1839e+14
4869.8942 1.1839e+14 1.1839e+14
4869.9067 1.1839e+14 1.1839e+14
4869.9192 1.1839e+14 1.1839e+14
4869.9317 1.1839e+14 1.1839e+14
4869.9443 1.1839e+14 1.1839e+14
4869.9568 1.1839e+14 1.1839e+14
4869.9693 1.1839e+14 1.1839e+14
4869.9818 1.1839e+14 1.1839e+14
4869.9943 1.1839e+14 1.1839e+14
4870.0069 1.1839e+14 1.1839e+14
4870.0194 1.1840e+14 1.1839e+14
4870.0319 1.1840e+14 1.1839e+14
4870.0444 1.1840e+14 1.1840e+14
4870.0569 1.1840e+14 1.1840e+14
4870.0694 1.1840e+14 1.1840e+14
4870.0820 1.1840e+14 1.1840e+14
4870.0945 1.1840e+14 1.1840e+14
4870.1070 1.1840e+14 1.1840e+14
4870.1195 1.1840e+14 1.1840e+14
4870.1320 1.1840e+14 1.1840e+14
4870.1446 1.1840e+14 1.1840e+14
4870.1571 1.1840e+14 1.1840e+14
4870.1696 1.1840e+14 1.1840e+14
4870.1821 1.1840e+14 1.1840e+14
4870.1946 1.1840e+14 1.1840e+14
4870.2072 1.1840e+14 1.1840e+14
4870.2197 1.1840e+14 1.1840e+14
4870.2322 1.1840e+14 1.1840e+14
4870.2447 1.1840e+14 1.1840e+14
4870.2572 1.1840e+14 1.1840e+14
4870.2697 1.1840e+14 1.1840e+14
4870.2823 1.1840e+14 1.1840e+14
4870.2948 1.1840e+14 1.1840e+14
4870.3073 1.1840e+14 1.1840e+14
4870.3198 1.1840e+14 1.1840e+14
4870.3323 1.1840e+14 1.1840e+14
4870.3449 1.1840e+14 1.1840e+14
4870.3574 1.1840e+14 1.1840e+14
4870.3699 1.1840e+14 1.1840e+14
4870.3824 1.1840e+14 1.1840e+14
4870.3949 1.1840e+14 1.1840e+14
4870.4075 1.1840e+14 1.1840e+14
4870.4200 1.1840e+14 1.1840e+14
4870.4325 1.1840e+14 1.1840e+14
4870.4450 1.1840e+14 1.1840e+14
4870.4575 1.1841e+14 1.1840e+14
4870.4700 1.1841e+14 1.1840e+14
4870.4826 1.1841e+14 1.1841e+14
4870.4951 1.1841e+14 1.1841e+14
4870.5076 1.1841e+14 1.1841e+14
4870.5201 1.1841e+14 1.1841e+14
4870.5326 1.1841e+14 1.1841e+14
4870.5452 1.1841e+14 1.1841e+14
4870.5577 1.1841e+14 1.1841e+14
4870.5702 1.1841e+14 1.1841e+14
4870.5827 1.1841e+14 1.1841e+14
4870.5952 1.1841e+14 1.1841e+14
4870.6078 1.1841e+14 1.1841e+14
4870.6203 1.1841e+14 1.1841e+14
4870.6328 1.1841e+14 1.1841e+14
4870.6453 1.1841e+14 1.1841e+14
4870.6578 1.1841e+14 1.1841e+14
4870.6703 1.1841e+14 1.1841e+14
4870.6829 1.1841e+14 1.1841e+14
4870.6954 1.1841e+14 1.1841e+14
4870.7079 1.1841e+14 1.1841e+14
4870.7204 1.1841e+14 1.1841e+14
4870.7329 1.1841e+14 1.1841e+14
4870.7455 1.1841e+14 1.1841e+14
4870.7580 1.1841e+14 1.1841e+14
4870.7705 1.1841e+14 1.1841e+14
4870.7830 1.1841e+14 1.1841e+14
4870.7955 1.1841e+14 1.1841e+14
4870.8081 1.1841e+14 1.1841e+14
4870.8206 1.1841e+14 1.1841e+14
4870.8331 1.1841e+14 1.1841e+14
4870.8456 1.1841e+14 1.1841e+14
4870.8581 1.1841e+14 1.1841e+14
4870.8706 1.1841e+14 1.1841e+14
4870.8832 1.1841e+14 1.1841e+14
4870.8957 1.1841e+14 1.1841e+14
4870.9082 1.1842e+14 1.1841e+14
4870.9207 1.1842e+14 1.1841e+14
4870.9332 1.1842e+14 1.1842e+14
4870.9458 1.1842e+14 1.1842e+14
4870.9583 1.1842e+14 1.1842e+14
4870.9708 1.1842e+14 1.1842e+14
4870.9833 1.1842e+14 1.1842e+14
4870.9958 1.1842e+14 1.1842e+14
4871.0084 1.1842e+14 1.1842e+14
4871.0209 1.1842e+14 1.1842e+14
4871.0334 1.1842e+14 1.1842e+14
4871.0459 1.1842e+14 1.1842e+14
4871.0584 1.1842e+14 1.1842e+14
4871.0710 1.1842e+14 1.1842e+14
4871.0835 1.1842e+14 1.1842e+14
4871.0960 1.1842e+14 1.1842e+14
4871.1085 1.1842e+14 1.1842e+14
4871.1210 1.1842e+14 1.1842e+14
4871.1335 1.1842e+14 1.1842e+14
4871.1461 1.1842e+14 1.1842e+14
4871.1586 1.1842e+14 1.1842e+14
4871.1711 1.1842e+14 1.1842e+14
4871.1836 1.1842e+14 1.1842e+14
4871.1961 1.1842e+14 1.1842e+14
4871.2087 1.1842e+14 1.1842e+14
4871.2212 1.1842e+14 1.1842e+14
4871.2337 1.1842e+14 1.1842e+14
4871.2462 1.1842e+14 1.1842e+14
4871.2587 1.1842e+14 1.1842e+14
4871.2713 1.1842e+14 1.1842e+14
4871.2838 1.1842e+14 1.1842e+14
4871.2963 1.1842e+14 1.1842e+14
4871.3088 1.1842e+14 1.1842e+14
4871.3213 1.1842e+14 1.1842e+14
4871.3338 1.1842e+14 1.1842e+14
4871.3464 1.1843e+14 1.1842e+14
4871.3589 1.1843e+14 1.1842e+14
4871.3714 1.1843e+14 1.1843e+14
4871.3839 1.1843e+14 1.1843e+14
4871.3964 1.1843e+14 1.1843e+14
4871.4090 1.1843e+14 1.1843e+14
4871.4215 1.1843e+14 1.1843e+14
4871.4340 1.1843e+14 1.1843e+14
4871.4465 1.1843e+14 1.1843e+14
4871.4590 1.1843e+14 1.1843e+14
4871.4716 1.1843e+14 1.1843e+14
4871.4841 1.1843e+14 1.1843e+14
4871.4966 1.1843e+14 1.1843e+14
4871.5091 1.1843e+14 1.1843e+14
4871.5216 1.1843e+14 1.1843e+14
4871.5341 1.1843e+14 1.1843e+14
4871.5467 1.1843e+14 1.1843e+14
4871.5592 1.1843e+14 1.1843e+14
4871.5717 1.1843e+14 1.1843e+14
4871.5842 1.1843e+14 1.1843e+14
4871.5967 1.1843e+14 1.1843e+14
4871.6093 1.1843e+14 1.1843e+14
4871.6218 1.1843e+14 1.1843e+14
4871.6343 1.1843e+14 1.1843e+14
4871.6468 1.1843e+14 1.1843e+14
4871.6593 1.1843e+14 1.1843e+14
4871.6719 1.1843e+14 1.1843e+14
4871.6844 1.1843e+14 1.1843e+14
4871.6969 1.1843e+14 1.1843e+14
4871.7094 1.1843e+14 1.1843e+14
4871.7219 1.1843e+14 1.1843e+14
4871.7344 1.1843e+14 1.1843e+14
4871.7470 1.1843e+14 1.1843e+14
4871.7595 1.1843e+14 1.1843e+14
4871.7720 1.1843e+14 1.1843e+14
4871.7845 1.1843e+14 1.1843e+14
4871.7970 1.1844e+14 1.1843e+14
4871.8096 1.1844e+14 1.1843e+14
4871.8221 1.1844e+14 1.1844e+14
4871.8346 1.1844e+14 1.1844e+14
4871.8471 1.1844e+14 1.1844e+14
4871.8596 1.1844e+14 1.1844e+14
4871.8722 1.1844e+14 1.1844e+14
4871.8847 1.1844e+14 1.1844e+14
4871.8972 1.1844e+14 1.1844e+14
4871.9097 1.1844e+14 1.1844e+14
4871.9222 1.1844e+14 1.1844e+14
4871.9348 1.1844e+14 1.1844e+14
4871.9473 1.1844e+14 1.1844e+14
4871.9598 1.1844e+14 1.1844e+14
4871.9723 1.1844e+14 1.1844e+14
4871.9848 1.1844e+14 1.1844e+14
4871.9973 1.1844e+14 1.1844e+14
4872.0099 1.1844e+14 1.1844e+14
4872.0224 1.1844e+14 1.1844e+14
4872.0349 1.1844e+14 1.1844e+14
4872.0474 1.1844e+14 1.1844e+14
4872.0599 1.1844e+14 1.1844e+14
4872.0725 1.1844e+14 1.1844e+14
4872.0850 1.1844e+14 1.1844e+14
4872.0975 1.1844e+14 1.1844e+14
4872.1100 1.1844e+14 1.1844e+14
4872.1225 1.1844e+14 1.1844e+14
4872.1351 1.1844e+14 1.1844e+14
4872.1476 1.1844e+14 1.1844e+14
4872.1601 1.1844e+14 1.1844e+14
4872.1726 1.1844e+14 1.1844e+14
4872.1851 1.1844e+14 1.1844e+14
4872.1976 1.1844e+14 1.1844e+14
4872.2102 1.1844e+14 1.1844e+14
4872.2227 1.1844e+14 1.1844e+14
4872.2352 1.1845e+14 1.1844e+14
4872.2477 1.1845e+14 1.1844e+14
4872.2602 1.1845e+14 1.1845e+14
4872.2728 1.1845e+14 1.1845e+14
4872.2853 1.1845e+14 1.1845e+14
4872.2978 1.1845e+14 1.1845e+14
4872.3103 1.1845e+14 1.1845e+14
4872.3228 1.1845e+14 1.1845e+14
4872.3354 1.1845e+14 1.1845e+14
4872.3479 1.1845e+14 1.1845e+14
4872.3604 1.1845e+14 1.1845e+14
4872.3729 1.1845e+14 1.1845e+14
4872.3854 1.1845e+14 1.1845e+14
4872.3979 1.1845e+14 1.1845e+14
4872.4105 1.1845e+14 1.1845e+14
4872.4230 1.1845e+14 1.1845e+14
4872.4355 1.1845e+14 1.1845e+14
4872.4480 1.1845e+14 1.1845e+14
4872.4605 1.1845e+14 1.1845e+14
4872.4731 1.1845e+14 1.1845e+14
4872.4856 1.1845e+14 1.1845e+14
4872.4981 1.1845e+14 1.1845e+14
4872.5106 1.1845e+14 1.1845e+14
4872.5231 1.1845e+14 1.1845e+14
4872.5357 1.1845e+14 1.1845e+14
4872.5482 1.1845e+14 1.1845e+14
4872.5607 1.1845e+14 1.1845e+14
4872.5732 1.1845e+14 1.1845e+14
4872.5857 1.1845e+14 1.1845e+14
4872.5982 1.1845e+14 1.1845e+14
4872.6108 1.1845e+14 1.1845e+14
4872.6233 1.1845e+14 1.1845e+14
4872.6358 1.1845e+14 1.1845e+14
4872.6483 1.1845e+14 1.1845e+14
4872.6608 1.1845e+14 1.1845e+14
4872.6734 1.1845e+14 1.1845e+14
4872.6859 1.1846e+14 1.1845e+14
4872.6984 1.1846e+14 1.1845e+14
4872.7109 1.1846e+14 1.1846e+14
4872.7234 1.1846e+14 1.1846e+14
4872.7360 1.1846e+14 1.1846e+14
4872.7485 1.1846e+14 1.1846e+14
4872.7610 1.1846e+14 1.1846e+14
4872.7735 1.1846e+14 1.1846e+14
4872.7860 1.1846e+14 1.1846e+14
4872.7986 1.1846e+14 1.1846e+14
4872.8111 1.1846e+14 1.1846e+14
4872.8236 1.1846e+14 1.1846e+14
4872.8361 1.1846e+14 1.1846e+14
4872.8486 1.1846e+14 1.1846e+14
4872.8611 1.1846e+14 1.1846e+14
4872.8737 1.1846e+14 1.1846e+14
4872.8862 1.1846e+14 1.1846e+14
4872.8987 1.1846e+14 1.1846e+14
4872.9112 1.1846e+14 1.1846e+14
4872.9237 1.1846e+14 1.1846e+14
4872.9363 1.1846e+14 1.1846e+14
4872.9488 1.1846e+14 1.1846e+14
4872.9613 1.1846e+14 1.1846e+14
4872.9738 1.1846e+14 1.1846e+14
4872.9863 1.1846e+14 1.1846e+14
4872.9989 1.1846e+14 1.1846e+14
4873.0114 1.1846e+14 1.1846e+14
4873.0239 1.1846e+14 1.1846e+14
4873.0364 1.1846e+14 1.1846e+14
4873.0489 1.1846e+14 1.1846e+14
4873.0614 1.1846e+14 1.1846e+14
4873.0740 1.1846e+14 1.1846e+14
4873.0865 1.1846e+14 1.1846e+14
4873.0990 1.1846e+14 1.1846e+14
4873.1115 1.1846e+14 1.1846e+14
4873.1240 1.1846e+14 1.1846e+14
4873.1366 1.1847e+14 1.1846e+14
4873.1491 1.1847e+14 1.1847e+14
4873.1616 1.1847e+14 1.1847e+14
4873.1741 1.1847e+14 1.1847e+14
4873.1866 1.1847e+14 1.1847e+14
4873.1992 1.1847e+14 1.1847e+14
4873.2117 1.1847e+14 1.1847e+14
4873.2242 1.1847e+14 1.1847e+14
4873.2367 1.1847e+14 1.1847e+14
4873.2492 1.1847e+14 1.1847e+14
4873.2617 1.1847e+14 1.1847e+14
4873.2743 1.1847e+14 1.1847e+14
4873.2868 1.1847e+14 1.1847e+14
4873.2993 1.1847e+14 1.1847e+14
4873.3118 1.1847e+14 1.1847e+14
4873.3243 1.1847e+14 1.1847e+14
4873.3369 1.1847e+14 1.1847e+14
4873.3494 1.1847e+14 1.1847e+14
4873.3619 1.1847e+14 1.1847e+14
4873.3744 1.1847e+14 1.1847e+14
4873.3869 1.1847e+14 1.1847e+14
4873.3995 1.1847e+14 1.1847e+14
4873.4120 1.1847e+14 1.1847e+14
4873.4245 1.1847e+14 1.1847e+14
4873.4370 1.1847e+14 1.1847e+14
4873.4495 1.1847e+14 1.1847e+14
4873.4620 1.1847e+14 1.1847e+14
4873.4746 1.1847e+14 1.1847e+14
4873.4871 1.1847e+14 1.1847e+14
4873.4996 1.1847e+14 1.1847e+14
4873.5121 1.1847e+14 1.1847e+14
4873.5246 1.1847e+14 1.1847e+14
4873.5372 1.1847e+14 1.1847e+14
4873.5497 1.1847e+14 1.1847e+14
4873.5622 1.1847e+14 1.1847e+14
4873.5747 1.1848e+14 1.1847e+14
4873.5872 1.1848e+14 1.1847e+14
4873.5998 1.1848e+14 1.1848e+14
4873.6123 1.1848e+14 1.1848e+14
4873.6248 1.1848e+14 1.1848e+14
4873.6373 1.1848e+14 1.1848e+14
4873.6498 1.1848e+14 1.1848e+14
4873.6624 1.1848e+14 1.1848e+14
4873.6749 1.1848e+14 1.1848e+14
4873.6874 1.1848e+14 1.1848e+14
4873.6999 1.1848e+14 1.1848e+14
4873.7124 1.1848e+14 1.1848e+14
4873.7249 1.1848e+14 1.1848e+14
4873.7375 1.1848e+14 1.1848e+14
4873.7500 1.1848e+14 1.1848e+14
4873.7625 1.1848e+14 1.1848e+14
4873.7750 1.1848e+14 1.1848e+14
4873.7875 1.1848e+14 1.1848e+14
4873.8001 1.1848e+14 1.1848e+14
4873.8126 1.1848e+14 1.1848e+14
