# Wavelength(Å) I_cont(erg/s/cm2/Å/sr) I_abs(erg/s/cm2/Å/sr)
4847.5932 3.1847e+14 3.1760e+14
4847.6069 3.1847e+14 3.1760e+14
4847.6206 3.1847e+14 3.1760e+14
4847.6343 3.1847e+14 3.1760e+14
4847.6480 3.1847e+14 3.1760e+14
4847.6617 3.1847e+14 3.1759e+14
4847.6754 3.1847e+14 3.1759e+14
4847.6892 3.1847e+14 3.1759e+14
4847.7029 3.1847e+14 3.1759e+14
4847.7166 3.1847e+14 3.1759e+14
4847.7303 3.1847e+14 3.1759e+14
4847.7440 3.1847e+14 3.1759e+14
4847.7577 3.1847e+14 3.1759e+14
4847.7714 3.1847e+14 3.1759e+14
4847.7852 3.1847e+14 3.1759e+14
4847.7989 3.1847e+14 3.1759e+14
4847.8126 3.1847e+14 3.1758e+14
4847.8263 3.1847e+14 3.1758e+14
4847.8400 3.1847e+14 3.1758e+14
4847.8537 3.1847e+14 3.1758e+14
4847.8674 3.1847e+14 3.1758e+14
4847.8811 3.1847e+14 3.1758e+14
4847.8949 3.1847e+14 3.1758e+14
4847.9086 3.1847e+14 3.1758e+14
4847.9223 3.1847e+14 3.1758e+14
4847.9360 3.1847e+14 3.1758e+14
4847.9497 3.1847e+14 3.1757e+14
4847.9634 3.1847e+14 3.1757e+14
4847.9771 3.1847e+14 3.1757e+14
4847.9909 3.1847e+14 3.1757e+14
4848.0046 3.1847e+14 3.1757e+14
4848.0183 3.1847e+14 3.1757e+14
4848.0320 3.1847e+14 3.1757e+14
4848.0457 3.1847e+14 3.1757e+14
4848.0594 3.1847e+14 3.1757e+14
4848.0731 3.1847e+14 3.1757e+14
4848.0869 3.1847e+14 3.1757e+14
4848.1006 3.1847e+14 3.1756e+14
4848.1143 3.1847e+14 3.1756e+14
4848.1280 3.1847e+14 3.1756e+14
4848.1417 3.1847e+14 3.1756e+14
4848.1554 3.1847e+14 3.1756e+14
4848.1691 3.1847e+14 3.1756e+14
4848.1828 3.1847e+14 3.1756e+14
4848.1966 3.1847e+14 3.1756e+14
4848.2103 3.1847e+14 3.1756e+14
4848.2240 3.1847e+14 3.1756e+14
4848.2377 3.1847e+14 3.1755e+14
4848.2514 3.1847e+14 3.1755e+14
4848.2651 3.1847e+14 3.1755e+14
4848.2788 3.1847e+14 3.1755e+14
4848.2926 3.1847e+14 3.1755e+14
4848.3063 3.1847e+14 3.1755e+14
4848.3200 3.1847e+14 3.1755e+14
4848.3337 3.1847e+14 3.1755e+14
4848.3474 3.1847e+14 3.1755e+14
4848.3611 3.1847e+14 3.1755e+14
4848.3748 3.1847e+14 3.1755e+14
4848.3886 3.1847e+14 3.1754e+14
4848.4023 3.1847e+14 3.1754e+14
4848.4160 3.1847e+14 3.1754e+14
4848.4297 3.1847e+14 3.1754e+14
4848.4434 3.1847e+14 3.1754e+14
4848.4571 3.1847e+14 3.1754e+14
4848.4708 3.1847e+14 3.1754e+14
4848.4845 3.1847e+14 3.1754e+14
4848.4983 3.1847e+14 3.1754e+14
4848.5120 3.1847e+14 3.1754e+14
4848.5257 3.1847e+14 3.1753e+14
4848.5394 3.1847e+14 3.1753e+14
4848.5531 3.1847e+14 3.1753e+14
4848.5668 3.1847e+14 3.1753e+14
4848.5805 3.1847e+14 3.1753e+14
4848.5943 3.1847e+14 3.1753e+14
4848.6080 3.1847e+14 3.1753e+14
4848.6217 3.1847e+14 3.1753e+14
4848.6354 3.1847e+14 3.1753e+14
4848.6491 3.1847e+14 3.1753e+14
4848.6628 3.1847e+14 3.1752e+14
4848.6765 3.1847e+14 3.1752e+14
4848.6903 3.1847e+14 3.1752e+14
4848.7040 3.1847e+14 3.1752e+14
4848.7177 3.1847e+14 3.1752e+14
4848.7314 3.1847e+14 3.1752e+14
4848.7451 3.1847e+14 3.1752e+14
4848.7588 3.1847e+14 3.1752e+14
4848.7725 3.1847e+14 3.1752e+14
4848.7863 3.1847e+14 3.1752e+14
4848.8000 3.1847e+14 3.1751e+14
4848.8137 3.1847e+14 3.1751e+14
4848.8274 3.1847e+14 3.1751e+14
4848.8411 3.1847e+14 3.1751e+14
4848.8548 3.1847e+14 3.1751e+14
4848.8685 3.1847e+14 3.1751e+14
4848.8822 3.1847e+14 3.1751e+14
4848.8960 3.1847e+14 3.1751e+14
4848.9097 3.1847e+14 3.1751e+14
4848.9234 3.1847e+14 3.1751e+14
4848.9371 3.1847e+14 3.1750e+14
4848.9508 3.1847e+14 3.1750e+14
4848.9645 3.1847e+14 3.1750e+14
4848.9782 3.1847e+14 3.1750e+14
4848.9920 3.1847e+14 3.1750e+14
4849.0057 3.1847e+14 3.1750e+14
4849.0194 3.1847e+14 3.1750e+14
4849.0331 3.1847e+14 3.1750e+14
4849.0468 3.1847e+14 3.1750e+14
4849.0605 3.1847e+14 3.1750e+14
4849.0742 3.1847e+14 3.1749e+14
4849.0880 3.1847e+14 3.1749e+14
4849.1017 3.1847e+14 3.1749e+14
4849.1154 3.1847e+14 3.1749e+14
4849.1291 3.1847e+14 3.1749e+14
4849.1428 3.1847e+14 3.1749e+14
4849.1565 3.1847e+14 3.1749e+14
4849.1702 3.1847e+14 3.1749e+14
4849.1839 3.1847e+14 3.1749e+14
4849.1977 3.1847e+14 3.1749e+14
4849.2114 3.1847e+14 3.1748e+14
4849.2251 3.1847e+14 3.1748e+14
4849.2388 3.1847e+14 3.1748e+14
4849.2525 3.1847e+14 3.1748e+14
4849.2662 3.1847e+14 3.1748e+14
4849.2799 3.1847e+14 3.1748e+14
4849.2937 3.1847e+14 3.1748e+14
4849.3074 3.1847e+14 3.1748e+14
4849.3211 3.1847e+14 3.1748e+14
4849.3348 3.1847e+14 3.1747e+14
4849.3485 3.1847e+14 3.1747e+14
4849.3622 3.1847e+14 3.1747e+14
4849.3759 3.1847e+14 3.1747e+14
4849.3897 3.1847e+14 3.1747e+14
4849.4034 3.1847e+14 3.1747e+14
4849.4171 3.1847e+14 3.1747e+14
4849.4308 3.1847e+14 3.1747e+14
4849.4445 3.1847e+14 3.1747e+14
4849.4582 3.1847e+14 3.1747e+14
4849.4719 3.1847e+14 3.1746e+14
4849.4856 3.1847e+14 3.1746e+14
4849.4994 3.1847e+14 3.1746e+14
4849.5131 3.1847e+14 3.1746e+14
4849.5268 3.1847e+14 3.1746e+14
4849.5405 3.1847e+14 3.1746e+14
4849.5542 3.1847e+14 3.1746e+14
4849.5679 3.1847e+14 3.1746e+14
4849.5816 3.1847e+14 3.1746e+14
4849.5954 3.1847e+14 3.1746e+14
4849.6091 3.1847e+14 3.1745e+14
4849.6228 3.1847e+14 3.1745e+14
4849.6365 3.1847e+14 3.1745e+14
4849.6502 3.1847e+14 3.1745e+14
4849.6639 3.1847e+14 3.1745e+14
4849.6776 3.1847e+14 3.1745e+14
4849.6914 3.1847e+14 3.1745e+14
4849.7051 3.1847e+14 3.1745e+14
4849.7188 3.1847e+14 3.1745e+14
4849.7325 3.1847e+14 3.1744e+14
4849.7462 3.1847e+14 3.1744e+14
4849.7599 3.1847e+14 3.1744e+14
4849.7736 3.1847e+14 3.1744e+14
4849.7874 3.1847e+14 3.1744e+14
4849.8011 3.1847e+14 3.1744e+14
4849.8148 3.1847e+14 3.1744e+14
4849.8285 3.1847e+14 3.1744e+14
4849.8422 3.1847e+14 3.1744e+14
4849.8559 3.1847e+14 3.1743e+14
4849.8696 3.1847e+14 3.1743e+14
4849.8833 3.1847e+14 3.1743e+14
4849.8971 3.1847e+14 3.1743e+14
4849.9108 3.1847e+14 3.1743e+14
4849.9245 3.1847e+14 3.1743e+14
4849.9382 3.1847e+14 3.1743e+14
4849.9519 3.1847e+14 3.1743e+14
4849.9656 3.1847e+14 3.1743e+14
4849.9793 3.1847e+14 3.1743e+14
4849.9931 3.1847e+14 3.1742e+14
4850.0068 3.1847e+14 3.1742e+14
4850.0205 3.1847e+14 3.1742e+14
4850.0342 3.1847e+14 3.1742e+14
4850.0479 3.1847e+14 3.1742e+14
4850.0616 3.1847e+14 3.1742e+14
4850.0753 3.1847e+14 3.1742e+14
4850.0891 3.1847e+14 3.1742e+14
4850.1028 3.1847e+14 3.1742e+14
4850.1165 3.1847e+14 3.1741e+14
4850.1302 3.1847e+14 3.1741e+14
4850.1439 3.1847e+14 3.1741e+14
4850.1576 3.1847e+14 3.1741e+14
4850.1713 3.1847e+14 3.1741e+14
4850.1850 3.1847e+14 3.1741e+14
4850.1988 3.1847e+14 3.1741e+14
4850.2125 3.1847e+14 3.1741e+14
4850.2262 3.1847e+14 3.1741e+14
4850.2399 3.1847e+14 3.1740e+14
4850.2536 3.1847e+14 3.1740e+14
4850.2673 3.1847e+14 3.1740e+14
4850.2810 3.1847e+14 3.1740e+14
4850.2948 3.1847e+14 3.1740e+14
4850.3085 3.1847e+14 3.1740e+14
4850.3222 3.1847e+14 3.1740e+14
4850.3359 3.1847e+14 3.1740e+14
4850.3496 3.1847e+14 3.1740e+14
4850.3633 3.1847e+14 3.1739e+14
4850.3770 3.1847e+14 3.1739e+14
4850.3908 3.1847e+14 3.1739e+14
4850.4045 3.1847e+14 3.1739e+14
4850.4182 3.1847e+14 3.1739e+14
4850.4319 3.1847e+14 3.1739e+14
4850.4456 3.1847e+14 3.1739e+14
4850.4593 3.1847e+14 3.1739e+14
4850.4730 3.1847e+14 3.1739e+14
4850.4867 3.1847e+14 3.1738e+14
4850.5005 3.1847e+14 3.1738e+14
4850.5142 3.1847e+14 3.1738e+14
4850.5279 3.1847e+14 3.1738e+14
4850.5416 3.1847e+14 3.1738e+14
4850.5553 3.1847e+14 3.1738e+14
4850.5690 3.1847e+14 3.1738e+14
4850.5827 3.1847e+14 3.1738e+14
4850.5965 3.1847e+14 3.1738e+14
4850.6102 3.1847e+14 3.1737e+14
4850.6239 3.1847e+14 3.1737e+14
4850.6376 3.1847e+14 3.1737e+14
4850.6513 3.1847e+14 3.1737e+14
4850.6650 3.1847e+14 3.1737e+14
4850.6787 3.1847e+14 3.1737e+14
4850.6925 3.1847e+14 3.1737e+14
4850.7062 3.1847e+14 3.1737e+14
4850.7199 3.1847e+14 3.1737e+14
4850.7336 3.1847e+14 3.1736e+14
4850.7473 3.1847e+14 3.1736e+14
4850.7610 3.1847e+14 3.1736e+14
4850.7747 3.1847e+14 3.1736e+14
4850.7885 3.1846e+14 3.1736e+14
4850.8022 3.1846e+14 3.1736e+14
4850.8159 3.1846e+14 3.1736e+14
4850.8296 3.1846e+14 3.1736e+14
4850.8433 3.1846e+14 3.1736e+14
4850.8570 3.1846e+14 3.1735e+14
4850.8707 3.1846e+14 3.1735e+14
4850.8844 3.1846e+14 3.1735e+14
4850.8982 3.1846e+14 3.1735e+14
4850.9119 3.1846e+14 3.1735e+14
4850.9256 3.1846e+14 3.1735e+14
4850.9393 3.1846e+14 3.1735e+14
4850.9530 3.1846e+14 3.1735e+14
4850.9667 3.1846e+14 3.1735e+14
4850.9804 3.1846e+14 3.1734e+14
4850.9942 3.1846e+14 3.1734e+14
4851.0079 3.1846e+14 3.1734e+14
4851.0216 3.1846e+14 3.1734e+14
4851.0353 3.1846e+14 3.1734e+14
4851.0490 3.1846e+14 3.1734e+14
4851.0627 3.1846e+14 3.1734e+14
4851.0764 3.1846e+14 3.1734e+14
4851.0902 3.1846e+14 3.1733e+14
4851.1039 3.1846e+14 3.1733e+14
4851.1176 3.1846e+14 3.1733e+14
4851.1313 3.1846e+14 3.1733e+14
4851.1450 3.1846e+14 3.1733e+14
4851.1587 3.1846e+14 3.1733e+14
4851.1724 3.1846e+14 3.1733e+14
4851.1861 3.1846e+14 3.1733e+14
4851.1999 3.1846e+14 3.1733e+14
4851.2136 3.1846e+14 3.1732e+14
4851.2273 3.1846e+14 3.1732e+14
4851.2410 3.1846e+14 3.1732e+14
4851.2547 3.1846e+14 3.1732e+14
4851.2684 3.1846e+14 3.1732e+14
4851.2821 3.1846e+14 3.1732e+14
4851.2959 3.1846e+14 3.1732e+14
4851.3096 3.1846e+14 3.1732e+14
4851.3233 3.1846e+14 3.1732e+14
4851.3370 3.1846e+14 3.1731e+14
4851.3507 3.1846e+14 3.1731e+14
4851.3644 3.1846e+14 3.1731e+14
4851.3781 3.1846e+14 3.1731e+14
4851.3919 3.1846e+14 3.1731e+14
4851.4056 3.1846e+14 3.1731e+14
4851.4193 3.1846e+14 3.1731e+14
4851.4330 3.1846e+14 3.1731e+14
4851.4467 3.1846e+14 3.1730e+14
4851.4604 3.1846e+14 3.1730e+14
4851.4741 3.1846e+14 3.1730e+14
4851.4878 3.1846e+14 3.1730e+14
4851.5016 3.1846e+14 3.1730e+14
4851.5153 3.1846e+14 3.1730e+14
4851.5290 3.1846e+14 3.1730e+14
4851.5427 3.1846e+14 3.1730e+14
4851.5564 3.1846e+14 3.1730e+14
4851.5701 3.1846e+14 3.1729e+14
4851.5838 3.1846e+14 3.1729e+14
4851.5976 3.1846e+14 3.1729e+14
4851.6113 3.1846e+14 3.1729e+14
4851.6250 3.1846e+14 3.1729e+14
4851.6387 3.1846e+14 3.1729e+14
4851.6524 3.1846e+14 3.1729e+14
4851.6661 3.1846e+14 3.1729e+14
4851.6798 3.1846e+14 3.1728e+14
4851.6936 3.1846e+14 3.1728e+14
4851.7073 3.1846e+14 3.1728e+14
4851.7210 3.1846e+14 3.1728e+14
4851.7347 3.1846e+14 3.1728e+14
4851.7484 3.1846e+14 3.1728e+14
4851.7621 3.1846e+14 3.1728e+14
4851.7758 3.1846e+14 3.1728e+14
4851.7896 3.1846e+14 3.1728e+14
4851.8033 3.1846e+14 3.1727e+14
4851.8170 3.1846e+14 3.1727e+14
4851.8307 3.1846e+14 3.1727e+14
4851.8444 3.1846e+14 3.1727e+14
4851.8581 3.1846e+14 3.1727e+14
4851.8718 3.1846e+14 3.1727e+14
4851.8855 3.1846e+14 3.1727e+14
4851.8993 3.1846e+14 3.1727e+14
4851.9130 3.1846e+14 3.1726e+14
4851.9267 3.1846e+14 3.1726e+14
4851.9404 3.1846e+14 3.1726e+14
4851.9541 3.1846e+14 3.1726e+14
4851.9678 3.1846e+14 3.1726e+14
4851.9815 3.1846e+14 3.1726e+14
4851.9953 3.1846e+14 3.1726e+14
4852.0090 3.1846e+14 3.1726e+14
4852.0227 3.1846e+14 3.1726e+14
4852.0364 3.1846e+14 3.1725e+14
4852.0501 3.1846e+14 3.1725e+14
4852.0638 3.1846e+14 3.1725e+14
4852.0775 3.1846e+14 3.1725e+14
4852.0913 3.1846e+14 3.1725e+14
4852.1050 3.1846e+14 3.1725e+14
4852.1187 3.1846e+14 3.1725e+14
4852.1324 3.1846e+14 3.1725e+14
4852.1461 3.1846e+14 3.1724e+14
4852.1598 3.1846e+14 3.1724e+14
4852.1735 3.1846e+14 3.1724e+14
4852.1872 3.1846e+14 3.1724e+14
4852.2010 3.1846e+14 3.1724e+14
4852.2147 3.1846e+14 3.1724e+14
4852.2284 3.1846e+14 3.1724e+14
4852.2421 3.1846e+14 3.1724e+14
4852.2558 3.1846e+14 3.1724e+14
4852.2695 3.1846e+14 3.1723e+14
4852.2832 3.1846e+14 3.1723e+14
4852.2970 3.1846e+14 3.1723e+14
4852.3107 3.1846e+14 3.1723e+14
4852.3244 3.1846e+14 3.1723e+14
4852.3381 3.1846e+14 3.1723e+14
4852.3518 3.1846e+14 3.1723e+14
4852.3655 3.1846e+14 3.1723e+14
4852.3792 3.1846e+14 3.1722e+14
4852.3930 3.1846e+14 3.1722e+14
4852.4067 3.1846e+14 3.1722e+14
4852.4204 3.1846e+14 3.1722e+14
4852.4341 3.1846e+14 3.1722e+14
4852.4478 3.1846e+14 3.1722e+14
4852.4615 3.1846e+14 3.1722e+14
4852.4752 3.1846e+14 3.1722e+14
4852.4889 3.1846e+14 3.1721e+14
4852.5027 3.1846e+14 3.1721e+14
4852.5164 3.1846e+14 3.1721e+14
4852.5301 3.1846e+14 3.1721e+14
4852.5438 3.1846e+14 3.1721e+14
4852.5575 3.1846e+14 3.1721e+14
4852.5712 3.1846e+14 3.1721e+14
4852.5849 3.1846e+14 3.1721e+14
4852.5987 3.1846e+14 3.1720e+14
4852.6124 3.1846e+14 3.1720e+14
4852.6261 3.1846e+14 3.1720e+14
4852.6398 3.1846e+14 3.1720e+14
4852.6535 3.1846e+14 3.1720e+14
4852.6672 3.1846e+14 3.1720e+14
4852.6809 3.1846e+14 3.1720e+14
4852.6947 3.1846e+14 3.1720e+14
4852.7084 3.1846e+14 3.1720e+14
4852.7221 3.1846e+14 3.1719e+14
4852.7358 3.1846e+14 3.1719e+14
4852.7495 3.1846e+14 3.1719e+14
4852.7632 3.1846e+14 3.1719e+14
4852.7769 3.1846e+14 3.1719e+14
4852.7907 3.1846e+14 3.1719e+14
4852.8044 3.1846e+14 3.1719e+14
4852.8181 3.1846e+14 3.1719e+14
4852.8318 3.1846e+14 3.1718e+14
4852.8455 3.1846e+14 3.1718e+14
4852.8592 3.1846e+14 3.1718e+14
4852.8729 3.1846e+14 3.1718e+14
4852.8866 3.1846e+14 3.1718e+14
4852.9004 3.1846e+14 3.1718e+14
4852.9141 3.1846e+14 3.1718e+14
4852.9278 3.1846e+14 3.1718e+14
4852.9415 3.1846e+14 3.1717e+14
4852.9552 3.1846e+14 3.1717e+14
4852.9689 3.1846e+14 3.1717e+14
4852.9826 3.1846e+14 3.1717e+14
4852.9964 3.1846e+14 3.1717e+14
4853.0101 3.1846e+14 3.1717e+14
4853.0238 3.1846e+14 3.1717e+14
4853.0375 3.1846e+14 3.1717e+14
4853.0512 3.1846e+14 3.1716e+14
4853.0649 3.1846e+14 3.1716e+14
4853.0786 3.1846e+14 3.1716e+14
4853.0924 3.1846e+14 3.1716e+14
4853.1061 3.1846e+14 3.1716e+14
4853.1198 3.1846e+14 3.1716e+14
4853.1335 3.1846e+14 3.1716e+14
4853.1472 3.1846e+14 3.1716e+14
4853.1609 3.1846e+14 3.1715e+14
4853.1746 3.1846e+14 3.1715e+14
4853.1883 3.1846e+14 3.1715e+14
4853.2021 3.1846e+14 3.1715e+14
4853.2158 3.1846e+14 3.1715e+14
4853.2295 3.1846e+14 3.1715e+14
4853.2432 3.1846e+14 3.1715e+14
4853.2569 3.1846e+14 3.1715e+14
4853.2706 3.1846e+14 3.1715e+14
4853.2843 3.1846e+14 3.1714e+14
4853.2981 3.1846e+14 3.1714e+14
4853.3118 3.1846e+14 3.1714e+14
4853.3255 3.1846e+14 3.1714e+14
4853.3392 3.1846e+14 3.1714e+14
4853.3529 3.1846e+14 3.1714e+14
4853.3666 3.1846e+14 3.1714e+14
4853.3803 3.1846e+14 3.1714e+14
4853.3941 3.1846e+14 3.1713e+14
4853.4078 3.1846e+14 3.1713e+14
4853.4215 3.1846e+14 3.1713e+14
4853.4352 3.1846e+14 3.1713e+14
4853.4489 3.1846e+14 3.1713e+14
4853.4626 3.1846e+14 3.1713e+14
4853.4763 3.1846e+14 3.1713e+14
4853.4900 3.1846e+14 3.1713e+14
4853.5038 3.1846e+14 3.1712e+14
4853.5175 3.1846e+14 3.1712e+14
4853.5312 3.1846e+14 3.1712e+14
4853.5449 3.1846e+14 3.1712e+14
4853.5586 3.1846e+14 3.1712e+14
4853.5723 3.1846e+14 3.1712e+14
4853.5860 3.1846e+14 3.1712e+14
4853.5998 3.1846e+14 3.1712e+14
4853.6135 3.1846e+14 3.1711e+14
4853.6272 3.1846e+14 3.1711e+14
4853.6409 3.1846e+14 3.1711e+14
4853.6546 3.1846e+14 3.1711e+14
4853.6683 3.1846e+14 3.1711e+14
4853.6820 3.1846e+14 3.1711e+14
4853.6958 3.1846e+14 3.1711e+14
4853.7095 3.1846e+14 3.1711e+14
4853.7232 3.1846e+14 3.1710e+14
4853.7369 3.1846e+14 3.1710e+14
4853.7506 3.1846e+14 3.1710e+14
4853.7643 3.1846e+14 3.1710e+14
4853.7780 3.1846e+14 3.1710e+14
4853.7918 3.1846e+14 3.1710e+14
4853.8055 3.1846e+14 3.1710e+14
4853.8192 3.1846e+14 3.1710e+14
4853.8329 3.1846e+14 3.1709e+14
4853.8466 3.1846e+14 3.1709e+14
4853.8603 3.1846e+14 3.1709e+14
4853.8740 3.1846e+14 3.1709e+14
4853.8877 3.1846e+14 3.1709e+14
4853.9015 3.1846e+14 3.1709e+14
4853.9152 3.1846e+14 3.1709e+14
4853.9289 3.1846e+14 3.1709e+14
4853.9426 3.1846e+14 3.1708e+14
4853.9563 3.1846e+14 3.1708e+14
4853.9700 3.1846e+14 3.1708e+14
4853.9837 3.1846e+14 3.1708e+14
4853.9975 3.1846e+14 3.1708e+14
4854.0112 3.1846e+14 3.1708e+14
4854.0249 3.1846e+14 3.1708e+14
4854.0386 3.1846e+14 3.1708e+14
4854.0523 3.1846e+14 3.1708e+14
4854.0660 3.1846e+14 3.1707e+14
4854.0797 3.1846e+14 3.1707e+14
4854.0935 3.1846e+14 3.1707e+14
4854.1072 3.1846e+14 3.1707e+14
4854.1209 3.1846e+14 3.1707e+14
4854.1346 3.1846e+14 3.1707e+14
4854.1483 3.1846e+14 3.1707e+14
4854.1620 3.1846e+14 3.1707e+14
4854.1757 3.1846e+14 3.1706e+14
4854.1894 3.1846e+14 3.1706e+14
4854.2032 3.1846e+14 3.1706e+14
4854.2169 3.1846e+14 3.1706e+14
4854.2306 3.1846e+14 3.1706e+14
4854.2443 3.1846e+14 3.1706e+14
4854.2580 3.1846e+14 3.1706e+14
4854.2717 3.1846e+14 3.1706e+14
4854.2854 3.1846e+14 3.1705e+14
4854.2992 3.1846e+14 3.1705e+14
4854.3129 3.1846e+14 3.1705e+14
4854.3266 3.1846e+14 3.1705e+14
4854.3403 3.1846e+14 3.1705e+14
4854.3540 3.1846e+14 3.1705e+14
4854.3677 3.1846e+14 3.1705e+14
4854.3814 3.1846e+14 3.1705e+14
4854.3952 3.1846e+14 3.1704e+14
4854.4089 3.1846e+14 3.1704e+14
4854.4226 3.1846e+14 3.1704e+14
4854.4363 3.1846e+14 3.1704e+14
4854.4500 3.1846e+14 3.1704e+14
4854.4637 3.1846e+14 3.1704e+14
4854.4774 3.1846e+14 3.1704e+14
4854.4911 3.1846e+14 3.1704e+14
4854.5049 3.1846e+14 3.1703e+14
4854.5186 3.1846e+14 3.1703e+14
4854.5323 3.1846e+14 3.1703e+14
4854.5460 3.1846e+14 3.1703e+14
4854.5597 3.1846e+14 3.1703e+14
4854.5734 3.1846e+14 3.1703e+14
4854.5871 3.1846e+14 3.1703e+14
4854.6009 3.1846e+14 3.1703e+14
4854.6146 3.1846e+14 3.1703e+14
4854.6283 3.1846e+14 3.1702e+14
4854.6420 3.1846e+14 3.1702e+14
4854.6557 3.1846e+14 3.1702e+14
4854.6694 3.1846e+14 3.1702e+14
4854.6831 3.1846e+14 3.1702e+14
4854.6969 3.1846e+14 3.1702e+14
4854.7106 3.1846e+14 3.1702e+14
4854.7243 3.1846e+14 3.1702e+14
4854.7380 3.1846e+14 3.1701e+14
4854.7517 3.1846e+14 3.1701e+14
4854.7654 3.1846e+14 3.1701e+14
4854.7791 3.1846e+14 3.1701e+14
4854.7929 3.1846e+14 3.1701e+14
4854.8066 3.1846e+14 3.1701e+14
4854.8203 3.1846e+14 3.1701e+14
4854.8340 3.1846e+14 3.1701e+14
4854.8477 3.1846e+14 3.1700e+14
4854.8614 3.1846e+14 3.1700e+14
4854.8751 3.1846e+14 3.1700e+14
4854.8888 3.1846e+14 3.1700e+14
4854.9026 3.1846e+14 3.1700e+14
4854.9163 3.1846e+14 3.1700e+14
4854.9300 3.1846e+14 3.1700e+14
4854.9437 3.1846e+14 3.1700e+14
4854.9574 3.1846e+14 3.1699e+14
4854.9711 3.1846e+14 3.1699e+14
4854.9848 3.1846e+14 3.1699e+14
4854.9986 3.1846e+14 3.1699e+14
4855.0123 3.1846e+14 3.1699e+14
4855.0260 3.1846e+14 3.1699e+14
4855.0397 3.1846e+14 3.1699e+14
4855.0534 3.1846e+14 3.1699e+14
4855.0671 3.1846e+14 3.1699e+14
4855.0808 3.1846e+14 3.1698e+14
4855.0946 3.1846e+14 3.1698e+14
4855.1083 3.1846e+14 3.1698e+14
4855.1220 3.1846e+14 3.1698e+14
4855.1357 3.1846e+14 3.1698e+14
4855.1494 3.1846e+14 3.1698e+14
4855.1631 3.1846e+14 3.1698e+14
4855.1768 3.1846e+14 3.1698e+14
4855.1905 3.1846e+14 3.1697e+14
4855.2043 3.1846e+14 3.1697e+14
4855.2180 3.1846e+14 3.1697e+14
4855.2317 3.1846e+14 3.1697e+14
4855.2454 3.1846e+14 3.1697e+14
4855.2591 3.1846e+14 3.1697e+14
4855.2728 3.1846e+14 3.1697e+14
4855.2865 3.1846e+14 3.1697e+14
4855.3003 3.1846e+14 3.1697e+14
4855.3140 3.1846e+14 3.1696e+14
4855.3277 3.1846e+14 3.1696e+14
4855.3414 3.1846e+14 3.1696e+14
4855.3551 3.1846e+14 3.1696e+14
4855.3688 3.1846e+14 3.1696e+14
4855.3825 3.1846e+14 3.1696e+14
4855.3963 3.1846e+14 3.1696e+14
4855.4100 3.1846e+14 3.1696e+14
4855.4237 3.1846e+14 3.1695e+14
4855.4374 3.1846e+14 3.1695e+14
4855.4511 3.1846e+14 3.1695e+14
4855.4648 3.1846e+14 3.1695e+14
4855.4785 3.1846e+14 3.1695e+14
4855.4922 3.1846e+14 3.1695e+14
4855.5060 3.1846e+14 3.1695e+14
4855.5197 3.1846e+14 3.1695e+14
4855.5334 3.1846e+14 3.1695e+14
4855.5471 3.1846e+14 3.1694e+14
4855.5608 3.1846e+14 3.1694e+14
4855.5745 3.1846e+14 3.1694e+14
4855.5882 3.1846e+14 3.1694e+14
4855.6020 3.1846e+14 3.1694e+14
4855.6157 3.1846e+14 3.1694e+14
4855.6294 3.1846e+14 3.1694e+14
4855.6431 3.1846e+14 3.1694e+14
4855.6568 3.1846e+14 3.1693e+14
4855.6705 3.1846e+14 3.1693e+14
4855.6842 3.1846e+14 3.1693e+14
4855.6980 3.1846e+14 3.1693e+14
4855.7117 3.1846e+14 3.1693e+14
4855.7254 3.1846e+14 3.1693e+14
4855.7391 3.1846e+14 3.1693e+14
4855.7528 3.1846e+14 3.1693e+14
4855.7665 3.1846e+14 3.1693e+14
4855.7802 3.1846e+14 3.1692e+14
4855.7940 3.1846e+14 3.1692e+14
4855.8077 3.1846e+14 3.1692e+14
4855.8214 3.1846e+14 3.1692e+14
4855.8351 3.1846e+14 3.1692e+14
4855.8488 3.1846e+14 3.1692e+14
4855.8625 3.1846e+14 3.1692e+14
4855.8762 3.1846e+14 3.1692e+14
4855.8899 3.1846e+14 3.1692e+14
4855.9037 3.1846e+14 3.1691e+14
4855.9174 3.1846e+14 3.1691e+14
4855.9311 3.1846e+14 3.1691e+14
4855.9448 3.1846e+14 3.1691e+14
4855.9585 3.1846e+14 3.1691e+14
4855.9722 3.1846e+14 3.1691e+14
4855.9859 3.1846e+14 3.1691e+14
4855.9997 3.1846e+14 3.1691e+14
4856.0134 3.1846e+14 3.1691e+14
4856.0271 3.1846e+14 3.1690e+14
4856.0408 3.1846e+14 3.1690e+14
4856.0545 3.1846e+14 3.1690e+14
4856.0682 3.1846e+14 3.1690e+14
4856.0819 3.1846e+14 3.1690e+14
4856.0957 3.1846e+14 3.1690e+14
4856.1094 3.1846e+14 3.1690e+14
4856.1231 3.1846e+14 3.1690e+14
4856.1368 3.1846e+14 3.1690e+14
4856.1505 3.1846e+14 3.1689e+14
4856.1642 3.1846e+14 3.1689e+14
4856.1779 3.1846e+14 3.1689e+14
4856.1916 3.1846e+14 3.1689e+14
4856.2054 3.1846e+14 3.1689e+14
4856.2191 3.1846e+14 3.1689e+14
4856.2328 3.1846e+14 3.1689e+14
4856.2465 3.1846e+14 3.1689e+14
4856.2602 3.1846e+14 3.1689e+14
4856.2739 3.1846e+14 3.1688e+14
4856.2876 3.1846e+14 3.1688e+14
4856.3014 3.1846e+14 3.1688e+14
4856.3151 3.1846e+14 3.1688e+14
4856.3288 3.1846e+14 3.1688e+14
4856.3425 3.1846e+14 3.1688e+14
4856.3562 3.1846e+14 3.1688e+14
4856.3699 3.1846e+14 3.1688e+14
4856.3836 3.1846e+14 3.1688e+14
4856.3974 3.1846e+14 3.1687e+14
4856.4111 3.1846e+14 3.1687e+14
4856.4248 3.1846e+14 3.1687e+14
4856.4385 3.1846e+14 3.1687e+14
4856.4522 3.1846e+14 3.1687e+14
4856.4659 3.1846e+14 3.1687e+14
4856.4796 3.1846e+14 3.1687e+14
4856.4933 3.1846e+14 3.1687e+14
4856.5071 3.1846e+14 3.1687e+14
4856.5208 3.1846e+14 3.1686e+14
4856.5345 3.1846e+14 3.1686e+14
4856.5482 3.1846e+14 3.1686e+14
4856.5619 3.1846e+14 3.1686e+14
4856.5756 3.1846e+14 3.1686e+14
4856.5893 3.1846e+14 3.1686e+14
4856.6031 3.1846e+14 3.1686e+14
4856.6168 3.1846e+14 3.1686e+14
4856.6305 3.1846e+14 3.1686e+14
4856.6442 3.1846e+14 3.1685e+14
4856.6579 3.1846e+14 3.1685e+14
4856.6716 3.1846e+14 3.1685e+14
4856.6853 3.1846e+14 3.1685e+14
4856.6991 3.1846e+14 3.1685e+14
4856.7128 3.1846e+14 3.1685e+14
4856.7265 3.1846e+14 3.1685e+14
4856.7402 3.1846e+14 3.1685e+14
4856.7539 3.1846e+14 3.1685e+14
4856.7676 3.1846e+14 3.1685e+14
4856.7813 3.1846e+14 3.1684e+14
4856.7951 3.1846e+14 3.1684e+14
4856.8088 3.1846e+14 3.1684e+14
4856.8225 3.1846e+14 3.1684e+14
4856.8362 3.1846e+14 3.1684e+14
4856.8499 3.1846e+14 3.1684e+14
4856.8636 3.1846e+14 3.1684e+14
4856.8773 3.1846e+14 3.1684e+14
4856.8910 3.1846e+14 3.1684e+14
4856.9048 3.1846e+14 3.1684e+14
4856.9185 3.1846e+14 3.1683e+14
4856.9322 3.1846e+14 3.1683e+14
4856.9459 3.1846e+14 3.1683e+14
4856.9596 3.1846e+14 3.1683e+14
4856.9733 3.1846e+14 3.1683e+14
4856.9870 3.1846e+14 3.1683e+14
4857.0008 3.1846e+14 3.1683e+14
4857.0145 3.1846e+14 3.1683e+14
4857.0282 3.1846e+14 3.1683e+14
4857.0419 3.1846e+14 3.1683e+14
4857.0556 3.1846e+14 3.1682e+14
4857.0693 3.1846e+14 3.1682e+14
4857.0830 3.1846e+14 3.1682e+14
4857.0968 3.1845e+14 3.1682e+14
4857.1105 3.1845e+14 3.1682e+14
4857.1242 3.1845e+14 3.1682e+14
4857.1379 3.1845e+14 3.1682e+14
4857.1516 3.1845e+14 3.1682e+14
4857.1653 3.1845e+14 3.1682e+14
4857.1790 3.1845e+14 3.1682e+14
4857.1927 3.1845e+14 3.1681e+14
4857.2065 3.1845e+14 3.1681e+14
4857.2202 3.1845e+14 3.1681e+14
4857.2339 3.1845e+14 3.1681e+14
4857.2476 3.1845e+14 3.1681e+14
4857.2613 3.1845e+14 3.1681e+14
4857.2750 3.1845e+14 3.1681e+14
4857.2887 3.1845e+14 3.1681e+14
4857.3025 3.1845e+14 3.1681e+14
4857.3162 3.1845e+14 3.1681e+14
4857.3299 3.1845e+14 3.1680e+14
4857.3436 3.1845e+14 3.1680e+14
4857.3573 3.1845e+14 3.1680e+14
4857.3710 3.1845e+14 3.1680e+14
4857.3847 3.1845e+14 3.1680e+14
4857.3985 3.1845e+14 3.1680e+14
4857.4122 3.1845e+14 3.1680e+14
4857.4259 3.1845e+14 3.1680e+14
4857.4396 3.1845e+14 3.1680e+14
4857.4533 3.1845e+14 3.1680e+14
4857.4670 3.1845e+14 3.1679e+14
4857.4807 3.1845e+14 3.1679e+14
4857.4944 3.1845e+14 3.1679e+14
4857.5082 3.1845e+14 3.1679e+14
4857.5219 3.1845e+14 3.1679e+14
4857.5356 3.1845e+14 3.1679e+14
4857.5493 3.1845e+14 3.1679e+14
4857.5630 3.1845e+14 3.1679e+14
4857.5767 3.1845e+14 3.1679e+14
4857.5904 3.1845e+14 3.1679e+14
4857.6042 3.1845e+14 3.1679e+14
4857.6179 3.1845e+14 3.1678e+14
4857.6316 3.1845e+14 3.1678e+14
4857.6453 3.1845e+14 3.1678e+14
4857.6590 3.1845e+14 3.1678e+14
4857.6727 3.1845e+14 3.1678e+14
4857.6864 3.1845e+14 3.1678e+14
4857.7002 3.1845e+14 3.1678e+14
4857.7139 3.1845e+14 3.1678e+14
4857.7276 3.1845e+14 3.1678e+14
4857.7413 3.1845e+14 3.1678e+14
4857.7550 3.1845e+14 3.1678e+14
4857.7687 3.1845e+14 3.1677e+14
4857.7824 3.1845e+14 3.1677e+14
4857.7962 3.1845e+14 3.1677e+14
4857.8099 3.1845e+14 3.1677e+14
4857.8236 3.1845e+14 3.1677e+14
4857.8373 3.1845e+14 3.1677e+14
4857.8510 3.1845e+14 3.1677e+14
4857.8647 3.1845e+14 3.1677e+14
4857.8784 3.1845e+14 3.1677e+14
4857.8921 3.1845e+14 3.1677e+14
4857.9059 3.1845e+14 3.1677e+14
4857.9196 3.1845e+14 3.1677e+14
4857.9333 3.1845e+14 3.1676e+14
4857.9470 3.1845e+14 3.1676e+14
4857.9607 3.1845e+14 3.1676e+14
4857.9744 3.1845e+14 3.1676e+14
4857.9881 3.1845e+14 3.1676e+14
4858.0019 3.1845e+14 3.1676e+14
4858.0156 3.1845e+14 3.1676e+14
4858.0293 3.1845e+14 3.1676e+14
4858.0430 3.1845e+14 3.1676e+14
4858.0567 3.1845e+14 3.1676e+14
4858.0704 3.1845e+14 3.1676e+14
4858.0841 3.1845e+14 3.1676e+14
4858.0979 3.1845e+14 3.1675e+14
4858.1116 3.1845e+14 3.1675e+14
4858.1253 3.1845e+14 3.1675e+14
4858.1390 3.1845e+14 3.1675e+14
4858.1527 3.1845e+14 3.1675e+14
4858.1664 3.1845e+14 3.1675e+14
4858.1801 3.1845e+14 3.1675e+14
4858.1938 3.1845e+14 3.1675e+14
4858.2076 3.1845e+14 3.1675e+14
4858.2213 3.1845e+14 3.1675e+14
4858.2350 3.1845e+14 3.1675e+14
4858.2487 3.1845e+14 3.1675e+14
4858.2624 3.1845e+14 3.1674e+14
4858.2761 3.1845e+14 3.1674e+14
4858.2898 3.1845e+14 3.1674e+14
4858.3036 3.1845e+14 3.1674e+14
4858.3173 3.1845e+14 3.1674e+14
4858.3310 3.1845e+14 3.1674e+14
4858.3447 3.1845e+14 3.1674e+14
4858.3584 3.1845e+14 3.1674e+14
4858.3721 3.1845e+14 3.1674e+14
4858.3858 3.1845e+14 3.1674e+14
4858.3996 3.1845e+14 3.1674e+14
4858.4133 3.1845e+14 3.1674e+14
4858.4270 3.1845e+14 3.1674e+14
4858.4407 3.1845e+14 3.1673e+14
4858.4544 3.1845e+14 3.1673e+14
4858.4681 3.1845e+14 3.1673e+14
4858.4818 3.1845e+14 3.1673e+14
4858.4955 3.1845e+14 3.1673e+14
4858.5093 3.1845e+14 3.1673e+14
4858.5230 3.1845e+14 3.1673e+14
4858.5367 3.1845e+14 3.1673e+14
4858.5504 3.1845e+14 3.1673e+14
4858.5641 3.1845e+14 3.1673e+14
4858.5778 3.1845e+14 3.1673e+14
4858.5915 3.1845e+14 3.1673e+14
4858.6053 3.1845e+14 3.1673e+14
4858.6190 3.1845e+14 3.1672e+14
4858.6327 3.1845e+14 3.1672e+14
4858.6464 3.1845e+14 3.1672e+14
4858.6601 3.1845e+14 3.1672e+14
4858.6738 3.1845e+14 3.1672e+14
4858.6875 3.1845e+14 3.1672e+14
4858.7013 3.1845e+14 3.1672e+14
4858.7150 3.1845e+14 3.1672e+14
4858.7287 3.1845e+14 3.1672e+14
4858.7424 3.1845e+14 3.1672e+14
4858.7561 3.1845e+14 3.1672e+14
4858.7698 3.1845e+14 3.1672e+14
4858.7835 3.1845e+14 3.1672e+14
4858.7973 3.1845e+14 3.1672e+14
4858.8110 3.1845e+14 3.1672e+14
4858.8247 3.1845e+14 3.1671e+14
4858.8384 3.1845e+14 3.1671e+14
4858.8521 3.1845e+14 3.1671e+14
4858.8658 3.1845e+14 3.1671e+14
4858.8795 3.1845e+14 3.1671e+14
4858.8932 3.1845e+14 3.1671e+14
4858.9070 3.1845e+14 3.1671e+14
4858.9207 3.1845e+14 3.1671e+14
4858.9344 3.1845e+14 3.1671e+14
4858.9481 3.1845e+14 3.1671e+14
4858.9618 3.1845e+14 3.1671e+14
4858.9755 3.1845e+14 3.1671e+14
4858.9892 3.1845e+14 3.1671e+14
4859.0030 3.1845e+14 3.1671e+14
4859.0167 3.1845e+14 3.1671e+14
4859.0304 3.1845e+14 3.1670e+14
4859.0441 3.1845e+14 3.1670e+14
4859.0578 3.1845e+14 3.1670e+14
4859.0715 3.1845e+14 3.1670e+14
4859.0852 3.1845e+14 3.1670e+14
4859.0990 3.1845e+14 3.1670e+14
4859.1127 3.1845e+14 3.1670e+14
4859.1264 3.1845e+14 3.1670e+14
4859.1401 3.1845e+14 3.1670e+14
4859.1538 3.1845e+14 3.1670e+14
4859.1675 3.1845e+14 3.1670e+14
4859.1812 3.1845e+14 3.1670e+14
4859.1949 3.1845e+14 3.1670e+14
4859.2087 3.1845e+14 3.1670e+14
4859.2224 3.1845e+14 3.1670e+14
4859.2361 3.1845e+14 3.1670e+14
4859.2498 3.1845e+14 3.1670e+14
4859.2635 3.1845e+14 3.1669e+14
4859.2772 3.1845e+14 3.1669e+14
4859.2909 3.1845e+14 3.1669e+14
4859.3047 3.1845e+14 3.1669e+14
4859.3184 3.1845e+14 3.1669e+14
4859.3321 3.1845e+14 3.1669e+14
4859.3458 3.1845e+14 3.1669e+14
4859.3595 3.1845e+14 3.1669e+14
4859.3732 3.1845e+14 3.1669e+14
4859.3869 3.1845e+14 3.1669e+14
4859.4007 3.1845e+14 3.1669e+14
4859.4144 3.1845e+14 3.1669e+14
4859.4281 3.1845e+14 3.1669e+14
4859.4418 3.1845e+14 3.1669e+14
4859.4555 3.1845e+14 3.1669e+14
4859.4692 3.1845e+14 3.1669e+14
4859.4829 3.1845e+14 3.1669e+14
4859.4966 3.1845e+14 3.1669e+14
4859.5104 3.1845e+14 3.1668e+14
4859.5241 3.1845e+14 3.1668e+14
4859.5378 3.1845e+14 3.1668e+14
4859.5515 3.1845e+14 3.1668e+14
4859.5652 3.1845e+14 3.1668e+14
4859.5789 3.1845e+14 3.1668e+14
4859.5926 3.1845e+14 3.1668e+14
4859.6064 3.1845e+14 3.1668e+14
4859.6201 3.1845e+14 3.1668e+14
4859.6338 3.1845e+14 3.1668e+14
4859.6475 3.1845e+14 3.1668e+14
4859.6612 3.1845e+14 3.1668e+14
4859.6749 3.1845e+14 3.1668e+14
4859.6886 3.1845e+14 3.1668e+14
4859.7024 3.1845e+14 3.1668e+14
4859.7161 3.1845e+14 3.1668e+14
4859.7298 3.1845e+14 3.1668e+14
4859.7435 3.1845e+14 3.1668e+14
4859.7572 3.1845e+14 3.1668e+14
4859.7709 3.1845e+14 3.1668e+14
4859.7846 3.1845e+14 3.1668e+14
4859.7984 3.1845e+14 3.1667e+14
4859.8121 3.1845e+14 3.1667e+14
4859.8258 3.1845e+14 3.1667e+14
4859.8395 3.1845e+14 3.1667e+14
4859.8532 3.1845e+14 3.1667e+14
4859.8669 3.1845e+14 3.1667e+14
4859.8806 3.1845e+14 3.1667e+14
4859.8943 3.1845e+14 3.1667e+14
4859.9081 3.1845e+14 3.1667e+14
4859.9218 3.1845e+14 3.1667e+14
4859.9355 3.1845e+14 3.1667e+14
4859.9492 3.1845e+14 3.1667e+14
4859.9629 3.1845e+14 3.1667e+14
4859.9766 3.1845e+14 3.1667e+14
4859.9903 3.1845e+14 3.1667e+14
4860.0041 3.1845e+14 3.1667e+14
4860.0178 3.1845e+14 3.1667e+14
4860.0315 3.1845e+14 3.1667e+14
4860.0452 3.1845e+14 3.1667e+14
4860.0589 3.1845e+14 3.1667e+14
4860.0726 3.1845e+14 3.1667e+14
4860.0863 3.1845e+14 3.1667e+14
4860.1001 3.1845e+14 3.1667e+14
4860.1138 3.1845e+14 3.1667e+14
4860.1275 3.1845e+14 3.1667e+14
4860.1412 3.1845e+14 3.1667e+14
4860.1549 3.1845e+14 3.1666e+14
4860.1686 3.1845e+14 3.1666e+14
4860.1823 3.1845e+14 3.1666e+14
4860.1960 3.1845e+14 3.1666e+14
4860.2098 3.1845e+14 3.1666e+14
4860.2235 3.1845e+14 3.1666e+14
4860.2372 3.1845e+14 3.1666e+14
4860.2509 3.1845e+14 3.1666e+14
4860.2646 3.1845e+14 3.1666e+14
4860.2783 3.1845e+14 3.1666e+14
4860.2920 3.1845e+14 3.1666e+14
4860.3058 3.1845e+14 3.1666e+14
4860.3195 3.1845e+14 3.1666e+14
4860.3332 3.1845e+14 3.1666e+14
4860.3469 3.1845e+14 3.1666e+14
4860.3606 3.1845e+14 3.1666e+14
4860.3743 3.1845e+14 3.1666e+14
4860.3880 3.1845e+14 3.1666e+14
4860.4018 3.1845e+14 3.1666e+14
4860.4155 3.1845e+14 3.1666e+14
4860.4292 3.1845e+14 3.1666e+14
4860.4429 3.1845e+14 3.1666e+14
4860.4566 3.1845e+14 3.1666e+14
4860.4703 3.1845e+14 3.1666e+14
4860.4840 3.1845e+14 3.1666e+14
4860.4977 3.1845e+14 3.1666e+14
4860.5115 3.1845e+14 3.1666e+14
4860.5252 3.1845e+14 3.1666e+14
4860.5389 3.1845e+14 3.1666e+14
4860.5526 3.1845e+14 3.1666e+14
4860.5663 3.1845e+14 3.1666e+14
4860.5800 3.1845e+14 3.1666e+14
4860.5937 3.1845e+14 3.1666e+14
4860.6075 3.1845e+14 3.1666e+14
4860.6212 3.1845e+14 3.1666e+14
4860.6349 3.1845e+14 3.1666e+14
4860.6486 3.1845e+14 3.1665e+14
4860.6623 3.1845e+14 3.1665e+14
4860.6760 3.1845e+14 3.1665e+14
4860.6897 3.1845e+14 3.1665e+14
4860.7035 3.1845e+14 3.1665e+14
4860.7172 3.1845e+14 3.1665e+14
4860.7309 3.1845e+14 3.1665e+14
4860.7446 3.1845e+14 3.1665e+14
4860.7583 3.1845e+14 3.1665e+14
4860.7720 3.1845e+14 3.1665e+14
4860.7857 3.1845e+14 3.1665e+14
4860.7995 3.1845e+14 3.1665e+14
4860.8132 3.1845e+14 3.1665e+14
4860.8269 3.1845e+14 3.1665e+14
4860.8406 3.1845e+14 3.1665e+14
4860.8543 3.1845e+14 3.1665e+14
4860.8680 3.1845e+14 3.1665e+14
4860.8817 3.1845e+14 3.1665e+14
4860.8954 3.1845e+14 3.1665e+14
4860.9092 3.1845e+14 3.1665e+14
4860.9229 3.1845e+14 3.1665e+14
4860.9366 3.1845e+14 3.1665e+14
4860.9503 3.1845e+14 3.1665e+14
4860.9640 3.1845e+14 3.1665e+14
4860.9777 3.1845e+14 3.1665e+14
4860.9914 3.1845e+14 3.1665e+14
4861.0052 3.1845e+14 3.1665e+14
4861.0189 3.1845e+14 3.1665e+14
4861.0326 3.1845e+14 3.1665e+14
4861.0463 3.1845e+14 3.1665e+14
4861.0600 3.1845e+14 3.1665e+14
4861.0737 3.1845e+14 3.1665e+14
4861.0874 3.1845e+14 3.1665e+14
4861.1012 3.1845e+14 3.1665e+14
4861.1149 3.1845e+14 3.1665e+14
4861.1286 3.1845e+14 3.1665e+14
4861.1423 3.1845e+14 3.1665e+14
4861.1560 3.1845e+14 3.1665e+14
4861.1697 3.1845e+14 3.1665e+14
4861.1834 3.1845e+14 3.1665e+14
4861.1971 3.1845e+14 3.1665e+14
4861.2109 3.1845e+14 3.1665e+14
4861.2246 3.1845e+14 3.1665e+14
4861.2383 3.1845e+14 3.1665e+14
4861.2520 3.1845e+14 3.1665e+14
4861.2657 3.1845e+14 3.1665e+14
4861.2794 3.1845e+14 3.1665e+14
4861.2931 3.1845e+14 3.1665e+14
4861.3069 3.1845e+14 3.1665e+14
4861.3206 3.1845e+14 3.1665e+14
4861.3343 3.1845e+14 3.1665e+14
4861.3480 3.1845e+14 3.1665e+14
4861.3617 3.1845e+14 3.1665e+14
4861.3754 3.1845e+14 3.1665e+14
4861.3891 3.1845e+14 3.1665e+14
4861.4029 3.1845e+14 3.1665e+14
4861.4166 3.1845e+14 3.1665e+14
4861.4303 3.1845e+14 3.1665e+14
4861.4440 3.1845e+14 3.1665e+14
4861.4577 3.1845e+14 3.1665e+14
4861.4714 3.1845e+14 3.1665e+14
4861.4851 3.1845e+14 3.1665e+14
4861.4988 3.1845e+14 3.1665e+14
4861.5126 3.1845e+14 3.1665e+14
4861.5263 3.1845e+14 3.1665e+14
4861.5400 3.1845e+14 3.1665e+14
4861.5537 3.1845e+14 3.1665e+14
4861.5674 3.1845e+14 3.1665e+14
4861.5811 3.1845e+14 3.1665e+14
4861.5948 3.1845e+14 3.1665e+14
4861.6086 3.1845e+14 3.1665e+14
4861.6223 3.1845e+14 3.1665e+14
4861.6360 3.1845e+14 3.1665e+14
4861.6497 3.1845e+14 3.1665e+14
4861.6634 3.1845e+14 3.1665e+14
4861.6771 3.1845e+14 3.1665e+14
4861.6908 3.1845e+14 3.1665e+14
4861.7046 3.1845e+14 3.1665e+14
4861.7183 3.1845e+14 3.1665e+14
4861.7320 3.1845e+14 3.1665e+14
4861.7457 3.1845e+14 3.1665e+14
4861.7594 3.1845e+14 3.1665e+14
4861.7731 3.1845e+14 3.1665e+14
4861.7868 3.1845e+14 3.1665e+14
4861.8005 3.1845e+14 3.1665e+14
4861.8143 3.1845e+14 3.1665e+14
4861.8280 3.1845e+14 3.1665e+14
4861.8417 3.1845e+14 3.1665e+14
4861.8554 3.1845e+14 3.1665e+14
4861.8691 3.1845e+14 3.1665e+14
4861.8828 3.1845e+14 3.1665e+14
4861.8965 3.1845e+14 3.1665e+14
4861.9103 3.1845e+14 3.1665e+14
4861.9240 3.1845e+14 3.1665e+14
4861.9377 3.1845e+14 3.1665e+14
4861.9514 3.1845e+14 3.1665e+14
4861.9651 3.1845e+14 3.1665e+14
4861.9788 3.1845e+14 3.1665e+14
4861.9925 3.1845e+14 3.1665e+14
4862.0063 3.1845e+14 3.1665e+14
4862.0200 3.1845e+14 3.1665e+14
4862.0337 3.1845e+14 3.1665e+14
4862.0474 3.1845e+14 3.1665e+14
4862.0611 3.1845e+14 3.1665e+14
4862.0748 3.1845e+14 3.1665e+14
4862.0885 3.1845e+14 3.1665e+14
4862.1023 3.1845e+14 3.1665e+14
4862.1160 3.1845e+14 3.1665e+14
4862.1297 3.1845e+14 3.1665e+14
4862.1434 3.1845e+14 3.1665e+14
4862.1571 3.1845e+14 3.1665e+14
4862.1708 3.1845e+14 3.1666e+14
4862.1845 3.1845e+14 3.1666e+14
4862.1982 3.1845e+14 3.1666e+14
4862.2120 3.1844e+14 3.1666e+14
4862.2257 3.1844e+14 3.1666e+14
4862.2394 3.1844e+14 3.1666e+14
4862.2531 3.1844e+14 3.1666e+14
4862.2668 3.1844e+14 3.1666e+14
4862.2805 3.1844e+14 3.1666e+14
4862.2942 3.1844e+14 3.1666e+14
4862.3080 3.1844e+14 3.1666e+14
4862.3217 3.1844e+14 3.1666e+14
4862.3354 3.1844e+14 3.1666e+14
4862.3491 3.1844e+14 3.1666e+14
4862.3628 3.1844e+14 3.1666e+14
4862.3765 3.1844e+14 3.1666e+14
4862.3902 3.1844e+14 3.1666e+14
4862.4040 3.1844e+14 3.1666e+14
4862.4177 3.1844e+14 3.1666e+14
4862.4314 3.1844e+14 3.1666e+14
4862.4451 3.1844e+14 3.1666e+14
4862.4588 3.1844e+14 3.1666e+14
4862.4725 3.1844e+14 3.1666e+14
4862.4862 3.1844e+14 3.1666e+14
4862.4999 3.1844e+14 3.1666e+14
4862.5137 3.1844e+14 3.1666e+14
4862.5274 3.1844e+14 3.1666e+14
4862.5411 3.1844e+14 3.1666e+14
4862.5548 3.1844e+14 3.1666e+14
4862.5685 3.1844e+14 3.1666e+14
4862.5822 3.1844e+14 3.1666e+14
4862.5959 3.1844e+14 3.1666e+14
4862.6097 3.1844e+14 3.1666e+14
4862.6234 3.1844e+14 3.1666e+14
4862.6371 3.1844e+14 3.1666e+14
4862.6508 3.1844e+14 3.1666e+14
4862.6645 3.1844e+14 3.1667e+14
4862.6782 3.1844e+14 3.1667e+14
4862.6919 3.1844e+14 3.1667e+14
4862.7057 3.1844e+14 3.1667e+14
4862.7194 3.1844e+14 3.1667e+14
4862.7331 3.1844e+14 3.1667e+14
4862.7468 3.1844e+14 3.1667e+14
4862.7605 3.1844e+14 3.1667e+14
4862.7742 3.1844e+14 3.1667e+14
4862.7879 3.1844e+14 3.1667e+14
4862.8016 3.1844e+14 3.1667e+14
4862.8154 3.1844e+14 3.1667e+14
4862.8291 3.1844e+14 3.1667e+14
4862.8428 3.1844e+14 3.1667e+14
4862.8565 3.1844e+14 3.1667e+14
4862.8702 3.1844e+14 3.1667e+14
4862.8839 3.1844e+14 3.1667e+14
4862.8976 3.1844e+14 3.1667e+14
4862.9114 3.1844e+14 3.1667e+14
4862.9251 3.1844e+14 3.1667e+14
4862.9388 3.1844e+14 3.1667e+14
4862.9525 3.1844e+14 3.1667e+14
4862.9662 3.1844e+14 3.1667e+14
4862.9799 3.1844e+14 3.1667e+14
4862.9936 3.1844e+14 3.1667e+14
4863.0074 3.1844e+14 3.1667e+14
4863.0211 3.1844e+14 3.1668e+14
4863.0348 3.1844e+14 3.1668e+14
4863.0485 3.1844e+14 3.1668e+14
4863.0622 3.1844e+14 3.1668e+14
4863.0759 3.1844e+14 3.1668e+14
4863.0896 3.1844e+14 3.1668e+14
4863.1034 3.1844e+14 3.1668e+14
4863.1171 3.1844e+14 3.1668e+14
4863.1308 3.1844e+14 3.1668e+14
4863.1445 3.1844e+14 3.1668e+14
4863.1582 3.1844e+14 3.1668e+14
4863.1719 3.1844e+14 3.1668e+14
4863.1856 3.1844e+14 3.1668e+14
4863.1993 3.1844e+14 3.1668e+14
4863.2131 3.1844e+14 3.1668e+14
4863.2268 3.1844e+14 3.1668e+14
4863.2405 3.1844e+14 3.1668e+14
4863.2542 3.1844e+14 3.1668e+14
4863.2679 3.1844e+14 3.1668e+14
4863.2816 3.1844e+14 3.1668e+14
4863.2953 3.1844e+14 3.1668e+14
4863.3091 3.1844e+14 3.1669e+14
4863.3228 3.1844e+14 3.1669e+14
4863.3365 3.1844e+14 3.1669e+14
4863.3502 3.1844e+14 3.1669e+14
4863.3639 3.1844e+14 3.1669e+14
4863.3776 3.1844e+14 3.1669e+14
4863.3913 3.1844e+14 3.1669e+14
4863.4051 3.1844e+14 3.1669e+14
4863.4188 3.1844e+14 3.1669e+14
4863.4325 3.1844e+14 3.1669e+14
4863.4462 3.1844e+14 3.1669e+14
4863.4599 3.1844e+14 3.1669e+14
4863.4736 3.1844e+14 3.1669e+14
4863.4873 3.1844e+14 3.1669e+14
4863.5010 3.1844e+14 3.1669e+14
4863.5148 3.1844e+14 3.1669e+14
4863.5285 3.1844e+14 3.1669e+14
4863.5422 3.1844e+14 3.1669e+14
4863.5559 3.1844e+14 3.1669e+14
4863.5696 3.1844e+14 3.1670e+14
4863.5833 3.1844e+14 3.1670e+14
4863.5970 3.1844e+14 3.1670e+14
4863.6108 3.1844e+14 3.1670e+14
4863.6245 3.1844e+14 3.1670e+14
4863.6382 3.1844e+14 3.1670e+14
4863.6519 3.1844e+14 3.1670e+14
4863.6656 3.1844e+14 3.1670e+14
4863.6793 3.1844e+14 3.1670e+14
4863.6930 3.1844e+14 3.1670e+14
4863.7068 3.1844e+14 3.1670e+14
4863.7205 3.1844e+14 3.1670e+14
4863.7342 3.1844e+14 3.1670e+14
4863.7479 3.1844e+14 3.1670e+14
4863.7616 3.1844e+14 3.1670e+14
4863.7753 3.1844e+14 3.1670e+14
4863.7890 3.1844e+14 3.1670e+14
4863.8027 3.1844e+14 3.1671e+14
4863.8165 3.1844e+14 3.1671e+14
4863.8302 3.1844e+14 3.1671e+14
4863.8439 3.1844e+14 3.1671e+14
4863.8576 3.1844e+14 3.1671e+14
4863.8713 3.1844e+14 3.1671e+14
4863.8850 3.1844e+14 3.1671e+14
4863.8987 3.1844e+14 3.1671e+14
4863.9125 3.1844e+14 3.1671e+14
4863.9262 3.1844e+14 3.1671e+14
4863.9399 3.1844e+14 3.1671e+14
4863.9536 3.1844e+14 3.1671e+14
4863.9673 3.1844e+14 3.1671e+14
4863.9810 3.1844e+14 3.1671e+14
4863.9947 3.1844e+14 3.1671e+14
4864.0085 3.1844e+14 3.1672e+14
4864.0222 3.1844e+14 3.1672e+14
4864.0359 3.1844e+14 3.1672e+14
4864.0496 3.1844e+14 3.1672e+14
4864.0633 3.1844e+14 3.1672e+14
4864.0770 3.1844e+14 3.1672e+14
4864.0907 3.1844e+14 3.1672e+14
4864.1045 3.1844e+14 3.1672e+14
4864.1182 3.1844e+14 3.1672e+14
4864.1319 3.1844e+14 3.1672e+14
4864.1456 3.1844e+14 3.1672e+14
4864.1593 3.1844e+14 3.1672e+14
4864.1730 3.1844e+14 3.1672e+14
4864.1867 3.1844e+14 3.1672e+14
4864.2004 3.1844e+14 3.1672e+14
4864.2142 3.1844e+14 3.1673e+14
4864.2279 3.1844e+14 3.1673e+14
4864.2416 3.1844e+14 3.1673e+14
4864.2553 3.1844e+14 3.1673e+14
4864.2690 3.1844e+14 3.1673e+14
4864.2827 3.1844e+14 3.1673e+14
4864.2964 3.1844e+14 3.1673e+14
4864.3102 3.1844e+14 3.1673e+14
4864.3239 3.1844e+14 3.1673e+14
4864.3376 3.1844e+14 3.1673e+14
4864.3513 3.1844e+14 3.1673e+14
4864.3650 3.1844e+14 3.1673e+14
4864.3787 3.1844e+14 3.1673e+14
4864.3924 3.1844e+14 3.1674e+14
4864.4062 3.1844e+14 3.1674e+14
4864.4199 3.1844e+14 3.1674e+14
4864.4336 3.1844e+14 3.1674e+14
4864.4473 3.1844e+14 3.1674e+14
4864.4610 3.1844e+14 3.1674e+14
4864.4747 3.1844e+14 3.1674e+14
4864.4884 3.1844e+14 3.1674e+14
4864.5021 3.1844e+14 3.1674e+14
4864.5159 3.1844e+14 3.1674e+14
4864.5296 3.1844e+14 3.1674e+14
4864.5433 3.1844e+14 3.1674e+14
4864.5570 3.1844e+14 3.1674e+14
4864.5707 3.1844e+14 3.1675e+14
4864.5844 3.1844e+14 3.1675e+14
4864.5981 3.1844e+14 3.1675e+14
4864.6119 3.1844e+14 3.1675e+14
4864.6256 3.1844e+14 3.1675e+14
4864.6393 3.1844e+14 3.1675e+14
4864.6530 3.1844e+14 3.1675e+14
4864.6667 3.1844e+14 3.1675e+14
4864.6804 3.1844e+14 3.1675e+14
4864.6941 3.1844e+14 3.1675e+14
4864.7079 3.1844e+14 3.1675e+14
4864.7216 3.1844e+14 3.1675e+14
4864.7353 3.1844e+14 3.1675e+14
4864.7490 3.1844e+14 3.1676e+14
4864.7627 3.1844e+14 3.1676e+14
4864.7764 3.1844e+14 3.1676e+14
4864.7901 3.1844e+14 3.1676e+14
4864.8038 3.1844e+14 3.1676e+14
4864.8176 3.1844e+14 3.1676e+14
4864.8313 3.1844e+14 3.1676e+14
4864.8450 3.1844e+14 3.1676e+14
4864.8587 3.1844e+14 3.1676e+14
4864.8724 3.1844e+14 3.1676e+14
4864.8861 3.1844e+14 3.1676e+14
4864.8998 3.1844e+14 3.1676e+14
4864.9136 3.1844e+14 3.1677e+14
4864.9273 3.1844e+14 3.1677e+14
4864.9410 3.1844e+14 3.1677e+14
4864.9547 3.1844e+14 3.1677e+14
4864.9684 3.1844e+14 3.1677e+14
4864.9821 3.1844e+14 3.1677e+14
4864.9958 3.1844e+14 3.1677e+14
4865.0096 3.1844e+14 3.1677e+14
4865.0233 3.1844e+14 3.1677e+14
4865.0370 3.1844e+14 3.1677e+14
4865.0507 3.1844e+14 3.1677e+14
4865.0644 3.1844e+14 3.1677e+14
4865.0781 3.1844e+14 3.1678e+14
4865.0918 3.1844e+14 3.1678e+14
4865.1056 3.1844e+14 3.1678e+14
4865.1193 3.1844e+14 3.1678e+14
4865.1330 3.1844e+14 3.1678e+14
4865.1467 3.1844e+14 3.1678e+14
4865.1604 3.1844e+14 3.1678e+14
4865.1741 3.1844e+14 3.1678e+14
4865.1878 3.1844e+14 3.1678e+14
4865.2015 3.1844e+14 3.1678e+14
4865.2153 3.1844e+14 3.1678e+14
4865.2290 3.1844e+14 3.1679e+14
4865.2427 3.1844e+14 3.1679e+14
4865.2564 3.1844e+14 3.1679e+14
4865.2701 3.1844e+14 3.1679e+14
4865.2838 3.1844e+14 3.1679e+14
4865.2975 3.1844e+14 3.1679e+14
4865.3113 3.1844e+14 3.1679e+14
4865.3250 3.1844e+14 3.1679e+14
4865.3387 3.1844e+14 3.1679e+14
4865.3524 3.1844e+14 3.1679e+14
4865.3661 3.1844e+14 3.1679e+14
4865.3798 3.1844e+14 3.1680e+14
4865.3935 3.1844e+14 3.1680e+14
4865.4073 3.1844e+14 3.1680e+14
4865.4210 3.1844e+14 3.1680e+14
4865.4347 3.1844e+14 3.1680e+14
4865.4484 3.1844e+14 3.1680e+14
4865.4621 3.1844e+14 3.1680e+14
4865.4758 3.1844e+14 3.1680e+14
4865.4895 3.1844e+14 3.1680e+14
4865.5032 3.1844e+14 3.1680e+14
4865.5170 3.1844e+14 3.1680e+14
4865.5307 3.1844e+14 3.1681e+14
4865.5444 3.1844e+14 3.1681e+14
4865.5581 3.1844e+14 3.1681e+14
4865.5718 3.1844e+14 3.1681e+14
4865.5855 3.1844e+14 3.1681e+14
4865.5992 3.1844e+14 3.1681e+14
4865.6130 3.1844e+14 3.1681e+14
4865.6267 3.1844e+14 3.1681e+14
4865.6404 3.1844e+14 3.1681e+14
4865.6541 3.1844e+14 3.1681e+14
4865.6678 3.1844e+14 3.1682e+14
4865.6815 3.1844e+14 3.1682e+14
4865.6952 3.1844e+14 3.1682e+14
4865.7090 3.1844e+14 3.1682e+14
4865.7227 3.1844e+14 3.1682e+14
4865.7364 3.1844e+14 3.1682e+14
4865.7501 3.1844e+14 3.1682e+14
4865.7638 3.1844e+14 3.1682e+14
4865.7775 3.1844e+14 3.1682e+14
4865.7912 3.1844e+14 3.1682e+14
4865.8049 3.1844e+14 3.1682e+14
4865.8187 3.1844e+14 3.1683e+14
4865.8324 3.1844e+14 3.1683e+14
4865.8461 3.1844e+14 3.1683e+14
4865.8598 3.1844e+14 3.1683e+14
4865.8735 3.1844e+14 3.1683e+14
4865.8872 3.1844e+14 3.1683e+14
4865.9009 3.1844e+14 3.1683e+14
4865.9147 3.1844e+14 3.1683e+14
4865.9284 3.1844e+14 3.1683e+14
4865.9421 3.1844e+14 3.1683e+14
4865.9558 3.1844e+14 3.1684e+14
4865.9695 3.1844e+14 3.1684e+14
4865.9832 3.1844e+14 3.1684e+14
4865.9969 3.1844e+14 3.1684e+14
4866.0107 3.1844e+14 3.1684e+14
4866.0244 3.1844e+14 3.1684e+14
4866.0381 3.1844e+14 3.1684e+14
4866.0518 3.1844e+14 3.1684e+14
4866.0655 3.1844e+14 3.1684e+14
4866.0792 3.1844e+14 3.1684e+14
4866.0929 3.1844e+14 3.1685e+14
4866.1067 3.1844e+14 3.1685e+14
4866.1204 3.1844e+14 3.1685e+14
4866.1341 3.1844e+14 3.1685e+14
4866.1478 3.1844e+14 3.1685e+14
4866.1615 3.1844e+14 3.1685e+14
4866.1752 3.1844e+14 3.1685e+14
4866.1889 3.1844e+14 3.1685e+14
4866.2026 3.1844e+14 3.1685e+14
4866.2164 3.1844e+14 3.1686e+14
4866.2301 3.1844e+14 3.1686e+14
4866.2438 3.1844e+14 3.1686e+14
4866.2575 3.1844e+14 3.1686e+14
4866.2712 3.1844e+14 3.1686e+14
4866.2849 3.1844e+14 3.1686e+14
4866.2986 3.1844e+14 3.1686e+14
4866.3124 3.1844e+14 3.1686e+14
4866.3261 3.1844e+14 3.1686e+14
4866.3398 3.1844e+14 3.1686e+14
4866.3535 3.1844e+14 3.1687e+14
4866.3672 3.1844e+14 3.1687e+14
4866.3809 3.1844e+14 3.1687e+14
4866.3946 3.1844e+14 3.1687e+14
4866.4084 3.1844e+14 3.1687e+14
4866.4221 3.1844e+14 3.1687e+14
4866.4358 3.1844e+14 3.1687e+14
4866.4495 3.1844e+14 3.1687e+14
4866.4632 3.1844e+14 3.1687e+14
4866.4769 3.1844e+14 3.1688e+14
4866.4906 3.1844e+14 3.1688e+14
4866.5043 3.1844e+14 3.1688e+14
4866.5181 3.1844e+14 3.1688e+14
4866.5318 3.1844e+14 3.1688e+14
4866.5455 3.1844e+14 3.1688e+14
4866.5592 3.1844e+14 3.1688e+14
4866.5729 3.1844e+14 3.1688e+14
4866.5866 3.1844e+14 3.1688e+14
4866.6003 3.1844e+14 3.1688e+14
4866.6141 3.1844e+14 3.1689e+14
4866.6278 3.1844e+14 3.1689e+14
4866.6415 3.1843e+14 3.1689e+14
4866.6552 3.1843e+14 3.1689e+14
4866.6689 3.1843e+14 3.1689e+14
4866.6826 3.1843e+14 3.1689e+14
4866.6963 3.1843e+14 3.1689e+14
4866.7101 3.1843e+14 3.1689e+14
4866.7238 3.1843e+14 3.1689e+14
4866.7375 3.1843e+14 3.1690e+14
4866.7512 3.1843e+14 3.1690e+14
4866.7649 3.1843e+14 3.1690e+14
4866.7786 3.1843e+14 3.1690e+14
4866.7923 3.1843e+14 3.1690e+14
4866.8060 3.1843e+14 3.1690e+14
4866.8198 3.1843e+14 3.1690e+14
4866.8335 3.1843e+14 3.1690e+14
4866.8472 3.1843e+14 3.1690e+14
4866.8609 3.1843e+14 3.1691e+14
4866.8746 3.1843e+14 3.1691e+14
4866.8883 3.1843e+14 3.1691e+14
4866.9020 3.1843e+14 3.1691e+14
4866.9158 3.1843e+14 3.1691e+14
4866.9295 3.1843e+14 3.1691e+14
4866.9432 3.1843e+14 3.1691e+14
4866.9569 3.1843e+14 3.1691e+14
4866.9706 3.1843e+14 3.1691e+14
4866.9843 3.1843e+14 3.1692e+14
4866.9980 3.1843e+14 3.1692e+14
4867.0118 3.1843e+14 3.1692e+14
4867.0255 3.1843e+14 3.1692e+14
4867.0392 3.1843e+14 3.1692e+14
4867.0529 3.1843e+14 3.1692e+14
4867.0666 3.1843e+14 3.1692e+14
4867.0803 3.1843e+14 3.1692e+14
4867.0940 3.1843e+14 3.1692e+14
4867.1078 3.1843e+14 3.1692e+14
4867.1215 3.1843e+14 3.1693e+14
4867.1352 3.1843e+14 3.1693e+14
4867.1489 3.1843e+14 3.1693e+14
4867.1626 3.1843e+14 3.1693e+14
4867.1763 3.1843e+14 3.1693e+14
4867.1900 3.1843e+14 3.1693e+14
4867.2037 3.1843e+14 3.1693e+14
4867.2175 3.1843e+14 3.1693e+14
4867.2312 3.1843e+14 3.1694e+14
4867.2449 3.1843e+14 3.1694e+14
4867.2586 3.1843e+14 3.1694e+14
4867.2723 3.1843e+14 3.1694e+14
4867.2860 3.1843e+14 3.1694e+14
4867.2997 3.1843e+14 3.1694e+14
4867.3135 3.1843e+14 3.1694e+14
4867.3272 3.1843e+14 3.1694e+14
4867.3409 3.1843e+14 3.1694e+14
4867.3546 3.1843e+14 3.1695e+14
4867.3683 3.1843e+14 3.1695e+14
4867.3820 3.1843e+14 3.1695e+14
4867.3957 3.1843e+14 3.1695e+14
4867.4095 3.1843e+14 3.1695e+14
4867.4232 3.1843e+14 3.1695e+14
4867.4369 3.1843e+14 3.1695e+14
4867.4506 3.1843e+14 3.1695e+14
4867.4643 3.1843e+14 3.1695e+14
4867.4780 3.1843e+14 3.1696e+14
4867.4917 3.1843e+14 3.1696e+14
4867.5054 3.1843e+14 3.1696e+14
4867.5192 3.1843e+14 3.1696e+14
4867.5329 3.1843e+14 3.1696e+14
4867.5466 3.1843e+14 3.1696e+14
4867.5603 3.1843e+14 3.1696e+14
4867.5740 3.1843e+14 3.1696e+14
4867.5877 3.1843e+14 3.1696e+14
4867.6014 3.1843e+14 3.1697e+14
4867.6152 3.1843e+14 3.1697e+14
4867.6289 3.1843e+14 3.1697e+14
4867.6426 3.1843e+14 3.1697e+14
4867.6563 3.1843e+14 3.1697e+14
4867.6700 3.1843e+14 3.1697e+14
4867.6837 3.1843e+14 3.1697e+14
4867.6974 3.1843e+14 3.1697e+14
4867.7112 3.1843e+14 3.1697e+14
4867.7249 3.1843e+14 3.1698e+14
4867.7386 3.1843e+14 3.1698e+14
4867.7523 3.1843e+14 3.1698e+14
4867.7660 3.1843e+14 3.1698e+14
4867.7797 3.1843e+14 3.1698e+14
4867.7934 3.1843e+14 3.1698e+14
4867.8071 3.1843e+14 3.1698e+14
4867.8209 3.1843e+14 3.1698e+14
4867.8346 3.1843e+14 3.1699e+14
4867.8483 3.1843e+14 3.1699e+14
4867.8620 3.1843e+14 3.1699e+14
4867.8757 3.1843e+14 3.1699e+14
4867.8894 3.1843e+14 3.1699e+14
4867.9031 3.1843e+14 3.1699e+14
4867.9169 3.1843e+14 3.1699e+14
4867.9306 3.1843e+14 3.1699e+14
4867.9443 3.1843e+14 3.1699e+14
4867.9580 3.1843e+14 3.1700e+14
4867.9717 3.1843e+14 3.1700e+14
4867.9854 3.1843e+14 3.1700e+14
4867.9991 3.1843e+14 3.1700e+14
4868.0129 3.1843e+14 3.1700e+14
4868.0266 3.1843e+14 3.1700e+14
4868.0403 3.1843e+14 3.1700e+14
4868.0540 3.1843e+14 3.1700e+14
4868.0677 3.1843e+14 3.1700e+14
4868.0814 3.1843e+14 3.1701e+14
4868.0951 3.1843e+14 3.1701e+14
4868.1089 3.1843e+14 3.1701e+14
4868.1226 3.1843e+14 3.1701e+14
4868.1363 3.1843e+14 3.1701e+14
4868.1500 3.1843e+14 3.1701e+14
4868.1637 3.1843e+14 3.1701e+14
4868.1774 3.1843e+14 3.1701e+14
4868.1911 3.1843e+14 3.1702e+14
4868.2048 3.1843e+14 3.1702e+14
4868.2186 3.1843e+14 3.1702e+14
4868.2323 3.1843e+14 3.1702e+14
4868.2460 3.1843e+14 3.1702e+14
4868.2597 3.1843e+14 3.1702e+14
4868.2734 3.1843e+14 3.1702e+14
4868.2871 3.1843e+14 3.1702e+14
4868.3008 3.1843e+14 3.1702e+14
4868.3146 3.1843e+14 3.1703e+14
4868.3283 3.1843e+14 3.1703e+14
4868.3420 3.1843e+14 3.1703e+14
4868.3557 3.1843e+14 3.1703e+14
4868.3694 3.1843e+14 3.1703e+14
4868.3831 3.1843e+14 3.1703e+14
4868.3968 3.1843e+14 3.1703e+14
4868.4106 3.1843e+14 3.1703e+14
4868.4243 3.1843e+14 3.1703e+14
4868.4380 3.1843e+14 3.1704e+14
4868.4517 3.1843e+14 3.1704e+14
4868.4654 3.1843e+14 3.1704e+14
4868.4791 3.1843e+14 3.1704e+14
4868.4928 3.1843e+14 3.1704e+14
4868.5065 3.1843e+14 3.1704e+14
4868.5203 3.1843e+14 3.1704e+14
4868.5340 3.1843e+14 3.1704e+14
4868.5477 3.1843e+14 3.1705e+14
4868.5614 3.1843e+14 3.1705e+14
4868.5751 3.1843e+14 3.1705e+14
4868.5888 3.1843e+14 3.1705e+14
4868.6025 3.1843e+14 3.1705e+14
4868.6163 3.1843e+14 3.1705e+14
4868.6300 3.1843e+14 3.1705e+14
4868.6437 3.1843e+14 3.1705e+14
4868.6574 3.1843e+14 3.1705e+14
4868.6711 3.1843e+14 3.1706e+14
4868.6848 3.1843e+14 3.1706e+14
4868.6985 3.1843e+14 3.1706e+14
4868.7123 3.1843e+14 3.1706e+14
4868.7260 3.1843e+14 3.1706e+14
4868.7397 3.1843e+14 3.1706e+14
4868.7534 3.1843e+14 3.1706e+14
4868.7671 3.1843e+14 3.1706e+14
4868.7808 3.1843e+14 3.1707e+14
4868.7945 3.1843e+14 3.1707e+14
4868.8082 3.1843e+14 3.1707e+14
4868.8220 3.1843e+14 3.1707e+14
4868.8357 3.1843e+14 3.1707e+14
4868.8494 3.1843e+14 3.1707e+14
4868.8631 3.1843e+14 3.1707e+14
4868.8768 3.1843e+14 3.1707e+14
4868.8905 3.1843e+14 3.1707e+14
4868.9042 3.1843e+14 3.1708e+14
4868.9180 3.1843e+14 3.1708e+14
4868.9317 3.1843e+14 3.1708e+14
4868.9454 3.1843e+14 3.1708e+14
4868.9591 3.1843e+14 3.1708e+14
4868.9728 3.1843e+14 3.1708e+14
4868.9865 3.1843e+14 3.1708e+14
4869.0002 3.1843e+14 3.1708e+14
4869.0140 3.1843e+14 3.1709e+14
4869.0277 3.1843e+14 3.1709e+14
4869.0414 3.1843e+14 3.1709e+14
4869.0551 3.1843e+14 3.1709e+14
4869.0688 3.1843e+14 3.1709e+14
4869.0825 3.1843e+14 3.1709e+14
4869.0962 3.1843e+14 3.1709e+14
4869.1100 3.1843e+14 3.1709e+14
4869.1237 3.1843e+14 3.1709e+14
4869.1374 3.1843e+14 3.1710e+14
4869.1511 3.1843e+14 3.1710e+14
4869.1648 3.1843e+14 3.1710e+14
4869.1785 3.1843e+14 3.1710e+14
4869.1922 3.1843e+14 3.1710e+14
4869.2059 3.1843e+14 3.1710e+14
4869.2197 3.1843e+14 3.1710e+14
4869.2334 3.1843e+14 3.1710e+14
4869.2471 3.1843e+14 3.1711e+14
4869.2608 3.1843e+14 3.1711e+14
4869.2745 3.1843e+14 3.1711e+14
4869.2882 3.1843e+14 3.1711e+14
4869.3019 3.1843e+14 3.1711e+14
4869.3157 3.1843e+14 3.1711e+14
4869.3294 3.1843e+14 3.1711e+14
4869.3431 3.1843e+14 3.1711e+14
4869.3568 3.1843e+14 3.1711e+14
4869.3705 3.1843e+14 3.1712e+14
4869.3842 3.1843e+14 3.1712e+14
4869.3979 3.1843e+14 3.1712e+14
4869.4117 3.1843e+14 3.1712e+14
4869.4254 3.1843e+14 3.1712e+14
4869.4391 3.1843e+14 3.1712e+14
4869.4528 3.1843e+14 3.1712e+14
4869.4665 3.1843e+14 3.1712e+14
4869.4802 3.1843e+14 3.1713e+14
4869.4939 3.1843e+14 3.1713e+14
4869.5076 3.1843e+14 3.1713e+14
4869.5214 3.1843e+14 3.1713e+14
4869.5351 3.1843e+14 3.1713e+14
4869.5488 3.1843e+14 3.1713e+14
4869.5625 3.1843e+14 3.1713e+14
4869.5762 3.1843e+14 3.1713e+14
4869.5899 3.1843e+14 3.1713e+14
4869.6036 3.1843e+14 3.1714e+14
4869.6174 3.1843e+14 3.1714e+14
4869.6311 3.1843e+14 3.1714e+14
4869.6448 3.1843e+14 3.1714e+14
4869.6585 3.1843e+14 3.1714e+14
4869.6722 3.1843e+14 3.1714e+14
4869.6859 3.1843e+14 3.1714e+14
4869.6996 3.1843e+14 3.1714e+14
4869.7134 3.1843e+14 3.1714e+14
4869.7271 3.1843e+14 3.1715e+14
4869.7408 3.1843e+14 3.1715e+14
4869.7545 3.1843e+14 3.1715e+14
4869.7682 3.1843e+14 3.1715e+14
4869.7819 3.1843e+14 3.1715e+14
4869.7956 3.1843e+14 3.1715e+14
4869.8093 3.1843e+14 3.1715e+14
4869.8231 3.1843e+14 3.1715e+14
4869.8368 3.1843e+14 3.1716e+14
4869.8505 3.1843e+14 3.1716e+14
4869.8642 3.1843e+14 3.1716e+14
4869.8779 3.1843e+14 3.1716e+14
4869.8916 3.1843e+14 3.1716e+14
4869.9053 3.1843e+14 3.1716e+14
4869.9191 3.1843e+14 3.1716e+14
4869.9328 3.1843e+14 3.1716e+14
4869.9465 3.1843e+14 3.1716e+14
4869.9602 3.1843e+14 3.1717e+14
4869.9739 3.1843e+14 3.1717e+14
4869.9876 3.1843e+14 3.1717e+14
4870.0013 3.1843e+14 3.1717e+14
4870.0151 3.1843e+14 3.1717e+14
4870.0288 3.1843e+14 3.1717e+14
4870.0425 3.1843e+14 3.1717e+14
4870.0562 3.1843e+14 3.1717e+14
4870.0699 3.1843e+14 3.1717e+14
4870.0836 3.1843e+14 3.1718e+14
4870.0973 3.1843e+14 3.1718e+14
4870.1111 3.1843e+14 3.1718e+14
4870.1248 3.1843e+14 3.1718e+14
4870.1385 3.1843e+14 3.1718e+14
4870.1522 3.1843e+14 3.1718e+14
4870.1659 3.1843e+14 3.1718e+14
4870.1796 3.1843e+14 3.1718e+14
4870.1933 3.1843e+14 3.1719e+14
4870.2070 3.1843e+14 3.1719e+14
4870.2208 3.1843e+14 3.1719e+14
4870.2345 3.1843e+14 3.1719e+14
4870.2482 3.1843e+14 3.1719e+14
4870.2619 3.1843e+14 3.1719e+14
4870.2756 3.1843e+14 3.1719e+14
4870.2893 3.1843e+14 3.1719e+14
4870.3030 3.1843e+14 3.1719e+14
4870.3168 3.1843e+14 3.1720e+14
4870.3305 3.1843e+14 3.1720e+14
4870.3442 3.1843e+14 3.1720e+14
4870.3579 3.1843e+14 3.1720e+14
4870.3716 3.1843e+14 3.1720e+14
4870.3853 3.1843e+14 3.1720e+14
4870.3990 3.1843e+14 3.1720e+14
4870.4128 3.1843e+14 3.1720e+14
4870.4265 3.1843e+14 3.1720e+14
4870.4402 3.1843e+14 3.1721e+14
4870.4539 3.1843e+14 3.1721e+14
4870.4676 3.1843e+14 3.1721e+14
4870.4813 3.1843e+14 3.1721e+14
4870.4950 3.1843e+14 3.1721e+14
4870.5087 3.1843e+14 3.1721e+14
4870.5225 3.1843e+14 3.1721e+14
4870.5362 3.1843e+14 3.1721e+14
4870.5499 3.1843e+14 3.1722e+14
4870.5636 3.1843e+14 3.1722e+14
4870.5773 3.1843e+14 3.1722e+14
4870.5910 3.1843e+14 3.1722e+14
4870.6047 3.1842e+14 3.1722e+14
4870.6185 3.1842e+14 3.1722e+14
4870.6322 3.1842e+14 3.1722e+14
4870.6459 3.1842e+14 3.1722e+14
4870.6596 3.1842e+14 3.1722e+14
4870.6733 3.1842e+14 3.1723e+14
4870.6870 3.1842e+14 3.1723e+14
4870.7007 3.1842e+14 3.1723e+14
4870.7145 3.1842e+14 3.1723e+14
4870.7282 3.1842e+14 3.1723e+14
4870.7419 3.1842e+14 3.1723e+14
4870.7556 3.1842e+14 3.1723e+14
4870.7693 3.1842e+14 3.1723e+14
4870.7830 3.1842e+14 3.1723e+14
4870.7967 3.1842e+14 3.1724e+14
4870.8104 3.1842e+14 3.1724e+14
4870.8242 3.1842e+14 3.1724e+14
4870.8379 3.1842e+14 3.1724e+14
4870.8516 3.1842e+14 3.1724e+14
4870.8653 3.1842e+14 3.1724e+14
4870.8790 3.1842e+14 3.1724e+14
4870.8927 3.1842e+14 3.1724e+14
4870.9064 3.1842e+14 3.1724e+14
4870.9202 3.1842e+14 3.1725e+14
4870.9339 3.1842e+14 3.1725e+14
4870.9476 3.1842e+14 3.1725e+14
4870.9613 3.1842e+14 3.1725e+14
4870.9750 3.1842e+14 3.1725e+14
4870.9887 3.1842e+14 3.1725e+14
4871.0024 3.1842e+14 3.1725e+14
4871.0162 3.1842e+14 3.1725e+14
4871.0299 3.1842e+14 3.1725e+14
4871.0436 3.1842e+14 3.1726e+14
4871.0573 3.1842e+14 3.1726e+14
4871.0710 3.1842e+14 3.1726e+14
4871.0847 3.1842e+14 3.1726e+14
4871.0984 3.1842e+14 3.1726e+14
4871.1122 3.1842e+14 3.1726e+14
4871.1259 3.1842e+14 3.1726e+14
4871.1396 3.1842e+14 3.1726e+14
4871.1533 3.1842e+14 3.1726e+14
4871.1670 3.1842e+14 3.1727e+14
4871.1807 3.1842e+14 3.1727e+14
4871.1944 3.1842e+14 3.1727e+14
4871.2081 3.1842e+14 3.1727e+14
4871.2219 3.1842e+14 3.1727e+14
4871.2356 3.1842e+14 3.1727e+14
4871.2493 3.1842e+14 3.1727e+14
4871.2630 3.1842e+14 3.1727e+14
4871.2767 3.1842e+14 3.1727e+14
4871.2904 3.1842e+14 3.1728e+14
4871.3041 3.1842e+14 3.1728e+14
4871.3179 3.1842e+14 3.1728e+14
4871.3316 3.1842e+14 3.1728e+14
4871.3453 3.1842e+14 3.1728e+14
4871.3590 3.1842e+14 3.1728e+14
4871.3727 3.1842e+14 3.1728e+14
4871.3864 3.1842e+14 3.1728e+14
4871.4001 3.1842e+14 3.1728e+14
4871.4139 3.1842e+14 3.1729e+14
4871.4276 3.1842e+14 3.1729e+14
4871.4413 3.1842e+14 3.1729e+14
4871.4550 3.1842e+14 3.1729e+14
4871.4687 3.1842e+14 3.1729e+14
4871.4824 3.1842e+14 3.1729e+14
4871.4961 3.1842e+14 3.1729e+14
4871.5098 3.1842e+14 3.1729e+14
4871.5236 3.1842e+14 3.1729e+14
4871.5373 3.1842e+14 3.1730e+14
4871.5510 3.1842e+14 3.1730e+14
4871.5647 3.1842e+14 3.1730e+14
4871.5784 3.1842e+14 3.1730e+14
4871.5921 3.1842e+14 3.1730e+14
4871.6058 3.1842e+14 3.1730e+14
4871.6196 3.1842e+14 3.1730e+14
4871.6333 3.1842e+14 3.1730e+14
4871.6470 3.1842e+14 3.1730e+14
4871.6607 3.1842e+14 3.1731e+14
4871.6744 3.1842e+14 3.1731e+14
4871.6881 3.1842e+14 3.1731e+14
4871.7018 3.1842e+14 3.1731e+14
4871.7156 3.1842e+14 3.1731e+14
4871.7293 3.1842e+14 3.1731e+14
4871.7430 3.1842e+14 3.1731e+14
4871.7567 3.1842e+14 3.1731e+14
4871.7704 3.1842e+14 3.1731e+14
4871.7841 3.1842e+14 3.1731e+14
4871.7978 3.1842e+14 3.1732e+14
4871.8115 3.1842e+14 3.1732e+14
4871.8253 3.1842e+14 3.1732e+14
4871.8390 3.1842e+14 3.1732e+14
4871.8527 3.1842e+14 3.1732e+14
4871.8664 3.1842e+14 3.1732e+14
4871.8801 3.1842e+14 3.1732e+14
4871.8938 3.1842e+14 3.1732e+14
4871.9075 3.1842e+14 3.1732e+14
4871.9213 3.1842e+14 3.1733e+14
4871.9350 3.1842e+14 3.1733e+14
4871.9487 3.1842e+14 3.1733e+14
4871.9624 3.1842e+14 3.1733e+14
4871.9761 3.1842e+14 3.1733e+14
4871.9898 3.1842e+14 3.1733e+14
4872.0035 3.1842e+14 3.1733e+14
4872.0173 3.1842e+14 3.1733e+14
4872.0310 3.1842e+14 3.1733e+14
4872.0447 3.1842e+14 3.1734e+14
4872.0584 3.1842e+14 3.1734e+14
4872.0721 3.1842e+14 3.1734e+14
4872.0858 3.1842e+14 3.1734e+14
4872.0995 3.1842e+14 3.1734e+14
4872.1133 3.1842e+14 3.1734e+14
4872.1270 3.1842e+14 3.1734e+14
4872.1407 3.1842e+14 3.1734e+14
4872.1544 3.1842e+14 3.1734e+14
4872.1681 3.1842e+14 3.1734e+14
4872.1818 3.1842e+14 3.1735e+14
4872.1955 3.1842e+14 3.1735e+14
4872.2092 3.1842e+14 3.1735e+14
4872.2230 3.1842e+14 3.1735e+14
4872.2367 3.1842e+14 3.1735e+14
4872.2504 3.1842e+14 3.1735e+14
4872.2641 3.1842e+14 3.1735e+14
4872.2778 3.1842e+14 3.1735e+14
4872.2915 3.1842e+14 3.1735e+14
4872.3052 3.1842e+14 3.1735e+14
4872.3190 3.1842e+14 3.1736e+14
4872.3327 3.1842e+14 3.1736e+14
4872.3464 3.1842e+14 3.1736e+14
4872.3601 3.1842e+14 3.1736e+14
4872.3738 3.1842e+14 3.1736e+14
4872.3875 3.1842e+14 3.1736e+14
4872.4012 3.1842e+14 3.1736e+14
4872.4150 3.1842e+14 3.1736e+14
4872.4287 3.1842e+14 3.1736e+14
4872.4424 3.1842e+14 3.1737e+14
4872.4561 3.1842e+14 3.1737e+14
4872.4698 3.1842e+14 3.1737e+14
4872.4835 3.1842e+14 3.1737e+14
4872.4972 3.1842e+14 3.1737e+14
4872.5109 3.1842e+14 3.1737e+14
4872.5247 3.1842e+14 3.1737e+14
4872.5384 3.1842e+14 3.1737e+14
4872.5521 3.1842e+14 3.1737e+14
4872.5658 3.1842e+14 3.1737e+14
4872.5795 3.1842e+14 3.1738e+14
4872.5932 3.1842e+14 3.1738e+14
4872.6069 3.1842e+14 3.1738e+14
4872.6207 3.1842e+14 3.1738e+14
4872.6344 3.1842e+14 3.1738e+14
4872.6481 3.1842e+14 3.1738e+14
4872.6618 3.1842e+14 3.1738e+14
4872.6755 3.1842e+14 3.1738e+14
4872.6892 3.1842e+14 3.1738e+14
4872.7029 3.1842e+14 3.1738e+14
4872.7167 3.1842e+14 3.1739e+14
4872.7304 3.1842e+14 3.1739e+14
4872.7441 3.1842e+14 3.1739e+14
4872.7578 3.1842e+14 3.1739e+14
4872.7715 3.1842e+14 3.1739e+14
4872.7852 3.1842e+14 3.1739e+14
4872.7989 3.1842e+14 3.1739e+14
4872.8126 3.1842e+14 3.1739e+14
4872.8264 3.1842e+14 3.1739e+14
4872.8401 3.1842e+14 3.1740e+14
4872.8538 3.1842e+14 3.1740e+14
4872.8675 3.1842e+14 3.1740e+14
4872.8812 3.1842e+14 3.1740e+14
4872.8949 3.1842e+14 3.1740e+14
4872.9086 3.1842e+14 3.1740e+14
4872.9224 3.1842e+14 3.1740e+14
4872.9361 3.1842e+14 3.1740e+14
4872.9498 3.1842e+14 3.1740e+14
4872.9635 3.1842e+14 3.1740e+14
4872.9772 3.1842e+14 3.1741e+14
4872.9909 3.1842e+14 3.1741e+14
4873.0046 3.1842e+14 3.1741e+14
4873.0184 3.1842e+14 3.1741e+14
4873.0321 3.1842e+14 3.1741e+14
4873.0458 3.1842e+14 3.1741e+14
4873.0595 3.1842e+14 3.1741e+14
4873.0732 3.1842e+14 3.1741e+14
4873.0869 3.1842e+14 3.1741e+14
4873.1006 3.1842e+14 3.1741e+14
4873.1144 3.1842e+14 3.1742e+14
4873.1281 3.1842e+14 3.1742e+14
4873.1418 3.1842e+14 3.1742e+14
4873.1555 3.1842e+14 3.1742e+14
4873.1692 3.1842e+14 3.1742e+14
4873.1829 3.1842e+14 3.1742e+14
4873.1966 3.1842e+14 3.1742e+14
4873.2103 3.1842e+14 3.1742e+14
4873.2241 3.1842e+14 3.1742e+14
4873.2378 3.1842e+14 3.1742e+14
4873.2515 3.1842e+14 3.1742e+14
4873.2652 3.1842e+14 3.1743e+14
4873.2789 3.1842e+14 3.1743e+14
4873.2926 3.1842e+14 3.1743e+14
4873.3063 3.1842e+14 3.1743e+14
4873.3201 3.1842e+14 3.1743e+14
4873.3338 3.1842e+14 3.1743e+14
4873.3475 3.1842e+14 3.1743e+14
4873.3612 3.1842e+14 3.1743e+14
4873.3749 3.1842e+14 3.1743e+14
4873.3886 3.1842e+14 3.1743e+14
4873.4023 3.1842e+14 3.1744e+14
4873.4161 3.1842e+14 3.1744e+14
4873.4298 3.1842e+14 3.1744e+14
4873.4435 3.1842e+14 3.1744e+14
4873.4572 3.1842e+14 3.1744e+14
4873.4709 3.1842e+14 3.1744e+14
4873.4846 3.1842e+14 3.1744e+14
4873.4983 3.1842e+14 3.1744e+14
4873.5120 3.1842e+14 3.1744e+14
4873.5258 3.1842e+14 3.1744e+14
4873.5395 3.1842e+14 3.1745e+14
4873.5532 3.1842e+14 3.1745e+14
4873.5669 3.1842e+14 3.1745e+14
4873.5806 3.1842e+14 3.1745e+14
4873.5943 3.1842e+14 3.1745e+14
4873.6080 3.1842e+14 3.1745e+14
4873.6218 3.1842e+14 3.1745e+14
4873.6355 3.1842e+14 3.1745e+14
4873.6492 3.1842e+14 3.1745e+14
4873.6629 3.1842e+14 3.1745e+14
4873.6766 3.1842e+14 3.1745e+14
4873.6903 3.1842e+14 3.1746e+14
4873.7040 3.1842e+14 3.1746e+14
4873.7178 3.1842e+14 3.1746e+14
4873.7315 3.1842e+14 3.1746e+14
4873.7452 3.1842e+14 3.1746e+14
4873.7589 3.1842e+14 3.1746e+14
4873.7726 3.1842e+14 3.1746e+14
4873.7863 3.1842e+14 3.1746e+14
4873.8000 3.1842e+14 3.1746e+14
4873.8137 3.1842e+14 3.1746e+14
4873.8275 3.1842e+14 3.1747e+14
4873.8412 3.1842e+14 3.1747e+14
4873.8549 3.1842e+14 3.1747e+14
4873.8686 3.1842e+14 3.1747e+14
4873.8823 3.1842e+14 3.1747e+14
4873.8960 3.1842e+14 3.1747e+14
4873.9097 3.1842e+14 3.1747e+14
4873.9235 3.1842e+14 3.1747e+14
4873.9372 3.1842e+14 3.1747e+14
4873.9509 3.1842e+14 3.1747e+14
4873.9646 3.1842e+14 3.1747e+14
4873.9783 3.1842e+14 3.1748e+14
4873.9920 3.1842e+14 3.1748e+14
4874.0057 3.1842e+14 3.1748e+14
4874.0195 3.1842e+14 3.1748e+14
4874.0332 3.1842e+14 3.1748e+14
4874.0469 3.1842e+14 3.1748e+14
4874.0606 3.1842e+14 3.1748e+14
4874.0743 3.1842e+14 3.1748e+14
4874.0880 3.1842e+14 3.1748e+14
4874.1017 3.1842e+14 3.1748e+14
4874.1155 3.1842e+14 3.1748e+14
4874.1292 3.1842e+14 3.1749e+14
4874.1429 3.1842e+14 3.1749e+14
4874.1566 3.1842e+14 3.1749e+14
4874.1703 3.1842e+14 3.1749e+14
4874.1840 3.1842e+14 3.1749e+14
4874.1977 3.1842e+14 3.1749e+14
4874.2114 3.1841e+14 3.1749e+14
4874.2252 3.1841e+14 3.1749e+14
4874.2389 3.1841e+14 3.1749e+14
4874.2526 3.1841e+14 3.1749e+14
4874.2663 3.1841e+14 3.1749e+14
4874.2800 3.1841e+14 3.1750e+14
4874.2937 3.1841e+14 3.1750e+14
4874.3074 3.1841e+14 3.1750e+14
4874.3212 3.1841e+14 3.1750e+14
4874.3349 3.1841e+14 3.1750e+14
4874.3486 3.1841e+14 3.1750e+14
4874.3623 3.1841e+14 3.1750e+14
4874.3760 3.1841e+14 3.1750e+14
4874.3897 3.1841e+14 3.1750e+14
4874.4034 3.1841e+14 3.1750e+14
4874.4172 3.1841e+14 3.1750e+14
4874.4309 3.1841e+14 3.1751e+14
4874.4446 3.1841e+14 3.1751e+14
4874.4583 3.1841e+14 3.1751e+14
4874.4720 3.1841e+14 3.1751e+14
4874.4857 3.1841e+14 3.1751e+14
4874.4994 3.1841e+14 3.1751e+14
4874.5131 3.1841e+14 3.1751e+14
4874.5269 3.1841e+14 3.1751e+14
4874.5406 3.1841e+14 3.1751e+14
4874.5543 3.1841e+14 3.1751e+14
4874.5680 3.1841e+14 3.1751e+14
4874.5817 3.1841e+14 3.1752e+14
4874.5954 3.1841e+14 3.1752e+14
4874.6091 3.1841e+14 3.1752e+14
4874.6229 3.1841e+14 3.1752e+14
4874.6366 3.1841e+14 3.1752e+14
4874.6503 3.1841e+14 3.1752e+14
4874.6640 3.1841e+14 3.1752e+14
4874.6777 3.1841e+14 3.1752e+14
4874.6914 3.1841e+14 3.1752e+14
4874.7051 3.1841e+14 3.1752e+14
4874.7189 3.1841e+14 3.1752e+14
4874.7326 3.1841e+14 3.1753e+14
4874.7463 3.1841e+14 3.1753e+14
4874.7600 3.1841e+14 3.1753e+14
4874.7737 3.1841e+14 3.1753e+14
4874.7874 3.1841e+14 3.1753e+14
4874.8011 3.1841e+14 3.1753e+14
4874.8148 3.1841e+14 3.1753e+14
4874.8286 3.1841e+14 3.1753e+14
4874.8423 3.1841e+14 3.1753e+14
4874.8560 3.1841e+14 3.1753e+14
4874.8697 3.1841e+14 3.1753e+14
4874.8834 3.1841e+14 3.1753e+14
4874.8971 3.1841e+14 3.1754e+14
4874.9108 3.1841e+14 3.1754e+14
4874.9246 3.1841e+14 3.1754e+14
4874.9383 3.1841e+14 3.1754e+14
4874.9520 3.1841e+14 3.1754e+14
4874.9657 3.1841e+14 3.1754e+14
4874.9794 3.1841e+14 3.1754e+14
4874.9931 3.1841e+14 3.1754e+14
4875.0068 3.1841e+14 3.1754e+14
