# Wavelength(Å) I_cont(erg/s/cm2/Å/sr) I_abs(erg/s/cm2/Å/sr)
4328.2616 3.0901e+14 3.0867e+14
4328.2738 3.0901e+14 3.0867e+14
4328.2861 3.0901e+14 3.0867e+14
4328.2983 3.0901e+14 3.0867e+14
4328.3106 3.0901e+14 3.0867e+14
4328.3228 3.0901e+14 3.0867e+14
4328.3351 3.0901e+14 3.0867e+14
4328.3473 3.0901e+14 3.0867e+14
4328.3596 3.0901e+14 3.0867e+14
4328.3718 3.0901e+14 3.0867e+14
4328.3840 3.0901e+14 3.0867e+14
4328.3963 3.0901e+14 3.0867e+14
4328.4085 3.0902e+14 3.0867e+14
4328.4208 3.0902e+14 3.0867e+14
4328.4330 3.0902e+14 3.0867e+14
4328.4453 3.0902e+14 3.0867e+14
4328.4575 3.0902e+14 3.0867e+14
4328.4698 3.0902e+14 3.0868e+14
4328.4820 3.0902e+14 3.0868e+14
4328.4942 3.0902e+14 3.0868e+14
4328.5065 3.0902e+14 3.0868e+14
4328.5187 3.0902e+14 3.0868e+14
4328.5310 3.0902e+14 3.0868e+14
4328.5432 3.0902e+14 3.0868e+14
4328.5555 3.0902e+14 3.0868e+14
4328.5677 3.0902e+14 3.0868e+14
4328.5800 3.0902e+14 3.0868e+14
4328.5922 3.0902e+14 3.0868e+14
4328.6044 3.0902e+14 3.0868e+14
4328.6167 3.0902e+14 3.0868e+14
4328.6289 3.0902e+14 3.0868e+14
4328.6412 3.0902e+14 3.0868e+14
4328.6534 3.0903e+14 3.0868e+14
4328.6657 3.0903e+14 3.0868e+14
4328.6779 3.0903e+14 3.0868e+14
4328.6902 3.0903e+14 3.0868e+14
4328.7024 3.0903e+14 3.0868e+14
4328.7146 3.0903e+14 3.0868e+14
4328.7269 3.0903e+14 3.0868e+14
4328.7391 3.0903e+14 3.0868e+14
4328.7514 3.0903e+14 3.0868e+14
4328.7636 3.0903e+14 3.0868e+14
4328.7759 3.0903e+14 3.0868e+14
4328.7881 3.0903e+14 3.0868e+14
4328.8004 3.0903e+14 3.0868e+14
4328.8126 3.0903e+14 3.0868e+14
4328.8248 3.0903e+14 3.0868e+14
4328.8371 3.0903e+14 3.0868e+14
4328.8493 3.0903e+14 3.0868e+14
4328.8616 3.0903e+14 3.0868e+14
4328.8738 3.0903e+14 3.0868e+14
4328.8861 3.0903e+14 3.0868e+14
4328.8983 3.0904e+14 3.0868e+14
4328.9106 3.0904e+14 3.0868e+14
4328.9228 3.0904e+14 3.0868e+14
4328.9350 3.0904e+14 3.0868e+14
4328.9473 3.0904e+14 3.0868e+14
4328.9595 3.0904e+14 3.0868e+14
4328.9718 3.0904e+14 3.0869e+14
4328.9840 3.0904e+14 3.0869e+14
4328.9963 3.0904e+14 3.0869e+14
4329.0085 3.0904e+14 3.0869e+14
4329.0208 3.0904e+14 3.0869e+14
4329.0330 3.0904e+14 3.0869e+14
4329.0452 3.0904e+14 3.0869e+14
4329.0575 3.0904e+14 3.0869e+14
4329.0697 3.0904e+14 3.0869e+14
4329.0820 3.0904e+14 3.0869e+14
4329.0942 3.0904e+14 3.0869e+14
4329.1065 3.0904e+14 3.0869e+14
4329.1187 3.0904e+14 3.0869e+14
4329.1310 3.0904e+14 3.0869e+14
4329.1432 3.0904e+14 3.0869e+14
4329.1554 3.0905e+14 3.0869e+14
4329.1677 3.0905e+14 3.0869e+14
4329.1799 3.0905e+14 3.0869e+14
4329.1922 3.0905e+14 3.0869e+14
4329.2044 3.0905e+14 3.0869e+14
4329.2167 3.0905e+14 3.0869e+14
4329.2289 3.0905e+14 3.0869e+14
4329.2412 3.0905e+14 3.0869e+14
4329.2534 3.0905e+14 3.0869e+14
4329.2656 3.0905e+14 3.0869e+14
4329.2779 3.0905e+14 3.0869e+14
4329.2901 3.0905e+14 3.0869e+14
4329.3024 3.0905e+14 3.0869e+14
4329.3146 3.0905e+14 3.0869e+14
4329.3269 3.0905e+14 3.0869e+14
4329.3391 3.0905e+14 3.0869e+14
4329.3514 3.0905e+14 3.0869e+14
4329.3636 3.0905e+14 3.0869e+14
4329.3759 3.0905e+14 3.0869e+14
4329.3881 3.0905e+14 3.0869e+14
4329.4003 3.0906e+14 3.0869e+14
4329.4126 3.0906e+14 3.0869e+14
4329.4248 3.0906e+14 3.0869e+14
4329.4371 3.0906e+14 3.0869e+14
4329.4493 3.0906e+14 3.0869e+14
4329.4616 3.0906e+14 3.0870e+14
4329.4738 3.0906e+14 3.0870e+14
4329.4861 3.0906e+14 3.0870e+14
4329.4983 3.0906e+14 3.0870e+14
4329.5105 3.0906e+14 3.0870e+14
4329.5228 3.0906e+14 3.0870e+14
4329.5350 3.0906e+14 3.0870e+14
4329.5473 3.0906e+14 3.0870e+14
4329.5595 3.0906e+14 3.0870e+14
4329.5718 3.0906e+14 3.0870e+14
4329.5840 3.0906e+14 3.0870e+14
4329.5963 3.0906e+14 3.0870e+14
4329.6085 3.0906e+14 3.0870e+14
4329.6207 3.0906e+14 3.0870e+14
4329.6330 3.0906e+14 3.0870e+14
4329.6452 3.0906e+14 3.0870e+14
4329.6575 3.0907e+14 3.0870e+14
4329.6697 3.0907e+14 3.0870e+14
4329.6820 3.0907e+14 3.0870e+14
4329.6942 3.0907e+14 3.0870e+14
4329.7065 3.0907e+14 3.0870e+14
4329.7187 3.0907e+14 3.0870e+14
4329.7309 3.0907e+14 3.0870e+14
4329.7432 3.0907e+14 3.0870e+14
4329.7554 3.0907e+14 3.0870e+14
4329.7677 3.0907e+14 3.0870e+14
4329.7799 3.0907e+14 3.0870e+14
4329.7922 3.0907e+14 3.0870e+14
4329.8044 3.0907e+14 3.0870e+14
4329.8167 3.0907e+14 3.0870e+14
4329.8289 3.0907e+14 3.0870e+14
4329.8411 3.0907e+14 3.0870e+14
4329.8534 3.0907e+14 3.0870e+14
4329.8656 3.0907e+14 3.0870e+14
4329.8779 3.0907e+14 3.0870e+14
4329.8901 3.0907e+14 3.0870e+14
4329.9024 3.0908e+14 3.0870e+14
4329.9146 3.0908e+14 3.0870e+14
4329.9269 3.0908e+14 3.0870e+14
4329.9391 3.0908e+14 3.0870e+14
4329.9513 3.0908e+14 3.0870e+14
4329.9636 3.0908e+14 3.0870e+14
4329.9758 3.0908e+14 3.0871e+14
4329.9881 3.0908e+14 3.0871e+14
4330.0003 3.0908e+14 3.0871e+14
4330.0126 3.0908e+14 3.0871e+14
4330.0248 3.0908e+14 3.0871e+14
4330.0371 3.0908e+14 3.0871e+14
4330.0493 3.0908e+14 3.0871e+14
4330.0615 3.0908e+14 3.0871e+14
4330.0738 3.0908e+14 3.0871e+14
4330.0860 3.0908e+14 3.0871e+14
4330.0983 3.0908e+14 3.0871e+14
4330.1105 3.0908e+14 3.0871e+14
4330.1228 3.0908e+14 3.0871e+14
4330.1350 3.0908e+14 3.0871e+14
4330.1473 3.0908e+14 3.0871e+14
4330.1595 3.0909e+14 3.0871e+14
4330.1717 3.0909e+14 3.0871e+14
4330.1840 3.0909e+14 3.0871e+14
4330.1962 3.0909e+14 3.0871e+14
4330.2085 3.0909e+14 3.0871e+14
4330.2207 3.0909e+14 3.0871e+14
4330.2330 3.0909e+14 3.0871e+14
4330.2452 3.0909e+14 3.0871e+14
4330.2575 3.0909e+14 3.0871e+14
4330.2697 3.0909e+14 3.0871e+14
4330.2819 3.0909e+14 3.0871e+14
4330.2942 3.0909e+14 3.0871e+14
4330.3064 3.0909e+14 3.0871e+14
4330.3187 3.0909e+14 3.0871e+14
4330.3309 3.0909e+14 3.0871e+14
4330.3432 3.0909e+14 3.0871e+14
4330.3554 3.0909e+14 3.0871e+14
4330.3677 3.0909e+14 3.0871e+14
4330.3799 3.0909e+14 3.0871e+14
4330.3921 3.0909e+14 3.0871e+14
4330.4044 3.0910e+14 3.0871e+14
4330.4166 3.0910e+14 3.0871e+14
4330.4289 3.0910e+14 3.0871e+14
4330.4411 3.0910e+14 3.0871e+14
4330.4534 3.0910e+14 3.0871e+14
4330.4656 3.0910e+14 3.0871e+14
4330.4779 3.0910e+14 3.0872e+14
4330.4901 3.0910e+14 3.0872e+14
4330.5023 3.0910e+14 3.0872e+14
4330.5146 3.0910e+14 3.0872e+14
4330.5268 3.0910e+14 3.0872e+14
4330.5391 3.0910e+14 3.0872e+14
4330.5513 3.0910e+14 3.0872e+14
4330.5636 3.0910e+14 3.0872e+14
4330.5758 3.0910e+14 3.0872e+14
4330.5881 3.0910e+14 3.0872e+14
4330.6003 3.0910e+14 3.0872e+14
4330.6125 3.0910e+14 3.0872e+14
4330.6248 3.0910e+14 3.0872e+14
4330.6370 3.0910e+14 3.0872e+14
4330.6493 3.0911e+14 3.0872e+14
4330.6615 3.0911e+14 3.0872e+14
4330.6738 3.0911e+14 3.0872e+14
4330.6860 3.0911e+14 3.0872e+14
4330.6983 3.0911e+14 3.0872e+14
4330.7105 3.0911e+14 3.0872e+14
4330.7227 3.0911e+14 3.0872e+14
4330.7350 3.0911e+14 3.0872e+14
4330.7472 3.0911e+14 3.0872e+14
4330.7595 3.0911e+14 3.0872e+14
4330.7717 3.0911e+14 3.0872e+14
4330.7840 3.0911e+14 3.0872e+14
4330.7962 3.0911e+14 3.0872e+14
4330.8085 3.0911e+14 3.0872e+14
4330.8207 3.0911e+14 3.0872e+14
4330.8329 3.0911e+14 3.0872e+14
4330.8452 3.0911e+14 3.0872e+14
4330.8574 3.0911e+14 3.0872e+14
4330.8697 3.0911e+14 3.0872e+14
4330.8819 3.0911e+14 3.0872e+14
4330.8942 3.0911e+14 3.0872e+14
4330.9064 3.0912e+14 3.0872e+14
4330.9187 3.0912e+14 3.0872e+14
4330.9309 3.0912e+14 3.0872e+14
4330.9431 3.0912e+14 3.0872e+14
4330.9554 3.0912e+14 3.0872e+14
4330.9676 3.0912e+14 3.0872e+14
4330.9799 3.0912e+14 3.0872e+14
4330.9921 3.0912e+14 3.0873e+14
4331.0044 3.0912e+14 3.0873e+14
4331.0166 3.0912e+14 3.0873e+14
4331.0289 3.0912e+14 3.0873e+14
4331.0411 3.0912e+14 3.0873e+14
4331.0533 3.0912e+14 3.0873e+14
4331.0656 3.0912e+14 3.0873e+14
4331.0778 3.0912e+14 3.0873e+14
4331.0901 3.0912e+14 3.0873e+14
4331.1023 3.0912e+14 3.0873e+14
4331.1146 3.0912e+14 3.0873e+14
4331.1268 3.0912e+14 3.0873e+14
4331.1391 3.0912e+14 3.0873e+14
4331.1513 3.0913e+14 3.0873e+14
4331.1636 3.0913e+14 3.0873e+14
4331.1758 3.0913e+14 3.0873e+14
4331.1880 3.0913e+14 3.0873e+14
4331.2003 3.0913e+14 3.0873e+14
4331.2125 3.0913e+14 3.0873e+14
4331.2248 3.0913e+14 3.0873e+14
4331.2370 3.0913e+14 3.0873e+14
4331.2493 3.0913e+14 3.0873e+14
4331.2615 3.0913e+14 3.0873e+14
4331.2738 3.0913e+14 3.0873e+14
4331.2860 3.0913e+14 3.0873e+14
4331.2982 3.0913e+14 3.0873e+14
4331.3105 3.0913e+14 3.0873e+14
4331.3227 3.0913e+14 3.0873e+14
4331.3350 3.0913e+14 3.0873e+14
4331.3472 3.0913e+14 3.0873e+14
4331.3595 3.0913e+14 3.0873e+14
4331.3717 3.0913e+14 3.0873e+14
4331.3840 3.0913e+14 3.0873e+14
4331.3962 3.0913e+14 3.0873e+14
4331.4084 3.0914e+14 3.0873e+14
4331.4207 3.0914e+14 3.0873e+14
4331.4329 3.0914e+14 3.0873e+14
4331.4452 3.0914e+14 3.0873e+14
4331.4574 3.0914e+14 3.0873e+14
4331.4697 3.0914e+14 3.0873e+14
4331.4819 3.0914e+14 3.0873e+14
4331.4942 3.0914e+14 3.0873e+14
4331.5064 3.0914e+14 3.0874e+14
4331.5186 3.0914e+14 3.0874e+14
4331.5309 3.0914e+14 3.0874e+14
4331.5431 3.0914e+14 3.0874e+14
4331.5554 3.0914e+14 3.0874e+14
4331.5676 3.0914e+14 3.0874e+14
4331.5799 3.0914e+14 3.0874e+14
4331.5921 3.0914e+14 3.0874e+14
4331.6044 3.0914e+14 3.0874e+14
4331.6166 3.0914e+14 3.0874e+14
4331.6288 3.0914e+14 3.0874e+14
4331.6411 3.0914e+14 3.0874e+14
4331.6533 3.0915e+14 3.0874e+14
4331.6656 3.0915e+14 3.0874e+14
4331.6778 3.0915e+14 3.0874e+14
4331.6901 3.0915e+14 3.0874e+14
4331.7023 3.0915e+14 3.0874e+14
4331.7146 3.0915e+14 3.0874e+14
4331.7268 3.0915e+14 3.0874e+14
4331.7390 3.0915e+14 3.0874e+14
4331.7513 3.0915e+14 3.0874e+14
4331.7635 3.0915e+14 3.0874e+14
4331.7758 3.0915e+14 3.0874e+14
4331.7880 3.0915e+14 3.0874e+14
4331.8003 3.0915e+14 3.0874e+14
4331.8125 3.0915e+14 3.0874e+14
4331.8248 3.0915e+14 3.0874e+14
4331.8370 3.0915e+14 3.0874e+14
4331.8492 3.0915e+14 3.0874e+14
4331.8615 3.0915e+14 3.0874e+14
4331.8737 3.0915e+14 3.0874e+14
4331.8860 3.0915e+14 3.0874e+14
4331.8982 3.0915e+14 3.0874e+14
4331.9105 3.0916e+14 3.0874e+14
4331.9227 3.0916e+14 3.0874e+14
4331.9350 3.0916e+14 3.0874e+14
4331.9472 3.0916e+14 3.0874e+14
4331.9594 3.0916e+14 3.0874e+14
4331.9717 3.0916e+14 3.0874e+14
4331.9839 3.0916e+14 3.0874e+14
4331.9962 3.0916e+14 3.0874e+14
4332.0084 3.0916e+14 3.0874e+14
4332.0207 3.0916e+14 3.0875e+14
4332.0329 3.0916e+14 3.0875e+14
4332.0452 3.0916e+14 3.0875e+14
4332.0574 3.0916e+14 3.0875e+14
4332.0696 3.0916e+14 3.0875e+14
4332.0819 3.0916e+14 3.0875e+14
4332.0941 3.0916e+14 3.0875e+14
4332.1064 3.0916e+14 3.0875e+14
4332.1186 3.0916e+14 3.0875e+14
4332.1309 3.0916e+14 3.0875e+14
4332.1431 3.0916e+14 3.0875e+14
4332.1554 3.0917e+14 3.0875e+14
4332.1676 3.0917e+14 3.0875e+14
4332.1798 3.0917e+14 3.0875e+14
4332.1921 3.0917e+14 3.0875e+14
4332.2043 3.0917e+14 3.0875e+14
4332.2166 3.0917e+14 3.0875e+14
4332.2288 3.0917e+14 3.0875e+14
4332.2411 3.0917e+14 3.0875e+14
4332.2533 3.0917e+14 3.0875e+14
4332.2656 3.0917e+14 3.0875e+14
4332.2778 3.0917e+14 3.0875e+14
4332.2900 3.0917e+14 3.0875e+14
4332.3023 3.0917e+14 3.0875e+14
4332.3145 3.0917e+14 3.0875e+14
4332.3268 3.0917e+14 3.0875e+14
4332.3390 3.0917e+14 3.0875e+14
4332.3513 3.0917e+14 3.0875e+14
4332.3635 3.0917e+14 3.0875e+14
4332.3758 3.0917e+14 3.0875e+14
4332.3880 3.0917e+14 3.0875e+14
4332.4002 3.0917e+14 3.0875e+14
4332.4125 3.0918e+14 3.0875e+14
4332.4247 3.0918e+14 3.0875e+14
4332.4370 3.0918e+14 3.0875e+14
4332.4492 3.0918e+14 3.0875e+14
4332.4615 3.0918e+14 3.0875e+14
4332.4737 3.0918e+14 3.0875e+14
4332.4860 3.0918e+14 3.0875e+14
4332.4982 3.0918e+14 3.0875e+14
4332.5104 3.0918e+14 3.0875e+14
4332.5227 3.0918e+14 3.0875e+14
4332.5349 3.0918e+14 3.0876e+14
4332.5472 3.0918e+14 3.0876e+14
4332.5594 3.0918e+14 3.0876e+14
4332.5717 3.0918e+14 3.0876e+14
4332.5839 3.0918e+14 3.0876e+14
4332.5962 3.0918e+14 3.0876e+14
4332.6084 3.0918e+14 3.0876e+14
4332.6206 3.0918e+14 3.0876e+14
4332.6329 3.0918e+14 3.0876e+14
4332.6451 3.0918e+14 3.0876e+14
4332.6574 3.0918e+14 3.0876e+14
4332.6696 3.0919e+14 3.0876e+14
4332.6819 3.0919e+14 3.0876e+14
4332.6941 3.0919e+14 3.0876e+14
4332.7064 3.0919e+14 3.0876e+14
4332.7186 3.0919e+14 3.0876e+14
4332.7308 3.0919e+14 3.0876e+14
4332.7431 3.0919e+14 3.0876e+14
4332.7553 3.0919e+14 3.0876e+14
4332.7676 3.0919e+14 3.0876e+14
4332.7798 3.0919e+14 3.0876e+14
4332.7921 3.0919e+14 3.0876e+14
4332.8043 3.0919e+14 3.0876e+14
4332.8166 3.0919e+14 3.0876e+14
4332.8288 3.0919e+14 3.0876e+14
4332.8411 3.0919e+14 3.0876e+14
4332.8533 3.0919e+14 3.0876e+14
4332.8655 3.0919e+14 3.0876e+14
4332.8778 3.0919e+14 3.0876e+14
4332.8900 3.0919e+14 3.0876e+14
4332.9023 3.0919e+14 3.0876e+14
4332.9145 3.0920e+14 3.0876e+14
4332.9268 3.0920e+14 3.0876e+14
4332.9390 3.0920e+14 3.0876e+14
4332.9513 3.0920e+14 3.0876e+14
4332.9635 3.0920e+14 3.0876e+14
4332.9757 3.0920e+14 3.0876e+14
4332.9880 3.0920e+14 3.0876e+14
4333.0002 3.0920e+14 3.0876e+14
4333.0125 3.0920e+14 3.0876e+14
4333.0247 3.0920e+14 3.0876e+14
4333.0370 3.0920e+14 3.0877e+14
4333.0492 3.0920e+14 3.0877e+14
4333.0615 3.0920e+14 3.0877e+14
4333.0737 3.0920e+14 3.0877e+14
4333.0859 3.0920e+14 3.0877e+14
4333.0982 3.0920e+14 3.0877e+14
4333.1104 3.0920e+14 3.0877e+14
4333.1227 3.0920e+14 3.0877e+14
4333.1349 3.0920e+14 3.0877e+14
4333.1472 3.0920e+14 3.0877e+14
4333.1594 3.0920e+14 3.0877e+14
4333.1717 3.0921e+14 3.0877e+14
4333.1839 3.0921e+14 3.0877e+14
4333.1961 3.0921e+14 3.0877e+14
4333.2084 3.0921e+14 3.0877e+14
4333.2206 3.0921e+14 3.0877e+14
4333.2329 3.0921e+14 3.0877e+14
4333.2451 3.0921e+14 3.0877e+14
4333.2574 3.0921e+14 3.0877e+14
4333.2696 3.0921e+14 3.0877e+14
4333.2819 3.0921e+14 3.0877e+14
4333.2941 3.0921e+14 3.0877e+14
4333.3063 3.0921e+14 3.0877e+14
4333.3186 3.0921e+14 3.0877e+14
4333.3308 3.0921e+14 3.0877e+14
4333.3431 3.0921e+14 3.0877e+14
4333.3553 3.0921e+14 3.0877e+14
4333.3676 3.0921e+14 3.0877e+14
4333.3798 3.0921e+14 3.0877e+14
4333.3921 3.0921e+14 3.0877e+14
4333.4043 3.0921e+14 3.0877e+14
4333.4165 3.0922e+14 3.0877e+14
4333.4288 3.0922e+14 3.0877e+14
4333.4410 3.0922e+14 3.0877e+14
4333.4533 3.0922e+14 3.0877e+14
4333.4655 3.0922e+14 3.0877e+14
4333.4778 3.0922e+14 3.0877e+14
4333.4900 3.0922e+14 3.0877e+14
4333.5023 3.0922e+14 3.0877e+14
4333.5145 3.0922e+14 3.0877e+14
4333.5267 3.0922e+14 3.0878e+14
4333.5390 3.0922e+14 3.0878e+14
4333.5512 3.0922e+14 3.0878e+14
4333.5635 3.0922e+14 3.0878e+14
4333.5757 3.0922e+14 3.0878e+14
4333.5880 3.0922e+14 3.0878e+14
4333.6002 3.0922e+14 3.0878e+14
4333.6125 3.0922e+14 3.0878e+14
4333.6247 3.0922e+14 3.0878e+14
4333.6369 3.0922e+14 3.0878e+14
4333.6492 3.0922e+14 3.0878e+14
4333.6614 3.0922e+14 3.0878e+14
4333.6737 3.0923e+14 3.0878e+14
4333.6859 3.0923e+14 3.0878e+14
4333.6982 3.0923e+14 3.0878e+14
4333.7104 3.0923e+14 3.0878e+14
4333.7227 3.0923e+14 3.0878e+14
4333.7349 3.0923e+14 3.0878e+14
4333.7471 3.0923e+14 3.0878e+14
4333.7594 3.0923e+14 3.0878e+14
4333.7716 3.0923e+14 3.0878e+14
4333.7839 3.0923e+14 3.0878e+14
4333.7961 3.0923e+14 3.0878e+14
4333.8084 3.0923e+14 3.0878e+14
4333.8206 3.0923e+14 3.0878e+14
4333.8329 3.0923e+14 3.0878e+14
4333.8451 3.0923e+14 3.0878e+14
4333.8573 3.0923e+14 3.0878e+14
4333.8696 3.0923e+14 3.0878e+14
4333.8818 3.0923e+14 3.0878e+14
4333.8941 3.0923e+14 3.0878e+14
4333.9063 3.0923e+14 3.0878e+14
4333.9186 3.0923e+14 3.0878e+14
4333.9308 3.0924e+14 3.0878e+14
4333.9431 3.0924e+14 3.0878e+14
4333.9553 3.0924e+14 3.0878e+14
4333.9675 3.0924e+14 3.0878e+14
4333.9798 3.0924e+14 3.0878e+14
4333.9920 3.0924e+14 3.0878e+14
4334.0043 3.0924e+14 3.0879e+14
4334.0165 3.0924e+14 3.0879e+14
4334.0288 3.0924e+14 3.0879e+14
4334.0410 3.0924e+14 3.0879e+14
4334.0533 3.0924e+14 3.0879e+14
4334.0655 3.0924e+14 3.0879e+14
4334.0777 3.0924e+14 3.0879e+14
4334.0900 3.0924e+14 3.0879e+14
4334.1022 3.0924e+14 3.0879e+14
4334.1145 3.0924e+14 3.0879e+14
4334.1267 3.0924e+14 3.0879e+14
4334.1390 3.0924e+14 3.0879e+14
4334.1512 3.0924e+14 3.0879e+14
4334.1635 3.0924e+14 3.0879e+14
4334.1757 3.0925e+14 3.0879e+14
4334.1879 3.0925e+14 3.0879e+14
4334.2002 3.0925e+14 3.0879e+14
4334.2124 3.0925e+14 3.0879e+14
4334.2247 3.0925e+14 3.0879e+14
4334.2369 3.0925e+14 3.0879e+14
4334.2492 3.0925e+14 3.0879e+14
4334.2614 3.0925e+14 3.0879e+14
4334.2737 3.0925e+14 3.0879e+14
4334.2859 3.0925e+14 3.0879e+14
4334.2981 3.0925e+14 3.0879e+14
4334.3104 3.0925e+14 3.0879e+14
4334.3226 3.0925e+14 3.0879e+14
4334.3349 3.0925e+14 3.0879e+14
4334.3471 3.0925e+14 3.0879e+14
4334.3594 3.0925e+14 3.0879e+14
4334.3716 3.0925e+14 3.0879e+14
4334.3839 3.0925e+14 3.0879e+14
4334.3961 3.0925e+14 3.0879e+14
4334.4083 3.0925e+14 3.0879e+14
4334.4206 3.0925e+14 3.0879e+14
4334.4328 3.0926e+14 3.0879e+14
4334.4451 3.0926e+14 3.0879e+14
4334.4573 3.0926e+14 3.0879e+14
4334.4696 3.0926e+14 3.0879e+14
4334.4818 3.0926e+14 3.0880e+14
4334.4941 3.0926e+14 3.0880e+14
4334.5063 3.0926e+14 3.0880e+14
4334.5186 3.0926e+14 3.0880e+14
4334.5308 3.0926e+14 3.0880e+14
4334.5430 3.0926e+14 3.0880e+14
4334.5553 3.0926e+14 3.0880e+14
4334.5675 3.0926e+14 3.0880e+14
4334.5798 3.0926e+14 3.0880e+14
4334.5920 3.0926e+14 3.0880e+14
4334.6043 3.0926e+14 3.0880e+14
4334.6165 3.0926e+14 3.0880e+14
4334.6288 3.0926e+14 3.0880e+14
4334.6410 3.0926e+14 3.0880e+14
4334.6532 3.0926e+14 3.0880e+14
4334.6655 3.0926e+14 3.0880e+14
4334.6777 3.0927e+14 3.0880e+14
4334.6900 3.0927e+14 3.0880e+14
4334.7022 3.0927e+14 3.0880e+14
4334.7145 3.0927e+14 3.0880e+14
4334.7267 3.0927e+14 3.0880e+14
4334.7390 3.0927e+14 3.0880e+14
4334.7512 3.0927e+14 3.0880e+14
4334.7634 3.0927e+14 3.0880e+14
4334.7757 3.0927e+14 3.0880e+14
4334.7879 3.0927e+14 3.0880e+14
4334.8002 3.0927e+14 3.0880e+14
4334.8124 3.0927e+14 3.0880e+14
4334.8247 3.0927e+14 3.0880e+14
4334.8369 3.0927e+14 3.0880e+14
4334.8492 3.0927e+14 3.0880e+14
4334.8614 3.0927e+14 3.0880e+14
4334.8736 3.0927e+14 3.0880e+14
4334.8859 3.0927e+14 3.0880e+14
4334.8981 3.0927e+14 3.0880e+14
4334.9104 3.0927e+14 3.0880e+14
4334.9226 3.0927e+14 3.0880e+14
4334.9349 3.0928e+14 3.0881e+14
4334.9471 3.0928e+14 3.0881e+14
4334.9594 3.0928e+14 3.0881e+14
4334.9716 3.0928e+14 3.0881e+14
4334.9838 3.0928e+14 3.0881e+14
4334.9961 3.0928e+14 3.0881e+14
4335.0083 3.0928e+14 3.0881e+14
4335.0206 3.0928e+14 3.0881e+14
4335.0328 3.0928e+14 3.0881e+14
4335.0451 3.0928e+14 3.0881e+14
4335.0573 3.0928e+14 3.0881e+14
4335.0696 3.0928e+14 3.0881e+14
4335.0818 3.0928e+14 3.0881e+14
4335.0940 3.0928e+14 3.0881e+14
4335.1063 3.0928e+14 3.0881e+14
4335.1185 3.0928e+14 3.0881e+14
4335.1308 3.0928e+14 3.0881e+14
4335.1430 3.0928e+14 3.0881e+14
4335.1553 3.0928e+14 3.0881e+14
4335.1675 3.0928e+14 3.0881e+14
4335.1798 3.0928e+14 3.0881e+14
4335.1920 3.0929e+14 3.0881e+14
4335.2042 3.0929e+14 3.0881e+14
4335.2165 3.0929e+14 3.0881e+14
4335.2287 3.0929e+14 3.0881e+14
4335.2410 3.0929e+14 3.0881e+14
4335.2532 3.0929e+14 3.0881e+14
4335.2655 3.0929e+14 3.0881e+14
4335.2777 3.0929e+14 3.0881e+14
4335.2900 3.0929e+14 3.0881e+14
4335.3022 3.0929e+14 3.0881e+14
4335.3144 3.0929e+14 3.0881e+14
4335.3267 3.0929e+14 3.0881e+14
4335.3389 3.0929e+14 3.0881e+14
4335.3512 3.0929e+14 3.0881e+14
4335.3634 3.0929e+14 3.0882e+14
4335.3757 3.0929e+14 3.0882e+14
4335.3879 3.0929e+14 3.0882e+14
4335.4002 3.0929e+14 3.0882e+14
4335.4124 3.0929e+14 3.0882e+14
4335.4246 3.0929e+14 3.0882e+14
4335.4369 3.0930e+14 3.0882e+14
4335.4491 3.0930e+14 3.0882e+14
4335.4614 3.0930e+14 3.0882e+14
4335.4736 3.0930e+14 3.0882e+14
4335.4859 3.0930e+14 3.0882e+14
4335.4981 3.0930e+14 3.0882e+14
4335.5104 3.0930e+14 3.0882e+14
4335.5226 3.0930e+14 3.0882e+14
4335.5348 3.0930e+14 3.0882e+14
4335.5471 3.0930e+14 3.0882e+14
4335.5593 3.0930e+14 3.0882e+14
4335.5716 3.0930e+14 3.0882e+14
4335.5838 3.0930e+14 3.0882e+14
4335.5961 3.0930e+14 3.0882e+14
4335.6083 3.0930e+14 3.0882e+14
4335.6206 3.0930e+14 3.0882e+14
4335.6328 3.0930e+14 3.0882e+14
4335.6450 3.0930e+14 3.0882e+14
4335.6573 3.0930e+14 3.0882e+14
4335.6695 3.0930e+14 3.0882e+14
4335.6818 3.0930e+14 3.0882e+14
4335.6940 3.0931e+14 3.0882e+14
4335.7063 3.0931e+14 3.0882e+14
4335.7185 3.0931e+14 3.0882e+14
4335.7308 3.0931e+14 3.0882e+14
4335.7430 3.0931e+14 3.0882e+14
4335.7552 3.0931e+14 3.0882e+14
4335.7675 3.0931e+14 3.0882e+14
4335.7797 3.0931e+14 3.0882e+14
4335.7920 3.0931e+14 3.0883e+14
4335.8042 3.0931e+14 3.0883e+14
4335.8165 3.0931e+14 3.0883e+14
4335.8287 3.0931e+14 3.0883e+14
4335.8410 3.0931e+14 3.0883e+14
4335.8532 3.0931e+14 3.0883e+14
4335.8654 3.0931e+14 3.0883e+14
4335.8777 3.0931e+14 3.0883e+14
4335.8899 3.0931e+14 3.0883e+14
4335.9022 3.0931e+14 3.0883e+14
4335.9144 3.0931e+14 3.0883e+14
4335.9267 3.0931e+14 3.0883e+14
4335.9389 3.0931e+14 3.0883e+14
4335.9512 3.0932e+14 3.0883e+14
4335.9634 3.0932e+14 3.0883e+14
4335.9756 3.0932e+14 3.0883e+14
4335.9879 3.0932e+14 3.0883e+14
4336.0001 3.0932e+14 3.0883e+14
4336.0124 3.0932e+14 3.0883e+14
4336.0246 3.0932e+14 3.0883e+14
4336.0369 3.0932e+14 3.0883e+14
4336.0491 3.0932e+14 3.0883e+14
4336.0614 3.0932e+14 3.0883e+14
4336.0736 3.0932e+14 3.0883e+14
4336.0858 3.0932e+14 3.0883e+14
4336.0981 3.0932e+14 3.0883e+14
4336.1103 3.0932e+14 3.0883e+14
4336.1226 3.0932e+14 3.0883e+14
4336.1348 3.0932e+14 3.0883e+14
4336.1471 3.0932e+14 3.0883e+14
4336.1593 3.0932e+14 3.0883e+14
4336.1716 3.0932e+14 3.0883e+14
4336.1838 3.0932e+14 3.0883e+14
4336.1960 3.0932e+14 3.0884e+14
4336.2083 3.0933e+14 3.0884e+14
4336.2205 3.0933e+14 3.0884e+14
4336.2328 3.0933e+14 3.0884e+14
4336.2450 3.0933e+14 3.0884e+14
4336.2573 3.0933e+14 3.0884e+14
4336.2695 3.0933e+14 3.0884e+14
4336.2818 3.0933e+14 3.0884e+14
4336.2940 3.0933e+14 3.0884e+14
4336.3063 3.0933e+14 3.0884e+14
4336.3185 3.0933e+14 3.0884e+14
4336.3307 3.0933e+14 3.0884e+14
4336.3430 3.0933e+14 3.0884e+14
4336.3552 3.0933e+14 3.0884e+14
4336.3675 3.0933e+14 3.0884e+14
4336.3797 3.0933e+14 3.0884e+14
4336.3920 3.0933e+14 3.0884e+14
4336.4042 3.0933e+14 3.0884e+14
4336.4165 3.0933e+14 3.0884e+14
4336.4287 3.0933e+14 3.0884e+14
4336.4409 3.0933e+14 3.0884e+14
4336.4532 3.0934e+14 3.0884e+14
4336.4654 3.0934e+14 3.0884e+14
4336.4777 3.0934e+14 3.0884e+14
4336.4899 3.0934e+14 3.0884e+14
4336.5022 3.0934e+14 3.0884e+14
4336.5144 3.0934e+14 3.0884e+14
4336.5267 3.0934e+14 3.0884e+14
4336.5389 3.0934e+14 3.0884e+14
4336.5511 3.0934e+14 3.0884e+14
4336.5634 3.0934e+14 3.0884e+14
4336.5756 3.0934e+14 3.0884e+14
4336.5879 3.0934e+14 3.0885e+14
4336.6001 3.0934e+14 3.0885e+14
4336.6124 3.0934e+14 3.0885e+14
4336.6246 3.0934e+14 3.0885e+14
4336.6369 3.0934e+14 3.0885e+14
4336.6491 3.0934e+14 3.0885e+14
4336.6613 3.0934e+14 3.0885e+14
4336.6736 3.0934e+14 3.0885e+14
4336.6858 3.0934e+14 3.0885e+14
4336.6981 3.0934e+14 3.0885e+14
4336.7103 3.0935e+14 3.0885e+14
4336.7226 3.0935e+14 3.0885e+14
4336.7348 3.0935e+14 3.0885e+14
4336.7471 3.0935e+14 3.0885e+14
4336.7593 3.0935e+14 3.0885e+14
4336.7715 3.0935e+14 3.0885e+14
4336.7838 3.0935e+14 3.0885e+14
4336.7960 3.0935e+14 3.0885e+14
4336.8083 3.0935e+14 3.0885e+14
4336.8205 3.0935e+14 3.0885e+14
4336.8328 3.0935e+14 3.0885e+14
4336.8450 3.0935e+14 3.0885e+14
4336.8573 3.0935e+14 3.0885e+14
4336.8695 3.0935e+14 3.0885e+14
4336.8817 3.0935e+14 3.0885e+14
4336.8940 3.0935e+14 3.0885e+14
4336.9062 3.0935e+14 3.0885e+14
4336.9185 3.0935e+14 3.0885e+14
4336.9307 3.0935e+14 3.0885e+14
4336.9430 3.0935e+14 3.0885e+14
4336.9552 3.0935e+14 3.0885e+14
4336.9675 3.0936e+14 3.0886e+14
4336.9797 3.0936e+14 3.0886e+14
4336.9919 3.0936e+14 3.0886e+14
4337.0042 3.0936e+14 3.0886e+14
4337.0164 3.0936e+14 3.0886e+14
4337.0287 3.0936e+14 3.0886e+14
4337.0409 3.0936e+14 3.0886e+14
4337.0532 3.0936e+14 3.0886e+14
4337.0654 3.0936e+14 3.0886e+14
4337.0777 3.0936e+14 3.0886e+14
4337.0899 3.0936e+14 3.0886e+14
4337.1021 3.0936e+14 3.0886e+14
4337.1144 3.0936e+14 3.0886e+14
4337.1266 3.0936e+14 3.0886e+14
4337.1389 3.0936e+14 3.0886e+14
4337.1511 3.0936e+14 3.0886e+14
4337.1634 3.0936e+14 3.0886e+14
4337.1756 3.0936e+14 3.0886e+14
4337.1879 3.0936e+14 3.0886e+14
4337.2001 3.0936e+14 3.0886e+14
4337.2123 3.0936e+14 3.0886e+14
4337.2246 3.0937e+14 3.0886e+14
4337.2368 3.0937e+14 3.0886e+14
4337.2491 3.0937e+14 3.0886e+14
4337.2613 3.0937e+14 3.0886e+14
4337.2736 3.0937e+14 3.0886e+14
4337.2858 3.0937e+14 3.0886e+14
4337.2981 3.0937e+14 3.0886e+14
4337.3103 3.0937e+14 3.0886e+14
4337.3225 3.0937e+14 3.0886e+14
4337.3348 3.0937e+14 3.0887e+14
4337.3470 3.0937e+14 3.0887e+14
4337.3593 3.0937e+14 3.0887e+14
4337.3715 3.0937e+14 3.0887e+14
4337.3838 3.0937e+14 3.0887e+14
4337.3960 3.0937e+14 3.0887e+14
4337.4083 3.0937e+14 3.0887e+14
4337.4205 3.0937e+14 3.0887e+14
4337.4327 3.0937e+14 3.0887e+14
4337.4450 3.0937e+14 3.0887e+14
4337.4572 3.0937e+14 3.0887e+14
4337.4695 3.0938e+14 3.0887e+14
4337.4817 3.0938e+14 3.0887e+14
4337.4940 3.0938e+14 3.0887e+14
4337.5062 3.0938e+14 3.0887e+14
4337.5185 3.0938e+14 3.0887e+14
4337.5307 3.0938e+14 3.0887e+14
4337.5429 3.0938e+14 3.0887e+14
4337.5552 3.0938e+14 3.0887e+14
4337.5674 3.0938e+14 3.0887e+14
4337.5797 3.0938e+14 3.0887e+14
4337.5919 3.0938e+14 3.0887e+14
4337.6042 3.0938e+14 3.0887e+14
4337.6164 3.0938e+14 3.0887e+14
4337.6287 3.0938e+14 3.0887e+14
4337.6409 3.0938e+14 3.0887e+14
4337.6531 3.0938e+14 3.0887e+14
4337.6654 3.0938e+14 3.0887e+14
4337.6776 3.0938e+14 3.0888e+14
4337.6899 3.0938e+14 3.0888e+14
4337.7021 3.0938e+14 3.0888e+14
4337.7144 3.0938e+14 3.0888e+14
4337.7266 3.0939e+14 3.0888e+14
4337.7389 3.0939e+14 3.0888e+14
4337.7511 3.0939e+14 3.0888e+14
4337.7633 3.0939e+14 3.0888e+14
4337.7756 3.0939e+14 3.0888e+14
4337.7878 3.0939e+14 3.0888e+14
4337.8001 3.0939e+14 3.0888e+14
4337.8123 3.0939e+14 3.0888e+14
4337.8246 3.0939e+14 3.0888e+14
4337.8368 3.0939e+14 3.0888e+14
4337.8491 3.0939e+14 3.0888e+14
4337.8613 3.0939e+14 3.0888e+14
4337.8735 3.0939e+14 3.0888e+14
4337.8858 3.0939e+14 3.0888e+14
4337.8980 3.0939e+14 3.0888e+14
4337.9103 3.0939e+14 3.0888e+14
4337.9225 3.0939e+14 3.0888e+14
4337.9348 3.0939e+14 3.0888e+14
4337.9470 3.0939e+14 3.0888e+14
4337.9593 3.0939e+14 3.0888e+14
4337.9715 3.0939e+14 3.0888e+14
4337.9838 3.0940e+14 3.0888e+14
4337.9960 3.0940e+14 3.0888e+14
4338.0082 3.0940e+14 3.0888e+14
4338.0205 3.0940e+14 3.0889e+14
4338.0327 3.0940e+14 3.0889e+14
4338.0450 3.0940e+14 3.0889e+14
4338.0572 3.0940e+14 3.0889e+14
4338.0695 3.0940e+14 3.0889e+14
4338.0817 3.0940e+14 3.0889e+14
4338.0940 3.0940e+14 3.0889e+14
4338.1062 3.0940e+14 3.0889e+14
4338.1184 3.0940e+14 3.0889e+14
4338.1307 3.0940e+14 3.0889e+14
4338.1429 3.0940e+14 3.0889e+14
4338.1552 3.0940e+14 3.0889e+14
4338.1674 3.0940e+14 3.0889e+14
4338.1797 3.0940e+14 3.0889e+14
4338.1919 3.0940e+14 3.0889e+14
4338.2042 3.0940e+14 3.0889e+14
4338.2164 3.0940e+14 3.0889e+14
4338.2286 3.0940e+14 3.0889e+14
4338.2409 3.0941e+14 3.0889e+14
4338.2531 3.0941e+14 3.0889e+14
4338.2654 3.0941e+14 3.0889e+14
4338.2776 3.0941e+14 3.0889e+14
4338.2899 3.0941e+14 3.0889e+14
4338.3021 3.0941e+14 3.0889e+14
4338.3144 3.0941e+14 3.0889e+14
4338.3266 3.0941e+14 3.0889e+14
4338.3388 3.0941e+14 3.0889e+14
4338.3511 3.0941e+14 3.0890e+14
4338.3633 3.0941e+14 3.0890e+14
4338.3756 3.0941e+14 3.0890e+14
4338.3878 3.0941e+14 3.0890e+14
4338.4001 3.0941e+14 3.0890e+14
4338.4123 3.0941e+14 3.0890e+14
4338.4246 3.0941e+14 3.0890e+14
4338.4368 3.0941e+14 3.0890e+14
4338.4490 3.0941e+14 3.0890e+14
4338.4613 3.0941e+14 3.0890e+14
4338.4735 3.0941e+14 3.0890e+14
4338.4858 3.0941e+14 3.0890e+14
4338.4980 3.0942e+14 3.0890e+14
4338.5103 3.0942e+14 3.0890e+14
4338.5225 3.0942e+14 3.0890e+14
4338.5348 3.0942e+14 3.0890e+14
4338.5470 3.0942e+14 3.0890e+14
4338.5592 3.0942e+14 3.0890e+14
4338.5715 3.0942e+14 3.0890e+14
4338.5837 3.0942e+14 3.0890e+14
4338.5960 3.0942e+14 3.0890e+14
4338.6082 3.0942e+14 3.0890e+14
4338.6205 3.0942e+14 3.0890e+14
4338.6327 3.0942e+14 3.0890e+14
4338.6450 3.0942e+14 3.0890e+14
4338.6572 3.0942e+14 3.0891e+14
4338.6694 3.0942e+14 3.0891e+14
4338.6817 3.0942e+14 3.0891e+14
4338.6939 3.0942e+14 3.0891e+14
4338.7062 3.0942e+14 3.0891e+14
4338.7184 3.0942e+14 3.0891e+14
4338.7307 3.0942e+14 3.0891e+14
4338.7429 3.0942e+14 3.0891e+14
4338.7552 3.0943e+14 3.0891e+14
4338.7674 3.0943e+14 3.0891e+14
4338.7796 3.0943e+14 3.0891e+14
4338.7919 3.0943e+14 3.0891e+14
4338.8041 3.0943e+14 3.0891e+14
4338.8164 3.0943e+14 3.0891e+14
4338.8286 3.0943e+14 3.0891e+14
4338.8409 3.0943e+14 3.0891e+14
4338.8531 3.0943e+14 3.0891e+14
4338.8654 3.0943e+14 3.0891e+14
4338.8776 3.0943e+14 3.0891e+14
4338.8898 3.0943e+14 3.0891e+14
4338.9021 3.0943e+14 3.0891e+14
4338.9143 3.0943e+14 3.0891e+14
4338.9266 3.0943e+14 3.0891e+14
4338.9388 3.0943e+14 3.0891e+14
4338.9511 3.0943e+14 3.0891e+14
4338.9633 3.0943e+14 3.0892e+14
4338.9756 3.0943e+14 3.0892e+14
4338.9878 3.0943e+14 3.0892e+14
4339.0000 3.0944e+14 3.0892e+14
4339.0123 3.0944e+14 3.0892e+14
4339.0245 3.0944e+14 3.0892e+14
4339.0368 3.0944e+14 3.0892e+14
4339.0490 3.0944e+14 3.0892e+14
4339.0613 3.0944e+14 3.0892e+14
4339.0735 3.0944e+14 3.0892e+14
4339.0858 3.0944e+14 3.0892e+14
4339.0980 3.0944e+14 3.0892e+14
4339.1102 3.0944e+14 3.0892e+14
4339.1225 3.0944e+14 3.0892e+14
4339.1347 3.0944e+14 3.0892e+14
4339.1470 3.0944e+14 3.0892e+14
4339.1592 3.0944e+14 3.0892e+14
4339.1715 3.0944e+14 3.0892e+14
4339.1837 3.0944e+14 3.0892e+14
4339.1960 3.0944e+14 3.0892e+14
4339.2082 3.0944e+14 3.0892e+14
4339.2204 3.0944e+14 3.0892e+14
4339.2327 3.0944e+14 3.0892e+14
4339.2449 3.0944e+14 3.0892e+14
4339.2572 3.0945e+14 3.0893e+14
4339.2694 3.0945e+14 3.0893e+14
4339.2817 3.0945e+14 3.0893e+14
4339.2939 3.0945e+14 3.0893e+14
4339.3062 3.0945e+14 3.0893e+14
4339.3184 3.0945e+14 3.0893e+14
4339.3306 3.0945e+14 3.0893e+14
4339.3429 3.0945e+14 3.0893e+14
4339.3551 3.0945e+14 3.0893e+14
4339.3674 3.0945e+14 3.0893e+14
4339.3796 3.0945e+14 3.0893e+14
4339.3919 3.0945e+14 3.0893e+14
4339.4041 3.0945e+14 3.0893e+14
4339.4164 3.0945e+14 3.0893e+14
4339.4286 3.0945e+14 3.0893e+14
4339.4408 3.0945e+14 3.0893e+14
4339.4531 3.0945e+14 3.0893e+14
4339.4653 3.0945e+14 3.0893e+14
4339.4776 3.0945e+14 3.0893e+14
4339.4898 3.0945e+14 3.0893e+14
4339.5021 3.0945e+14 3.0893e+14
4339.5143 3.0946e+14 3.0893e+14
4339.5266 3.0946e+14 3.0893e+14
4339.5388 3.0946e+14 3.0893e+14
4339.5510 3.0946e+14 3.0894e+14
4339.5633 3.0946e+14 3.0894e+14
4339.5755 3.0946e+14 3.0894e+14
4339.5878 3.0946e+14 3.0894e+14
4339.6000 3.0946e+14 3.0894e+14
4339.6123 3.0946e+14 3.0894e+14
4339.6245 3.0946e+14 3.0894e+14
4339.6368 3.0946e+14 3.0894e+14
4339.6490 3.0946e+14 3.0894e+14
4339.6613 3.0946e+14 3.0894e+14
4339.6735 3.0946e+14 3.0894e+14
4339.6857 3.0946e+14 3.0894e+14
4339.6980 3.0946e+14 3.0894e+14
4339.7102 3.0946e+14 3.0894e+14
4339.7225 3.0946e+14 3.0894e+14
4339.7347 3.0946e+14 3.0894e+14
4339.7470 3.0946e+14 3.0894e+14
4339.7592 3.0946e+14 3.0894e+14
4339.7715 3.0947e+14 3.0894e+14
4339.7837 3.0947e+14 3.0894e+14
4339.7959 3.0947e+14 3.0894e+14
4339.8082 3.0947e+14 3.0894e+14
4339.8204 3.0947e+14 3.0895e+14
4339.8327 3.0947e+14 3.0895e+14
4339.8449 3.0947e+14 3.0895e+14
4339.8572 3.0947e+14 3.0895e+14
4339.8694 3.0947e+14 3.0895e+14
4339.8817 3.0947e+14 3.0895e+14
4339.8939 3.0947e+14 3.0895e+14
4339.9061 3.0947e+14 3.0895e+14
4339.9184 3.0947e+14 3.0895e+14
4339.9306 3.0947e+14 3.0895e+14
4339.9429 3.0947e+14 3.0895e+14
4339.9551 3.0947e+14 3.0895e+14
4339.9674 3.0947e+14 3.0895e+14
4339.9796 3.0947e+14 3.0895e+14
4339.9919 3.0947e+14 3.0895e+14
4340.0041 3.0947e+14 3.0895e+14
4340.0163 3.0947e+14 3.0895e+14
4340.0286 3.0948e+14 3.0895e+14
4340.0408 3.0948e+14 3.0895e+14
4340.0531 3.0948e+14 3.0895e+14
4340.0653 3.0948e+14 3.0895e+14
4340.0776 3.0948e+14 3.0895e+14
4340.0898 3.0948e+14 3.0895e+14
4340.1021 3.0948e+14 3.0896e+14
4340.1143 3.0948e+14 3.0896e+14
4340.1265 3.0948e+14 3.0896e+14
4340.1388 3.0948e+14 3.0896e+14
4340.1510 3.0948e+14 3.0896e+14
4340.1633 3.0948e+14 3.0896e+14
4340.1755 3.0948e+14 3.0896e+14
4340.1878 3.0948e+14 3.0896e+14
4340.2000 3.0948e+14 3.0896e+14
4340.2123 3.0948e+14 3.0896e+14
4340.2245 3.0948e+14 3.0896e+14
4340.2367 3.0948e+14 3.0896e+14
4340.2490 3.0948e+14 3.0896e+14
4340.2612 3.0948e+14 3.0896e+14
4340.2735 3.0948e+14 3.0896e+14
4340.2857 3.0949e+14 3.0896e+14
4340.2980 3.0949e+14 3.0896e+14
4340.3102 3.0949e+14 3.0896e+14
4340.3225 3.0949e+14 3.0896e+14
4340.3347 3.0949e+14 3.0896e+14
4340.3469 3.0949e+14 3.0896e+14
4340.3592 3.0949e+14 3.0897e+14
4340.3714 3.0949e+14 3.0897e+14
4340.3837 3.0949e+14 3.0897e+14
4340.3959 3.0949e+14 3.0897e+14
4340.4082 3.0949e+14 3.0897e+14
4340.4204 3.0949e+14 3.0897e+14
4340.4327 3.0949e+14 3.0897e+14
4340.4449 3.0949e+14 3.0897e+14
4340.4571 3.0949e+14 3.0897e+14
4340.4694 3.0949e+14 3.0897e+14
4340.4816 3.0949e+14 3.0897e+14
4340.4939 3.0949e+14 3.0897e+14
4340.5061 3.0949e+14 3.0897e+14
4340.5184 3.0949e+14 3.0897e+14
4340.5306 3.0949e+14 3.0897e+14
4340.5429 3.0950e+14 3.0897e+14
4340.5551 3.0950e+14 3.0897e+14
4340.5673 3.0950e+14 3.0897e+14
4340.5796 3.0950e+14 3.0897e+14
4340.5918 3.0950e+14 3.0897e+14
4340.6041 3.0950e+14 3.0897e+14
4340.6163 3.0950e+14 3.0898e+14
4340.6286 3.0950e+14 3.0898e+14
4340.6408 3.0950e+14 3.0898e+14
4340.6531 3.0950e+14 3.0898e+14
4340.6653 3.0950e+14 3.0898e+14
4340.6775 3.0950e+14 3.0898e+14
4340.6898 3.0950e+14 3.0898e+14
4340.7020 3.0950e+14 3.0898e+14
4340.7143 3.0950e+14 3.0898e+14
4340.7265 3.0950e+14 3.0898e+14
4340.7388 3.0950e+14 3.0898e+14
4340.7510 3.0950e+14 3.0898e+14
4340.7633 3.0950e+14 3.0898e+14
4340.7755 3.0950e+14 3.0898e+14
4340.7877 3.0950e+14 3.0898e+14
4340.8000 3.0951e+14 3.0898e+14
4340.8122 3.0951e+14 3.0898e+14
4340.8245 3.0951e+14 3.0898e+14
4340.8367 3.0951e+14 3.0898e+14
4340.8490 3.0951e+14 3.0898e+14
4340.8612 3.0951e+14 3.0898e+14
4340.8735 3.0951e+14 3.0899e+14
4340.8857 3.0951e+14 3.0899e+14
4340.8979 3.0951e+14 3.0899e+14
4340.9102 3.0951e+14 3.0899e+14
4340.9224 3.0951e+14 3.0899e+14
4340.9347 3.0951e+14 3.0899e+14
4340.9469 3.0951e+14 3.0899e+14
4340.9592 3.0951e+14 3.0899e+14
4340.9714 3.0951e+14 3.0899e+14
4340.9837 3.0951e+14 3.0899e+14
4340.9959 3.0951e+14 3.0899e+14
4341.0081 3.0951e+14 3.0899e+14
4341.0204 3.0951e+14 3.0899e+14
4341.0326 3.0951e+14 3.0899e+14
4341.0449 3.0951e+14 3.0899e+14
4341.0571 3.0952e+14 3.0899e+14
4341.0694 3.0952e+14 3.0899e+14
4341.0816 3.0952e+14 3.0899e+14
4341.0939 3.0952e+14 3.0899e+14
4341.1061 3.0952e+14 3.0899e+14
4341.1183 3.0952e+14 3.0900e+14
4341.1306 3.0952e+14 3.0900e+14
4341.1428 3.0952e+14 3.0900e+14
4341.1551 3.0952e+14 3.0900e+14
4341.1673 3.0952e+14 3.0900e+14
4341.1796 3.0952e+14 3.0900e+14
4341.1918 3.0952e+14 3.0900e+14
4341.2041 3.0952e+14 3.0900e+14
4341.2163 3.0952e+14 3.0900e+14
4341.2285 3.0952e+14 3.0900e+14
4341.2408 3.0952e+14 3.0900e+14
4341.2530 3.0952e+14 3.0900e+14
4341.2653 3.0952e+14 3.0900e+14
4341.2775 3.0952e+14 3.0900e+14
4341.2898 3.0952e+14 3.0900e+14
4341.3020 3.0952e+14 3.0900e+14
4341.3143 3.0953e+14 3.0900e+14
4341.3265 3.0953e+14 3.0900e+14
4341.3387 3.0953e+14 3.0900e+14
4341.3510 3.0953e+14 3.0901e+14
4341.3632 3.0953e+14 3.0901e+14
4341.3755 3.0953e+14 3.0901e+14
4341.3877 3.0953e+14 3.0901e+14
4341.4000 3.0953e+14 3.0901e+14
4341.4122 3.0953e+14 3.0901e+14
4341.4245 3.0953e+14 3.0901e+14
4341.4367 3.0953e+14 3.0901e+14
4341.4490 3.0953e+14 3.0901e+14
4341.4612 3.0953e+14 3.0901e+14
4341.4734 3.0953e+14 3.0901e+14
4341.4857 3.0953e+14 3.0901e+14
4341.4979 3.0953e+14 3.0901e+14
4341.5102 3.0953e+14 3.0901e+14
4341.5224 3.0953e+14 3.0901e+14
4341.5347 3.0953e+14 3.0901e+14
4341.5469 3.0953e+14 3.0901e+14
4341.5592 3.0953e+14 3.0901e+14
4341.5714 3.0954e+14 3.0901e+14
4341.5836 3.0954e+14 3.0901e+14
4341.5959 3.0954e+14 3.0902e+14
4341.6081 3.0954e+14 3.0902e+14
4341.6204 3.0954e+14 3.0902e+14
4341.6326 3.0954e+14 3.0902e+14
4341.6449 3.0954e+14 3.0902e+14
4341.6571 3.0954e+14 3.0902e+14
4341.6694 3.0954e+14 3.0902e+14
4341.6816 3.0954e+14 3.0902e+14
4341.6938 3.0954e+14 3.0902e+14
4341.7061 3.0954e+14 3.0902e+14
4341.7183 3.0954e+14 3.0902e+14
4341.7306 3.0954e+14 3.0902e+14
4341.7428 3.0954e+14 3.0902e+14
4341.7551 3.0954e+14 3.0902e+14
4341.7673 3.0954e+14 3.0902e+14
4341.7796 3.0954e+14 3.0902e+14
4341.7918 3.0954e+14 3.0902e+14
4341.8040 3.0954e+14 3.0902e+14
4341.8163 3.0954e+14 3.0903e+14
4341.8285 3.0955e+14 3.0903e+14
4341.8408 3.0955e+14 3.0903e+14
4341.8530 3.0955e+14 3.0903e+14
4341.8653 3.0955e+14 3.0903e+14
4341.8775 3.0955e+14 3.0903e+14
4341.8898 3.0955e+14 3.0903e+14
4341.9020 3.0955e+14 3.0903e+14
4341.9142 3.0955e+14 3.0903e+14
4341.9265 3.0955e+14 3.0903e+14
4341.9387 3.0955e+14 3.0903e+14
4341.9510 3.0955e+14 3.0903e+14
4341.9632 3.0955e+14 3.0903e+14
4341.9755 3.0955e+14 3.0903e+14
4341.9877 3.0955e+14 3.0903e+14
4342.0000 3.0955e+14 3.0903e+14
4342.0122 3.0955e+14 3.0903e+14
4342.0244 3.0955e+14 3.0903e+14
4342.0367 3.0955e+14 3.0903e+14
4342.0489 3.0955e+14 3.0904e+14
4342.0612 3.0955e+14 3.0904e+14
4342.0734 3.0955e+14 3.0904e+14
4342.0857 3.0956e+14 3.0904e+14
4342.0979 3.0956e+14 3.0904e+14
4342.1102 3.0956e+14 3.0904e+14
4342.1224 3.0956e+14 3.0904e+14
4342.1346 3.0956e+14 3.0904e+14
4342.1469 3.0956e+14 3.0904e+14
4342.1591 3.0956e+14 3.0904e+14
4342.1714 3.0956e+14 3.0904e+14
4342.1836 3.0956e+14 3.0904e+14
4342.1959 3.0956e+14 3.0904e+14
4342.2081 3.0956e+14 3.0904e+14
4342.2204 3.0956e+14 3.0904e+14
4342.2326 3.0956e+14 3.0904e+14
4342.2448 3.0956e+14 3.0904e+14
4342.2571 3.0956e+14 3.0904e+14
4342.2693 3.0956e+14 3.0905e+14
4342.2816 3.0956e+14 3.0905e+14
4342.2938 3.0956e+14 3.0905e+14
4342.3061 3.0956e+14 3.0905e+14
4342.3183 3.0956e+14 3.0905e+14
4342.3306 3.0956e+14 3.0905e+14
4342.3428 3.0957e+14 3.0905e+14
4342.3550 3.0957e+14 3.0905e+14
4342.3673 3.0957e+14 3.0905e+14
4342.3795 3.0957e+14 3.0905e+14
4342.3918 3.0957e+14 3.0905e+14
4342.4040 3.0957e+14 3.0905e+14
4342.4163 3.0957e+14 3.0905e+14
4342.4285 3.0957e+14 3.0905e+14
4342.4408 3.0957e+14 3.0905e+14
4342.4530 3.0957e+14 3.0905e+14
4342.4652 3.0957e+14 3.0905e+14
4342.4775 3.0957e+14 3.0905e+14
4342.4897 3.0957e+14 3.0906e+14
4342.5020 3.0957e+14 3.0906e+14
4342.5142 3.0957e+14 3.0906e+14
4342.5265 3.0957e+14 3.0906e+14
4342.5387 3.0957e+14 3.0906e+14
4342.5510 3.0957e+14 3.0906e+14
4342.5632 3.0957e+14 3.0906e+14
4342.5754 3.0957e+14 3.0906e+14
4342.5877 3.0957e+14 3.0906e+14
4342.5999 3.0958e+14 3.0906e+14
4342.6122 3.0958e+14 3.0906e+14
4342.6244 3.0958e+14 3.0906e+14
4342.6367 3.0958e+14 3.0906e+14
4342.6489 3.0958e+14 3.0906e+14
4342.6612 3.0958e+14 3.0906e+14
4342.6734 3.0958e+14 3.0906e+14
4342.6856 3.0958e+14 3.0906e+14
4342.6979 3.0958e+14 3.0906e+14
4342.7101 3.0958e+14 3.0907e+14
4342.7224 3.0958e+14 3.0907e+14
4342.7346 3.0958e+14 3.0907e+14
4342.7469 3.0958e+14 3.0907e+14
4342.7591 3.0958e+14 3.0907e+14
4342.7714 3.0958e+14 3.0907e+14
4342.7836 3.0958e+14 3.0907e+14
4342.7958 3.0958e+14 3.0907e+14
4342.8081 3.0958e+14 3.0907e+14
4342.8203 3.0958e+14 3.0907e+14
4342.8326 3.0958e+14 3.0907e+14
4342.8448 3.0958e+14 3.0907e+14
4342.8571 3.0959e+14 3.0907e+14
4342.8693 3.0959e+14 3.0907e+14
4342.8816 3.0959e+14 3.0907e+14
4342.8938 3.0959e+14 3.0907e+14
4342.9060 3.0959e+14 3.0907e+14
4342.9183 3.0959e+14 3.0908e+14
4342.9305 3.0959e+14 3.0908e+14
4342.9428 3.0959e+14 3.0908e+14
4342.9550 3.0959e+14 3.0908e+14
4342.9673 3.0959e+14 3.0908e+14
4342.9795 3.0959e+14 3.0908e+14
4342.9918 3.0959e+14 3.0908e+14
4343.0040 3.0959e+14 3.0908e+14
4343.0162 3.0959e+14 3.0908e+14
4343.0285 3.0959e+14 3.0908e+14
4343.0407 3.0959e+14 3.0908e+14
4343.0530 3.0959e+14 3.0908e+14
4343.0652 3.0959e+14 3.0908e+14
4343.0775 3.0959e+14 3.0908e+14
4343.0897 3.0959e+14 3.0908e+14
4343.1020 3.0959e+14 3.0908e+14
4343.1142 3.0960e+14 3.0908e+14
4343.1265 3.0960e+14 3.0909e+14
4343.1387 3.0960e+14 3.0909e+14
4343.1509 3.0960e+14 3.0909e+14
4343.1632 3.0960e+14 3.0909e+14
4343.1754 3.0960e+14 3.0909e+14
4343.1877 3.0960e+14 3.0909e+14
4343.1999 3.0960e+14 3.0909e+14
4343.2122 3.0960e+14 3.0909e+14
4343.2244 3.0960e+14 3.0909e+14
4343.2367 3.0960e+14 3.0909e+14
4343.2489 3.0960e+14 3.0909e+14
4343.2611 3.0960e+14 3.0909e+14
4343.2734 3.0960e+14 3.0909e+14
4343.2856 3.0960e+14 3.0909e+14
4343.2979 3.0960e+14 3.0909e+14
4343.3101 3.0960e+14 3.0909e+14
4343.3224 3.0960e+14 3.0909e+14
4343.3346 3.0960e+14 3.0910e+14
4343.3469 3.0960e+14 3.0910e+14
4343.3591 3.0960e+14 3.0910e+14
4343.3713 3.0961e+14 3.0910e+14
4343.3836 3.0961e+14 3.0910e+14
4343.3958 3.0961e+14 3.0910e+14
4343.4081 3.0961e+14 3.0910e+14
4343.4203 3.0961e+14 3.0910e+14
4343.4326 3.0961e+14 3.0910e+14
4343.4448 3.0961e+14 3.0910e+14
4343.4571 3.0961e+14 3.0910e+14
4343.4693 3.0961e+14 3.0910e+14
4343.4815 3.0961e+14 3.0910e+14
4343.4938 3.0961e+14 3.0910e+14
4343.5060 3.0961e+14 3.0910e+14
4343.5183 3.0961e+14 3.0910e+14
4343.5305 3.0961e+14 3.0910e+14
4343.5428 3.0961e+14 3.0911e+14
4343.5550 3.0961e+14 3.0911e+14
4343.5673 3.0961e+14 3.0911e+14
4343.5795 3.0961e+14 3.0911e+14
4343.5917 3.0961e+14 3.0911e+14
4343.6040 3.0961e+14 3.0911e+14
4343.6162 3.0961e+14 3.0911e+14
4343.6285 3.0962e+14 3.0911e+14
4343.6407 3.0962e+14 3.0911e+14
4343.6530 3.0962e+14 3.0911e+14
4343.6652 3.0962e+14 3.0911e+14
4343.6775 3.0962e+14 3.0911e+14
4343.6897 3.0962e+14 3.0911e+14
4343.7019 3.0962e+14 3.0911e+14
4343.7142 3.0962e+14 3.0911e+14
4343.7264 3.0962e+14 3.0911e+14
4343.7387 3.0962e+14 3.0912e+14
4343.7509 3.0962e+14 3.0912e+14
4343.7632 3.0962e+14 3.0912e+14
4343.7754 3.0962e+14 3.0912e+14
4343.7877 3.0962e+14 3.0912e+14
4343.7999 3.0962e+14 3.0912e+14
4343.8121 3.0962e+14 3.0912e+14
4343.8244 3.0962e+14 3.0912e+14
4343.8366 3.0962e+14 3.0912e+14
4343.8489 3.0962e+14 3.0912e+14
4343.8611 3.0962e+14 3.0912e+14
4343.8734 3.0962e+14 3.0912e+14
4343.8856 3.0963e+14 3.0912e+14
4343.8979 3.0963e+14 3.0912e+14
4343.9101 3.0963e+14 3.0912e+14
4343.9223 3.0963e+14 3.0912e+14
4343.9346 3.0963e+14 3.0913e+14
4343.9468 3.0963e+14 3.0913e+14
4343.9591 3.0963e+14 3.0913e+14
4343.9713 3.0963e+14 3.0913e+14
4343.9836 3.0963e+14 3.0913e+14
4343.9958 3.0963e+14 3.0913e+14
4344.0081 3.0963e+14 3.0913e+14
4344.0203 3.0963e+14 3.0913e+14
4344.0325 3.0963e+14 3.0913e+14
4344.0448 3.0963e+14 3.0913e+14
4344.0570 3.0963e+14 3.0913e+14
4344.0693 3.0963e+14 3.0913e+14
4344.0815 3.0963e+14 3.0913e+14
4344.0938 3.0963e+14 3.0913e+14
4344.1060 3.0963e+14 3.0913e+14
4344.1183 3.0963e+14 3.0913e+14
4344.1305 3.0963e+14 3.0914e+14
4344.1427 3.0963e+14 3.0914e+14
4344.1550 3.0964e+14 3.0914e+14
4344.1672 3.0964e+14 3.0914e+14
4344.1795 3.0964e+14 3.0914e+14
4344.1917 3.0964e+14 3.0914e+14
4344.2040 3.0964e+14 3.0914e+14
4344.2162 3.0964e+14 3.0914e+14
4344.2285 3.0964e+14 3.0914e+14
4344.2407 3.0964e+14 3.0914e+14
4344.2529 3.0964e+14 3.0914e+14
4344.2652 3.0964e+14 3.0914e+14
4344.2774 3.0964e+14 3.0914e+14
4344.2897 3.0964e+14 3.0914e+14
4344.3019 3.0964e+14 3.0914e+14
4344.3142 3.0964e+14 3.0914e+14
4344.3264 3.0964e+14 3.0915e+14
4344.3387 3.0964e+14 3.0915e+14
4344.3509 3.0964e+14 3.0915e+14
4344.3631 3.0964e+14 3.0915e+14
4344.3754 3.0964e+14 3.0915e+14
4344.3876 3.0964e+14 3.0915e+14
4344.3999 3.0964e+14 3.0915e+14
4344.4121 3.0965e+14 3.0915e+14
4344.4244 3.0965e+14 3.0915e+14
4344.4366 3.0965e+14 3.0915e+14
4344.4489 3.0965e+14 3.0915e+14
4344.4611 3.0965e+14 3.0915e+14
4344.4733 3.0965e+14 3.0915e+14
4344.4856 3.0965e+14 3.0915e+14
4344.4978 3.0965e+14 3.0915e+14
4344.5101 3.0965e+14 3.0915e+14
4344.5223 3.0965e+14 3.0916e+14
4344.5346 3.0965e+14 3.0916e+14
4344.5468 3.0965e+14 3.0916e+14
4344.5591 3.0965e+14 3.0916e+14
4344.5713 3.0965e+14 3.0916e+14
4344.5835 3.0965e+14 3.0916e+14
4344.5958 3.0965e+14 3.0916e+14
4344.6080 3.0965e+14 3.0916e+14
4344.6203 3.0965e+14 3.0916e+14
4344.6325 3.0965e+14 3.0916e+14
4344.6448 3.0965e+14 3.0916e+14
4344.6570 3.0965e+14 3.0916e+14
4344.6693 3.0966e+14 3.0916e+14
4344.6815 3.0966e+14 3.0916e+14
4344.6937 3.0966e+14 3.0916e+14
4344.7060 3.0966e+14 3.0916e+14
4344.7182 3.0966e+14 3.0917e+14
4344.7305 3.0966e+14 3.0917e+14
4344.7427 3.0966e+14 3.0917e+14
4344.7550 3.0966e+14 3.0917e+14
4344.7672 3.0966e+14 3.0917e+14
4344.7795 3.0966e+14 3.0917e+14
4344.7917 3.0966e+14 3.0917e+14
4344.8040 3.0966e+14 3.0917e+14
4344.8162 3.0966e+14 3.0917e+14
4344.8284 3.0966e+14 3.0917e+14
4344.8407 3.0966e+14 3.0917e+14
4344.8529 3.0966e+14 3.0917e+14
4344.8652 3.0966e+14 3.0917e+14
4344.8774 3.0966e+14 3.0917e+14
4344.8897 3.0966e+14 3.0917e+14
4344.9019 3.0966e+14 3.0918e+14
4344.9142 3.0966e+14 3.0918e+14
4344.9264 3.0967e+14 3.0918e+14
4344.9386 3.0967e+14 3.0918e+14
4344.9509 3.0967e+14 3.0918e+14
4344.9631 3.0967e+14 3.0918e+14
4344.9754 3.0967e+14 3.0918e+14
4344.9876 3.0967e+14 3.0918e+14
4344.9999 3.0967e+14 3.0918e+14
4345.0121 3.0967e+14 3.0918e+14
4345.0244 3.0967e+14 3.0918e+14
4345.0366 3.0967e+14 3.0918e+14
4345.0488 3.0967e+14 3.0918e+14
4345.0611 3.0967e+14 3.0918e+14
4345.0733 3.0967e+14 3.0918e+14
4345.0856 3.0967e+14 3.0919e+14
4345.0978 3.0967e+14 3.0919e+14
4345.1101 3.0967e+14 3.0919e+14
4345.1223 3.0967e+14 3.0919e+14
4345.1346 3.0967e+14 3.0919e+14
4345.1468 3.0967e+14 3.0919e+14
4345.1590 3.0967e+14 3.0919e+14
4345.1713 3.0967e+14 3.0919e+14
4345.1835 3.0968e+14 3.0919e+14
4345.1958 3.0968e+14 3.0919e+14
4345.2080 3.0968e+14 3.0919e+14
4345.2203 3.0968e+14 3.0919e+14
4345.2325 3.0968e+14 3.0919e+14
4345.2448 3.0968e+14 3.0919e+14
4345.2570 3.0968e+14 3.0919e+14
4345.2692 3.0968e+14 3.0919e+14
4345.2815 3.0968e+14 3.0920e+14
4345.2937 3.0968e+14 3.0920e+14
4345.3060 3.0968e+14 3.0920e+14
4345.3182 3.0968e+14 3.0920e+14
4345.3305 3.0968e+14 3.0920e+14
4345.3427 3.0968e+14 3.0920e+14
4345.3550 3.0968e+14 3.0920e+14
4345.3672 3.0968e+14 3.0920e+14
4345.3794 3.0968e+14 3.0920e+14
4345.3917 3.0968e+14 3.0920e+14
4345.4039 3.0968e+14 3.0920e+14
4345.4162 3.0968e+14 3.0920e+14
4345.4284 3.0968e+14 3.0920e+14
4345.4407 3.0969e+14 3.0920e+14
4345.4529 3.0969e+14 3.0920e+14
4345.4652 3.0969e+14 3.0921e+14
4345.4774 3.0969e+14 3.0921e+14
4345.4896 3.0969e+14 3.0921e+14
4345.5019 3.0969e+14 3.0921e+14
4345.5141 3.0969e+14 3.0921e+14
4345.5264 3.0969e+14 3.0921e+14
4345.5386 3.0969e+14 3.0921e+14
4345.5509 3.0969e+14 3.0921e+14
4345.5631 3.0969e+14 3.0921e+14
4345.5754 3.0969e+14 3.0921e+14
4345.5876 3.0969e+14 3.0921e+14
4345.5998 3.0969e+14 3.0921e+14
4345.6121 3.0969e+14 3.0921e+14
4345.6243 3.0969e+14 3.0921e+14
4345.6366 3.0969e+14 3.0921e+14
4345.6488 3.0969e+14 3.0922e+14
4345.6611 3.0969e+14 3.0922e+14
4345.6733 3.0969e+14 3.0922e+14
4345.6856 3.0969e+14 3.0922e+14
4345.6978 3.0969e+14 3.0922e+14
4345.7100 3.0970e+14 3.0922e+14
4345.7223 3.0970e+14 3.0922e+14
4345.7345 3.0970e+14 3.0922e+14
4345.7468 3.0970e+14 3.0922e+14
4345.7590 3.0970e+14 3.0922e+14
4345.7713 3.0970e+14 3.0922e+14
4345.7835 3.0970e+14 3.0922e+14
4345.7958 3.0970e+14 3.0922e+14
4345.8080 3.0970e+14 3.0922e+14
4345.8202 3.0970e+14 3.0922e+14
4345.8325 3.0970e+14 3.0923e+14
4345.8447 3.0970e+14 3.0923e+14
4345.8570 3.0970e+14 3.0923e+14
4345.8692 3.0970e+14 3.0923e+14
4345.8815 3.0970e+14 3.0923e+14
4345.8937 3.0970e+14 3.0923e+14
4345.9060 3.0970e+14 3.0923e+14
4345.9182 3.0970e+14 3.0923e+14
4345.9304 3.0970e+14 3.0923e+14
4345.9427 3.0970e+14 3.0923e+14
4345.9549 3.0970e+14 3.0923e+14
4345.9672 3.0971e+14 3.0923e+14
4345.9794 3.0971e+14 3.0923e+14
4345.9917 3.0971e+14 3.0923e+14
4346.0039 3.0971e+14 3.0924e+14
4346.0162 3.0971e+14 3.0924e+14
4346.0284 3.0971e+14 3.0924e+14
4346.0406 3.0971e+14 3.0924e+14
4346.0529 3.0971e+14 3.0924e+14
4346.0651 3.0971e+14 3.0924e+14
4346.0774 3.0971e+14 3.0924e+14
4346.0896 3.0971e+14 3.0924e+14
4346.1019 3.0971e+14 3.0924e+14
4346.1141 3.0971e+14 3.0924e+14
4346.1264 3.0971e+14 3.0924e+14
4346.1386 3.0971e+14 3.0924e+14
4346.1508 3.0971e+14 3.0924e+14
4346.1631 3.0971e+14 3.0924e+14
4346.1753 3.0971e+14 3.0924e+14
4346.1876 3.0971e+14 3.0925e+14
4346.1998 3.0971e+14 3.0925e+14
4346.2121 3.0971e+14 3.0925e+14
4346.2243 3.0972e+14 3.0925e+14
4346.2366 3.0972e+14 3.0925e+14
4346.2488 3.0972e+14 3.0925e+14
4346.2610 3.0972e+14 3.0925e+14
4346.2733 3.0972e+14 3.0925e+14
4346.2855 3.0972e+14 3.0925e+14
4346.2978 3.0972e+14 3.0925e+14
4346.3100 3.0972e+14 3.0925e+14
4346.3223 3.0972e+14 3.0925e+14
4346.3345 3.0972e+14 3.0925e+14
4346.3468 3.0972e+14 3.0925e+14
4346.3590 3.0972e+14 3.0925e+14
4346.3712 3.0972e+14 3.0926e+14
4346.3835 3.0972e+14 3.0926e+14
4346.3957 3.0972e+14 3.0926e+14
4346.4080 3.0972e+14 3.0926e+14
4346.4202 3.0972e+14 3.0926e+14
4346.4325 3.0972e+14 3.0926e+14
4346.4447 3.0972e+14 3.0926e+14
4346.4570 3.0972e+14 3.0926e+14
4346.4692 3.0972e+14 3.0926e+14
4346.4814 3.0973e+14 3.0926e+14
4346.4937 3.0973e+14 3.0926e+14
4346.5059 3.0973e+14 3.0926e+14
4346.5182 3.0973e+14 3.0926e+14
4346.5304 3.0973e+14 3.0926e+14
4346.5427 3.0973e+14 3.0927e+14
4346.5549 3.0973e+14 3.0927e+14
4346.5672 3.0973e+14 3.0927e+14
4346.5794 3.0973e+14 3.0927e+14
4346.5917 3.0973e+14 3.0927e+14
4346.6039 3.0973e+14 3.0927e+14
4346.6161 3.0973e+14 3.0927e+14
4346.6284 3.0973e+14 3.0927e+14
4346.6406 3.0973e+14 3.0927e+14
4346.6529 3.0973e+14 3.0927e+14
4346.6651 3.0973e+14 3.0927e+14
4346.6774 3.0973e+14 3.0927e+14
4346.6896 3.0973e+14 3.0927e+14
4346.7019 3.0973e+14 3.0927e+14
4346.7141 3.0973e+14 3.0927e+14
4346.7263 3.0973e+14 3.0928e+14
4346.7386 3.0973e+14 3.0928e+14
4346.7508 3.0974e+14 3.0928e+14
4346.7631 3.0974e+14 3.0928e+14
4346.7753 3.0974e+14 3.0928e+14
4346.7876 3.0974e+14 3.0928e+14
4346.7998 3.0974e+14 3.0928e+14
4346.8121 3.0974e+14 3.0928e+14
4346.8243 3.0974e+14 3.0928e+14
4346.8365 3.0974e+14 3.0928e+14
4346.8488 3.0974e+14 3.0928e+14
4346.8610 3.0974e+14 3.0928e+14
4346.8733 3.0974e+14 3.0928e+14
4346.8855 3.0974e+14 3.0928e+14
4346.8978 3.0974e+14 3.0929e+14
4346.9100 3.0974e+14 3.0929e+14
4346.9223 3.0974e+14 3.0929e+14
4346.9345 3.0974e+14 3.0929e+14
4346.9467 3.0974e+14 3.0929e+14
4346.9590 3.0974e+14 3.0929e+14
4346.9712 3.0974e+14 3.0929e+14
4346.9835 3.0974e+14 3.0929e+14
4346.9957 3.0974e+14 3.0929e+14
4347.0080 3.0975e+14 3.0929e+14
4347.0202 3.0975e+14 3.0929e+14
4347.0325 3.0975e+14 3.0929e+14
4347.0447 3.0975e+14 3.0929e+14
4347.0569 3.0975e+14 3.0929e+14
4347.0692 3.0975e+14 3.0929e+14
4347.0814 3.0975e+14 3.0930e+14
4347.0937 3.0975e+14 3.0930e+14
4347.1059 3.0975e+14 3.0930e+14
4347.1182 3.0975e+14 3.0930e+14
4347.1304 3.0975e+14 3.0930e+14
4347.1427 3.0975e+14 3.0930e+14
4347.1549 3.0975e+14 3.0930e+14
4347.1671 3.0975e+14 3.0930e+14
4347.1794 3.0975e+14 3.0930e+14
4347.1916 3.0975e+14 3.0930e+14
4347.2039 3.0975e+14 3.0930e+14
4347.2161 3.0975e+14 3.0930e+14
4347.2284 3.0975e+14 3.0930e+14
4347.2406 3.0975e+14 3.0930e+14
4347.2529 3.0975e+14 3.0931e+14
4347.2651 3.0976e+14 3.0931e+14
4347.2773 3.0976e+14 3.0931e+14
4347.2896 3.0976e+14 3.0931e+14
4347.3018 3.0976e+14 3.0931e+14
4347.3141 3.0976e+14 3.0931e+14
4347.3263 3.0976e+14 3.0931e+14
4347.3386 3.0976e+14 3.0931e+14
4347.3508 3.0976e+14 3.0931e+14
4347.3631 3.0976e+14 3.0931e+14
4347.3753 3.0976e+14 3.0931e+14
4347.3875 3.0976e+14 3.0931e+14
4347.3998 3.0976e+14 3.0931e+14
4347.4120 3.0976e+14 3.0931e+14
4347.4243 3.0976e+14 3.0932e+14
4347.4365 3.0976e+14 3.0932e+14
4347.4488 3.0976e+14 3.0932e+14
4347.4610 3.0976e+14 3.0932e+14
4347.4733 3.0976e+14 3.0932e+14
4347.4855 3.0976e+14 3.0932e+14
4347.4977 3.0976e+14 3.0932e+14
4347.5100 3.0976e+14 3.0932e+14
4347.5222 3.0977e+14 3.0932e+14
4347.5345 3.0977e+14 3.0932e+14
4347.5467 3.0977e+14 3.0932e+14
4347.5590 3.0977e+14 3.0932e+14
4347.5712 3.0977e+14 3.0932e+14
4347.5835 3.0977e+14 3.0932e+14
4347.5957 3.0977e+14 3.0933e+14
4347.6079 3.0977e+14 3.0933e+14
4347.6202 3.0977e+14 3.0933e+14
4347.6324 3.0977e+14 3.0933e+14
4347.6447 3.0977e+14 3.0933e+14
4347.6569 3.0977e+14 3.0933e+14
4347.6692 3.0977e+14 3.0933e+14
4347.6814 3.0977e+14 3.0933e+14
4347.6937 3.0977e+14 3.0933e+14
4347.7059 3.0977e+14 3.0933e+14
4347.7181 3.0977e+14 3.0933e+14
4347.7304 3.0977e+14 3.0933e+14
4347.7426 3.0977e+14 3.0933e+14
4347.7549 3.0977e+14 3.0933e+14
4347.7671 3.0977e+14 3.0933e+14
4347.7794 3.0977e+14 3.0934e+14
4347.7916 3.0978e+14 3.0934e+14
4347.8039 3.0978e+14 3.0934e+14
4347.8161 3.0978e+14 3.0934e+14
4347.8283 3.0978e+14 3.0934e+14
4347.8406 3.0978e+14 3.0934e+14
4347.8528 3.0978e+14 3.0934e+14
4347.8651 3.0978e+14 3.0934e+14
4347.8773 3.0978e+14 3.0934e+14
4347.8896 3.0978e+14 3.0934e+14
4347.9018 3.0978e+14 3.0934e+14
4347.9141 3.0978e+14 3.0934e+14
4347.9263 3.0978e+14 3.0934e+14
4347.9385 3.0978e+14 3.0934e+14
4347.9508 3.0978e+14 3.0935e+14
4347.9630 3.0978e+14 3.0935e+14
4347.9753 3.0978e+14 3.0935e+14
4347.9875 3.0978e+14 3.0935e+14
4347.9998 3.0978e+14 3.0935e+14
4348.0120 3.0978e+14 3.0935e+14
4348.0243 3.0978e+14 3.0935e+14
4348.0365 3.0978e+14 3.0935e+14
4348.0487 3.0979e+14 3.0935e+14
4348.0610 3.0979e+14 3.0935e+14
4348.0732 3.0979e+14 3.0935e+14
4348.0855 3.0979e+14 3.0935e+14
4348.0977 3.0979e+14 3.0935e+14
4348.1100 3.0979e+14 3.0935e+14
4348.1222 3.0979e+14 3.0936e+14
4348.1345 3.0979e+14 3.0936e+14
4348.1467 3.0979e+14 3.0936e+14
4348.1589 3.0979e+14 3.0936e+14
4348.1712 3.0979e+14 3.0936e+14
4348.1834 3.0979e+14 3.0936e+14
4348.1957 3.0979e+14 3.0936e+14
4348.2079 3.0979e+14 3.0936e+14
4348.2202 3.0979e+14 3.0936e+14
4348.2324 3.0979e+14 3.0936e+14
4348.2447 3.0979e+14 3.0936e+14
4348.2569 3.0979e+14 3.0936e+14
4348.2692 3.0979e+14 3.0936e+14
4348.2814 3.0979e+14 3.0936e+14
4348.2936 3.0979e+14 3.0937e+14
4348.3059 3.0980e+14 3.0937e+14
4348.3181 3.0980e+14 3.0937e+14
4348.3304 3.0980e+14 3.0937e+14
4348.3426 3.0980e+14 3.0937e+14
4348.3549 3.0980e+14 3.0937e+14
4348.3671 3.0980e+14 3.0937e+14
4348.3794 3.0980e+14 3.0937e+14
4348.3916 3.0980e+14 3.0937e+14
4348.4038 3.0980e+14 3.0937e+14
4348.4161 3.0980e+14 3.0937e+14
4348.4283 3.0980e+14 3.0937e+14
4348.4406 3.0980e+14 3.0937e+14
4348.4528 3.0980e+14 3.0937e+14
4348.4651 3.0980e+14 3.0938e+14
4348.4773 3.0980e+14 3.0938e+14
4348.4896 3.0980e+14 3.0938e+14
4348.5018 3.0980e+14 3.0938e+14
4348.5140 3.0980e+14 3.0938e+14
4348.5263 3.0980e+14 3.0938e+14
4348.5385 3.0980e+14 3.0938e+14
4348.5508 3.0980e+14 3.0938e+14
4348.5630 3.0980e+14 3.0938e+14
4348.5753 3.0981e+14 3.0938e+14
4348.5875 3.0981e+14 3.0938e+14
4348.5998 3.0981e+14 3.0938e+14
4348.6120 3.0981e+14 3.0938e+14
4348.6242 3.0981e+14 3.0938e+14
4348.6365 3.0981e+14 3.0939e+14
4348.6487 3.0981e+14 3.0939e+14
4348.6610 3.0981e+14 3.0939e+14
4348.6732 3.0981e+14 3.0939e+14
4348.6855 3.0981e+14 3.0939e+14
4348.6977 3.0981e+14 3.0939e+14
4348.7100 3.0981e+14 3.0939e+14
4348.7222 3.0981e+14 3.0939e+14
4348.7344 3.0981e+14 3.0939e+14
4348.7467 3.0981e+14 3.0939e+14
4348.7589 3.0981e+14 3.0939e+14
4348.7712 3.0981e+14 3.0939e+14
4348.7834 3.0981e+14 3.0939e+14
4348.7957 3.0981e+14 3.0939e+14
4348.8079 3.0981e+14 3.0940e+14
4348.8202 3.0981e+14 3.0940e+14
4348.8324 3.0982e+14 3.0940e+14
4348.8446 3.0982e+14 3.0940e+14
4348.8569 3.0982e+14 3.0940e+14
4348.8691 3.0982e+14 3.0940e+14
4348.8814 3.0982e+14 3.0940e+14
4348.8936 3.0982e+14 3.0940e+14
4348.9059 3.0982e+14 3.0940e+14
4348.9181 3.0982e+14 3.0940e+14
4348.9304 3.0982e+14 3.0940e+14
4348.9426 3.0982e+14 3.0940e+14
4348.9548 3.0982e+14 3.0940e+14
4348.9671 3.0982e+14 3.0940e+14
4348.9793 3.0982e+14 3.0941e+14
4348.9916 3.0982e+14 3.0941e+14
4349.0038 3.0982e+14 3.0941e+14
4349.0161 3.0982e+14 3.0941e+14
4349.0283 3.0982e+14 3.0941e+14
4349.0406 3.0982e+14 3.0941e+14
4349.0528 3.0982e+14 3.0941e+14
4349.0650 3.0982e+14 3.0941e+14
4349.0773 3.0982e+14 3.0941e+14
4349.0895 3.0983e+14 3.0941e+14
4349.1018 3.0983e+14 3.0941e+14
4349.1140 3.0983e+14 3.0941e+14
4349.1263 3.0983e+14 3.0941e+14
4349.1385 3.0983e+14 3.0941e+14
4349.1508 3.0983e+14 3.0942e+14
4349.1630 3.0983e+14 3.0942e+14
4349.1752 3.0983e+14 3.0942e+14
4349.1875 3.0983e+14 3.0942e+14
4349.1997 3.0983e+14 3.0942e+14
4349.2120 3.0983e+14 3.0942e+14
4349.2242 3.0983e+14 3.0942e+14
4349.2365 3.0983e+14 3.0942e+14
4349.2487 3.0983e+14 3.0942e+14
4349.2610 3.0983e+14 3.0942e+14
4349.2732 3.0983e+14 3.0942e+14
4349.2854 3.0983e+14 3.0942e+14
4349.2977 3.0983e+14 3.0942e+14
4349.3099 3.0983e+14 3.0942e+14
4349.3222 3.0983e+14 3.0943e+14
4349.3344 3.0983e+14 3.0943e+14
4349.3467 3.0983e+14 3.0943e+14
4349.3589 3.0984e+14 3.0943e+14
4349.3712 3.0984e+14 3.0943e+14
4349.3834 3.0984e+14 3.0943e+14
4349.3956 3.0984e+14 3.0943e+14
4349.4079 3.0984e+14 3.0943e+14
4349.4201 3.0984e+14 3.0943e+14
4349.4324 3.0984e+14 3.0943e+14
4349.4446 3.0984e+14 3.0943e+14
4349.4569 3.0984e+14 3.0943e+14
4349.4691 3.0984e+14 3.0943e+14
4349.4814 3.0984e+14 3.0943e+14
4349.4936 3.0984e+14 3.0944e+14
4349.5058 3.0984e+14 3.0944e+14
4349.5181 3.0984e+14 3.0944e+14
4349.5303 3.0984e+14 3.0944e+14
4349.5426 3.0984e+14 3.0944e+14
4349.5548 3.0984e+14 3.0944e+14
4349.5671 3.0984e+14 3.0944e+14
4349.5793 3.0984e+14 3.0944e+14
4349.5916 3.0984e+14 3.0944e+14
4349.6038 3.0984e+14 3.0944e+14
4349.6160 3.0985e+14 3.0944e+14
4349.6283 3.0985e+14 3.0944e+14
4349.6405 3.0985e+14 3.0944e+14
4349.6528 3.0985e+14 3.0944e+14
4349.6650 3.0985e+14 3.0945e+14
4349.6773 3.0985e+14 3.0945e+14
4349.6895 3.0985e+14 3.0945e+14
4349.7018 3.0985e+14 3.0945e+14
4349.7140 3.0985e+14 3.0945e+14
4349.7262 3.0985e+14 3.0945e+14
4349.7385 3.0985e+14 3.0945e+14
4349.7507 3.0985e+14 3.0945e+14
4349.7630 3.0985e+14 3.0945e+14
4349.7752 3.0985e+14 3.0945e+14
4349.7875 3.0985e+14 3.0945e+14
4349.7997 3.0985e+14 3.0945e+14
4349.8120 3.0985e+14 3.0945e+14
4349.8242 3.0985e+14 3.0945e+14
4349.8364 3.0985e+14 3.0946e+14
4349.8487 3.0985e+14 3.0946e+14
4349.8609 3.0985e+14 3.0946e+14
4349.8732 3.0985e+14 3.0946e+14
4349.8854 3.0986e+14 3.0946e+14
4349.8977 3.0986e+14 3.0946e+14
4349.9099 3.0986e+14 3.0946e+14
4349.9222 3.0986e+14 3.0946e+14
4349.9344 3.0986e+14 3.0946e+14
4349.9467 3.0986e+14 3.0946e+14
4349.9589 3.0986e+14 3.0946e+14
4349.9711 3.0986e+14 3.0946e+14
4349.9834 3.0986e+14 3.0946e+14
4349.9956 3.0986e+14 3.0946e+14
4350.0079 3.0986e+14 3.0947e+14
4350.0201 3.0986e+14 3.0947e+14
4350.0324 3.0986e+14 3.0947e+14
4350.0446 3.0986e+14 3.0947e+14
4350.0569 3.0986e+14 3.0947e+14
4350.0691 3.0986e+14 3.0947e+14
4350.0813 3.0986e+14 3.0947e+14
4350.0936 3.0986e+14 3.0947e+14
4350.1058 3.0986e+14 3.0947e+14
4350.1181 3.0986e+14 3.0947e+14
4350.1303 3.0986e+14 3.0947e+14
4350.1426 3.0987e+14 3.0947e+14
4350.1548 3.0987e+14 3.0947e+14
4350.1671 3.0987e+14 3.0947e+14
4350.1793 3.0987e+14 3.0948e+14
4350.1915 3.0987e+14 3.0948e+14
4350.2038 3.0987e+14 3.0948e+14
4350.2160 3.0987e+14 3.0948e+14
4350.2283 3.0987e+14 3.0948e+14
4350.2405 3.0987e+14 3.0948e+14
4350.2528 3.0987e+14 3.0948e+14
4350.2650 3.0987e+14 3.0948e+14
4350.2773 3.0987e+14 3.0948e+14
4350.2895 3.0987e+14 3.0948e+14
4350.3017 3.0987e+14 3.0948e+14
4350.3140 3.0987e+14 3.0948e+14
4350.3262 3.0987e+14 3.0948e+14
4350.3385 3.0987e+14 3.0948e+14
4350.3507 3.0987e+14 3.0949e+14
4350.3630 3.0987e+14 3.0949e+14
4350.3752 3.0987e+14 3.0949e+14
4350.3875 3.0987e+14 3.0949e+14
4350.3997 3.0987e+14 3.0949e+14
4350.4119 3.0988e+14 3.0949e+14
4350.4242 3.0988e+14 3.0949e+14
4350.4364 3.0988e+14 3.0949e+14
4350.4487 3.0988e+14 3.0949e+14
4350.4609 3.0988e+14 3.0949e+14
4350.4732 3.0988e+14 3.0949e+14
4350.4854 3.0988e+14 3.0949e+14
4350.4977 3.0988e+14 3.0949e+14
4350.5099 3.0988e+14 3.0949e+14
4350.5221 3.0988e+14 3.0950e+14
4350.5344 3.0988e+14 3.0950e+14
4350.5466 3.0988e+14 3.0950e+14
4350.5589 3.0988e+14 3.0950e+14
4350.5711 3.0988e+14 3.0950e+14
4350.5834 3.0988e+14 3.0950e+14
4350.5956 3.0988e+14 3.0950e+14
4350.6079 3.0988e+14 3.0950e+14
4350.6201 3.0988e+14 3.0950e+14
4350.6323 3.0988e+14 3.0950e+14
4350.6446 3.0988e+14 3.0950e+14
4350.6568 3.0988e+14 3.0950e+14
4350.6691 3.0989e+14 3.0950e+14
4350.6813 3.0989e+14 3.0950e+14
4350.6936 3.0989e+14 3.0951e+14
4350.7058 3.0989e+14 3.0951e+14
4350.7181 3.0989e+14 3.0951e+14
4350.7303 3.0989e+14 3.0951e+14
4350.7425 3.0989e+14 3.0951e+14
4350.7548 3.0989e+14 3.0951e+14
4350.7670 3.0989e+14 3.0951e+14
4350.7793 3.0989e+14 3.0951e+14
4350.7915 3.0989e+14 3.0951e+14
4350.8038 3.0989e+14 3.0951e+14
4350.8160 3.0989e+14 3.0951e+14
4350.8283 3.0989e+14 3.0951e+14
4350.8405 3.0989e+14 3.0951e+14
4350.8527 3.0989e+14 3.0951e+14
4350.8650 3.0989e+14 3.0952e+14
4350.8772 3.0989e+14 3.0952e+14
4350.8895 3.0989e+14 3.0952e+14
4350.9017 3.0989e+14 3.0952e+14
4350.9140 3.0989e+14 3.0952e+14
4350.9262 3.0989e+14 3.0952e+14
4350.9385 3.0990e+14 3.0952e+14
4350.9507 3.0990e+14 3.0952e+14
4350.9629 3.0990e+14 3.0952e+14
4350.9752 3.0990e+14 3.0952e+14
4350.9874 3.0990e+14 3.0952e+14
4350.9997 3.0990e+14 3.0952e+14
4351.0119 3.0990e+14 3.0952e+14
4351.0242 3.0990e+14 3.0952e+14
4351.0364 3.0990e+14 3.0953e+14
4351.0487 3.0990e+14 3.0953e+14
4351.0609 3.0990e+14 3.0953e+14
4351.0731 3.0990e+14 3.0953e+14
4351.0854 3.0990e+14 3.0953e+14
4351.0976 3.0990e+14 3.0953e+14
4351.1099 3.0990e+14 3.0953e+14
4351.1221 3.0990e+14 3.0953e+14
4351.1344 3.0990e+14 3.0953e+14
4351.1466 3.0990e+14 3.0953e+14
4351.1589 3.0990e+14 3.0953e+14
4351.1711 3.0990e+14 3.0953e+14
4351.1833 3.0990e+14 3.0953e+14
4351.1956 3.0991e+14 3.0953e+14
4351.2078 3.0991e+14 3.0954e+14
4351.2201 3.0991e+14 3.0954e+14
4351.2323 3.0991e+14 3.0954e+14
4351.2446 3.0991e+14 3.0954e+14
4351.2568 3.0991e+14 3.0954e+14
4351.2691 3.0991e+14 3.0954e+14
4351.2813 3.0991e+14 3.0954e+14
4351.2935 3.0991e+14 3.0954e+14
4351.3058 3.0991e+14 3.0954e+14
4351.3180 3.0991e+14 3.0954e+14
4351.3303 3.0991e+14 3.0954e+14
4351.3425 3.0991e+14 3.0954e+14
4351.3548 3.0991e+14 3.0954e+14
4351.3670 3.0991e+14 3.0954e+14
4351.3793 3.0991e+14 3.0955e+14
4351.3915 3.0991e+14 3.0955e+14
4351.4037 3.0991e+14 3.0955e+14
4351.4160 3.0991e+14 3.0955e+14
4351.4282 3.0991e+14 3.0955e+14
4351.4405 3.0991e+14 3.0955e+14
4351.4527 3.0991e+14 3.0955e+14
4351.4650 3.0992e+14 3.0955e+14
4351.4772 3.0992e+14 3.0955e+14
4351.4895 3.0992e+14 3.0955e+14
4351.5017 3.0992e+14 3.0955e+14
4351.5139 3.0992e+14 3.0955e+14
4351.5262 3.0992e+14 3.0955e+14
4351.5384 3.0992e+14 3.0955e+14
4351.5507 3.0992e+14 3.0956e+14
4351.5629 3.0992e+14 3.0956e+14
4351.5752 3.0992e+14 3.0956e+14
4351.5874 3.0992e+14 3.0956e+14
4351.5997 3.0992e+14 3.0956e+14
4351.6119 3.0992e+14 3.0956e+14
4351.6241 3.0992e+14 3.0956e+14
4351.6364 3.0992e+14 3.0956e+14
4351.6486 3.0992e+14 3.0956e+14
4351.6609 3.0992e+14 3.0956e+14
4351.6731 3.0992e+14 3.0956e+14
4351.6854 3.0992e+14 3.0956e+14
4351.6976 3.0992e+14 3.0956e+14
4351.7099 3.0992e+14 3.0956e+14
4351.7221 3.0993e+14 3.0957e+14
4351.7344 3.0993e+14 3.0957e+14
4351.7466 3.0993e+14 3.0957e+14
4351.7588 3.0993e+14 3.0957e+14
4351.7711 3.0993e+14 3.0957e+14
4351.7833 3.0993e+14 3.0957e+14
4351.7956 3.0993e+14 3.0957e+14
4351.8078 3.0993e+14 3.0957e+14
4351.8201 3.0993e+14 3.0957e+14
4351.8323 3.0993e+14 3.0957e+14
4351.8446 3.0993e+14 3.0957e+14
4351.8568 3.0993e+14 3.0957e+14
4351.8690 3.0993e+14 3.0957e+14
4351.8813 3.0993e+14 3.0957e+14
4351.8935 3.0993e+14 3.0958e+14
4351.9058 3.0993e+14 3.0958e+14
4351.9180 3.0993e+14 3.0958e+14
4351.9303 3.0993e+14 3.0958e+14
4351.9425 3.0993e+14 3.0958e+14
4351.9548 3.0993e+14 3.0958e+14
4351.9670 3.0993e+14 3.0958e+14
4351.9792 3.0993e+14 3.0958e+14
4351.9915 3.0994e+14 3.0958e+14
4352.0037 3.0994e+14 3.0958e+14
4352.0160 3.0994e+14 3.0958e+14
4352.0282 3.0994e+14 3.0958e+14
4352.0405 3.0994e+14 3.0958e+14
4352.0527 3.0994e+14 3.0958e+14
4352.0650 3.0994e+14 3.0959e+14
4352.0772 3.0994e+14 3.0959e+14
4352.0894 3.0994e+14 3.0959e+14
4352.1017 3.0994e+14 3.0959e+14
4352.1139 3.0994e+14 3.0959e+14
4352.1262 3.0994e+14 3.0959e+14
4352.1384 3.0994e+14 3.0959e+14
4352.1507 3.0994e+14 3.0959e+14
4352.1629 3.0994e+14 3.0959e+14
4352.1752 3.0994e+14 3.0959e+14
4352.1874 3.0994e+14 3.0959e+14
4352.1996 3.0994e+14 3.0959e+14
4352.2119 3.0994e+14 3.0959e+14
4352.2241 3.0994e+14 3.0959e+14
4352.2364 3.0994e+14 3.0960e+14
4352.2486 3.0995e+14 3.0960e+14
4352.2609 3.0995e+14 3.0960e+14
4352.2731 3.0995e+14 3.0960e+14
4352.2854 3.0995e+14 3.0960e+14
4352.2976 3.0995e+14 3.0960e+14
4352.3098 3.0995e+14 3.0960e+14
4352.3221 3.0995e+14 3.0960e+14
4352.3343 3.0995e+14 3.0960e+14
4352.3466 3.0995e+14 3.0960e+14
4352.3588 3.0995e+14 3.0960e+14
4352.3711 3.0995e+14 3.0960e+14
4352.3833 3.0995e+14 3.0960e+14
4352.3956 3.0995e+14 3.0960e+14
4352.4078 3.0995e+14 3.0960e+14
4352.4200 3.0995e+14 3.0961e+14
4352.4323 3.0995e+14 3.0961e+14
4352.4445 3.0995e+14 3.0961e+14
4352.4568 3.0995e+14 3.0961e+14
4352.4690 3.0995e+14 3.0961e+14
4352.4813 3.0995e+14 3.0961e+14
4352.4935 3.0995e+14 3.0961e+14
4352.5058 3.0995e+14 3.0961e+14
4352.5180 3.0996e+14 3.0961e+14
4352.5302 3.0996e+14 3.0961e+14
4352.5425 3.0996e+14 3.0961e+14
4352.5547 3.0996e+14 3.0961e+14
4352.5670 3.0996e+14 3.0961e+14
4352.5792 3.0996e+14 3.0961e+14
4352.5915 3.0996e+14 3.0962e+14
4352.6037 3.0996e+14 3.0962e+14
4352.6160 3.0996e+14 3.0962e+14
4352.6282 3.0996e+14 3.0962e+14
4352.6404 3.0996e+14 3.0962e+14
4352.6527 3.0996e+14 3.0962e+14
4352.6649 3.0996e+14 3.0962e+14
4352.6772 3.0996e+14 3.0962e+14
4352.6894 3.0996e+14 3.0962e+14
4352.7017 3.0996e+14 3.0962e+14
4352.7139 3.0996e+14 3.0962e+14
4352.7262 3.0996e+14 3.0962e+14
4352.7384 3.0996e+14 3.0962e+14
