# Wavelength(Å) I_cont(erg/s/cm2/Å/sr) I_abs(erg/s/cm2/Å/sr)
4326.3683 1.2497e+15 1.8270e+13
4326.3824 1.2497e+15 1.8206e+13
4326.3966 1.2497e+15 1.8141e+13
4326.4107 1.2497e+15 1.8077e+13
4326.4249 1.2497e+15 1.8013e+13
4326.4390 1.2497e+15 1.7949e+13
4326.4531 1.2497e+15 1.7885e+13
4326.4673 1.2497e+15 1.7821e+13
4326.4814 1.2497e+15 1.7758e+13
4326.4956 1.2497e+15 1.7694e+13
4326.5097 1.2497e+15 1.7631e+13
4326.5238 1.2496e+15 1.7568e+13
4326.5380 1.2496e+15 1.7506e+13
4326.5521 1.2496e+15 1.7443e+13
4326.5663 1.2496e+15 1.7381e+13
4326.5804 1.2496e+15 1.7319e+13
4326.5945 1.2496e+15 1.7257e+13
4326.6087 1.2496e+15 1.7195e+13
4326.6228 1.2496e+15 1.7133e+13
4326.6369 1.2496e+15 1.7072e+13
4326.6511 1.2496e+15 1.7011e+13
4326.6652 1.2496e+15 1.6949e+13
4326.6794 1.2496e+15 1.6889e+13
4326.6935 1.2496e+15 1.6828e+13
4326.7076 1.2496e+15 1.6767e+13
4326.7218 1.2496e+15 1.6707e+13
4326.7359 1.2496e+15 1.6647e+13
4326.7501 1.2496e+15 1.6587e+13
4326.7642 1.2496e+15 1.6527e+13
4326.7783 1.2496e+15 1.6467e+13
4326.7925 1.2496e+15 1.6408e+13
4326.8066 1.2496e+15 1.6348e+13
4326.8208 1.2496e+15 1.6289e+13
4326.8349 1.2496e+15 1.6230e+13
4326.8490 1.2496e+15 1.6172e+13
4326.8632 1.2496e+15 1.6113e+13
4326.8773 1.2496e+15 1.6055e+13
4326.8914 1.2496e+15 1.5996e+13
4326.9056 1.2496e+15 1.5938e+13
4326.9197 1.2496e+15 1.5880e+13
4326.9339 1.2496e+15 1.5823e+13
4326.9480 1.2496e+15 1.5765e+13
4326.9621 1.2496e+15 1.5708e+13
4326.9763 1.2495e+15 1.5651e+13
4326.9904 1.2495e+15 1.5594e+13
4327.0046 1.2495e+15 1.5537e+13
4327.0187 1.2495e+15 1.5480e+13
4327.0328 1.2495e+15 1.5424e+13
4327.0470 1.2495e+15 1.5367e+13
4327.0611 1.2495e+15 1.5311e+13
4327.0752 1.2495e+15 1.5255e+13
4327.0894 1.2495e+15 1.5199e+13
4327.1035 1.2495e+15 1.5144e+13
4327.1177 1.2495e+15 1.5088e+13
4327.1318 1.2495e+15 1.5033e+13
4327.1459 1.2495e+15 1.4978e+13
4327.1601 1.2495e+15 1.4923e+13
4327.1742 1.2495e+15 1.4868e+13
4327.1884 1.2495e+15 1.4813e+13
4327.2025 1.2495e+15 1.4759e+13
4327.2166 1.2495e+15 1.4705e+13
4327.2308 1.2495e+15 1.4650e+13
4327.2449 1.2495e+15 1.4596e+13
4327.2591 1.2495e+15 1.4543e+13
4327.2732 1.2495e+15 1.4489e+13
4327.2873 1.2495e+15 1.4436e+13
4327.3015 1.2495e+15 1.4382e+13
4327.3156 1.2495e+15 1.4329e+13
4327.3297 1.2495e+15 1.4276e+13
4327.3439 1.2495e+15 1.4223e+13
4327.3580 1.2495e+15 1.4171e+13
4327.3722 1.2495e+15 1.4118e+13
4327.3863 1.2495e+15 1.4066e+13
4327.4004 1.2495e+15 1.4014e+13
4327.4146 1.2494e+15 1.3962e+13
4327.4287 1.2494e+15 1.3910e+13
4327.4429 1.2494e+15 1.3858e+13
4327.4570 1.2494e+15 1.3807e+13
4327.4711 1.2494e+15 1.3756e+13
4327.4853 1.2494e+15 1.3704e+13
4327.4994 1.2494e+15 1.3653e+13
4327.5136 1.2494e+15 1.3603e+13
4327.5277 1.2494e+15 1.3552e+13
4327.5418 1.2494e+15 1.3501e+13
4327.5560 1.2494e+15 1.3451e+13
4327.5701 1.2494e+15 1.3401e+13
4327.5842 1.2494e+15 1.3351e+13
4327.5984 1.2494e+15 1.3301e+13
4327.6125 1.2494e+15 1.3251e+13
4327.6267 1.2494e+15 1.3202e+13
4327.6408 1.2494e+15 1.3152e+13
4327.6549 1.2494e+15 1.3103e+13
4327.6691 1.2494e+15 1.3054e+13
4327.6832 1.2494e+15 1.3005e+13
4327.6974 1.2494e+15 1.2956e+13
4327.7115 1.2494e+15 1.2908e+13
4327.7256 1.2494e+15 1.2859e+13
4327.7398 1.2494e+15 1.2811e+13
4327.7539 1.2494e+15 1.2763e+13
4327.7680 1.2494e+15 1.2715e+13
4327.7822 1.2494e+15 1.2667e+13
4327.7963 1.2494e+15 1.2619e+13
4327.8105 1.2494e+15 1.2572e+13
4327.8246 1.2494e+15 1.2524e+13
4327.8387 1.2494e+15 1.2477e+13
4327.8529 1.2494e+15 1.2430e+13
4327.8670 1.2493e+15 1.2383e+13
4327.8812 1.2493e+15 1.2336e+13
4327.8953 1.2493e+15 1.2290e+13
4327.9094 1.2493e+15 1.2243e+13
4327.9236 1.2493e+15 1.2197e+13
4327.9377 1.2493e+15 1.2151e+13
4327.9519 1.2493e+15 1.2105e+13
4327.9660 1.2493e+15 1.2059e+13
4327.9801 1.2493e+15 1.2013e+13
4327.9943 1.2493e+15 1.1968e+13
4328.0084 1.2493e+15 1.1922e+13
4328.0225 1.2493e+15 1.1877e+13
4328.0367 1.2493e+15 1.1832e+13
4328.0508 1.2493e+15 1.1787e+13
4328.0650 1.2493e+15 1.1742e+13
4328.0791 1.2493e+15 1.1697e+13
4328.0932 1.2493e+15 1.1653e+13
4328.1074 1.2493e+15 1.1609e+13
4328.1215 1.2493e+15 1.1564e+13
4328.1357 1.2493e+15 1.1520e+13
4328.1498 1.2493e+15 1.1476e+13
4328.1639 1.2493e+15 1.1433e+13
4328.1781 1.2493e+15 1.1389e+13
4328.1922 1.2493e+15 1.1346e+13
4328.2063 1.2493e+15 1.1302e+13
4328.2205 1.2493e+15 1.1259e+13
4328.2346 1.2493e+15 1.1216e+13
4328.2488 1.2493e+15 1.1173e+13
4328.2629 1.2493e+15 1.1130e+13
4328.2770 1.2493e+15 1.1088e+13
4328.2912 1.2493e+15 1.1045e+13
4328.3053 1.2492e+15 1.1003e+13
4328.3195 1.2492e+15 1.0961e+13
4328.3336 1.2492e+15 1.0919e+13
4328.3477 1.2492e+15 1.0877e+13
4328.3619 1.2492e+15 1.0835e+13
4328.3760 1.2492e+15 1.0793e+13
4328.3902 1.2492e+15 1.0752e+13
4328.4043 1.2492e+15 1.0711e+13
4328.4184 1.2492e+15 1.0669e+13
4328.4326 1.2492e+15 1.0628e+13
4328.4467 1.2492e+15 1.0587e+13
4328.4608 1.2492e+15 1.0547e+13
4328.4750 1.2492e+15 1.0506e+13
4328.4891 1.2492e+15 1.0465e+13
4328.5033 1.2492e+15 1.0425e+13
4328.5174 1.2492e+15 1.0385e+13
4328.5315 1.2492e+15 1.0345e+13
4328.5457 1.2492e+15 1.0305e+13
4328.5598 1.2492e+15 1.0265e+13
4328.5740 1.2492e+15 1.0225e+13
4328.5881 1.2492e+15 1.0186e+13
4328.6022 1.2492e+15 1.0146e+13
4328.6164 1.2492e+15 1.0107e+13
4328.6305 1.2492e+15 1.0068e+13
4328.6447 1.2492e+15 1.0029e+13
4328.6588 1.2492e+15 9.9902e+12
4328.6729 1.2492e+15 9.9515e+12
4328.6871 1.2492e+15 9.9129e+12
4328.7012 1.2492e+15 9.8744e+12
4328.7153 1.2492e+15 9.8361e+12
4328.7295 1.2492e+15 9.7979e+12
4328.7436 1.2492e+15 9.7599e+12
4328.7578 1.2491e+15 9.7220e+12
4328.7719 1.2491e+15 9.6842e+12
4328.7860 1.2491e+15 9.6465e+12
4328.8002 1.2491e+15 9.6090e+12
4328.8143 1.2491e+15 9.5716e+12
4328.8285 1.2491e+15 9.5343e+12
4328.8426 1.2491e+15 9.4972e+12
4328.8567 1.2491e+15 9.4602e+12
4328.8709 1.2491e+15 9.4233e+12
4328.8850 1.2491e+15 9.3866e+12
4328.8991 1.2491e+15 9.3500e+12
4328.9133 1.2491e+15 9.3135e+12
4328.9274 1.2491e+15 9.2771e+12
4328.9416 1.2491e+15 9.2409e+12
4328.9557 1.2491e+15 9.2048e+12
4328.9698 1.2491e+15 9.1688e+12
4328.9840 1.2491e+15 9.1330e+12
4328.9981 1.2491e+15 9.0973e+12
4329.0123 1.2491e+15 9.0617e+12
4329.0264 1.2491e+15 9.0262e+12
4329.0405 1.2491e+15 8.9909e+12
4329.0547 1.2491e+15 8.9557e+12
4329.0688 1.2491e+15 8.9206e+12
4329.0830 1.2491e+15 8.8856e+12
4329.0971 1.2491e+15 8.8508e+12
4329.1112 1.2491e+15 8.8161e+12
4329.1254 1.2491e+15 8.7815e+12
4329.1395 1.2491e+15 8.7470e+12
4329.1536 1.2491e+15 8.7127e+12
4329.1678 1.2491e+15 8.6785e+12
4329.1819 1.2491e+15 8.6444e+12
4329.1961 1.2490e+15 8.6104e+12
4329.2102 1.2490e+15 8.5766e+12
4329.2243 1.2490e+15 8.5429e+12
4329.2385 1.2490e+15 8.5093e+12
4329.2526 1.2490e+15 8.4758e+12
4329.2668 1.2490e+15 8.4424e+12
4329.2809 1.2490e+15 8.4092e+12
4329.2950 1.2490e+15 8.3760e+12
4329.3092 1.2490e+15 8.3430e+12
4329.3233 1.2490e+15 8.3102e+12
4329.3375 1.2490e+15 8.2774e+12
4329.3516 1.2490e+15 8.2448e+12
4329.3657 1.2490e+15 8.2122e+12
4329.3799 1.2490e+15 8.1798e+12
4329.3940 1.2490e+15 8.1476e+12
4329.4081 1.2490e+15 8.1154e+12
4329.4223 1.2490e+15 8.0833e+12
4329.4364 1.2490e+15 8.0514e+12
4329.4506 1.2490e+15 8.0196e+12
4329.4647 1.2490e+15 7.9879e+12
4329.4788 1.2490e+15 7.9563e+12
4329.4930 1.2490e+15 7.9248e+12
4329.5071 1.2490e+15 7.8935e+12
4329.5213 1.2490e+15 7.8622e+12
4329.5354 1.2490e+15 7.8311e+12
4329.5495 1.2490e+15 7.8001e+12
4329.5637 1.2490e+15 7.7692e+12
4329.5778 1.2490e+15 7.7384e+12
4329.5919 1.2490e+15 7.7078e+12
4329.6061 1.2490e+15 7.6772e+12
4329.6202 1.2490e+15 7.6468e+12
4329.6344 1.2490e+15 7.6165e+12
4329.6485 1.2489e+15 7.5863e+12
4329.6626 1.2489e+15 7.5562e+12
4329.6768 1.2489e+15 7.5262e+12
4329.6909 1.2489e+15 7.4963e+12
4329.7051 1.2489e+15 7.4665e+12
4329.7192 1.2489e+15 7.4369e+12
4329.7333 1.2489e+15 7.4073e+12
4329.7475 1.2489e+15 7.3779e+12
4329.7616 1.2489e+15 7.3486e+12
4329.7758 1.2489e+15 7.3194e+12
4329.7899 1.2489e+15 7.2903e+12
4329.8040 1.2489e+15 7.2613e+12
4329.8182 1.2489e+15 7.2324e+12
4329.8323 1.2489e+15 7.2036e+12
4329.8464 1.2489e+15 7.1749e+12
4329.8606 1.2489e+15 7.1464e+12
4329.8747 1.2489e+15 7.1179e+12
4329.8889 1.2489e+15 7.0896e+12
4329.9030 1.2489e+15 7.0613e+12
4329.9171 1.2489e+15 7.0332e+12
4329.9313 1.2489e+15 7.0052e+12
4329.9454 1.2489e+15 6.9772e+12
4329.9596 1.2489e+15 6.9494e+12
4329.9737 1.2489e+15 6.9217e+12
4329.9878 1.2489e+15 6.8941e+12
4330.0020 1.2489e+15 6.8666e+12
4330.0161 1.2489e+15 6.8392e+12
4330.0302 1.2489e+15 6.8119e+12
4330.0444 1.2489e+15 6.7847e+12
4330.0585 1.2489e+15 6.7577e+12
4330.0727 1.2489e+15 6.7307e+12
4330.0868 1.2488e+15 6.7038e+12
4330.1009 1.2488e+15 6.6770e+12
4330.1151 1.2488e+15 6.6504e+12
4330.1292 1.2488e+15 6.6238e+12
4330.1434 1.2488e+15 6.5973e+12
4330.1575 1.2488e+15 6.5710e+12
4330.1716 1.2488e+15 6.5447e+12
4330.1858 1.2488e+15 6.5185e+12
4330.1999 1.2488e+15 6.4925e+12
4330.2141 1.2488e+15 6.4665e+12
4330.2282 1.2488e+15 6.4406e+12
4330.2423 1.2488e+15 6.4149e+12
4330.2565 1.2488e+15 6.3892e+12
4330.2706 1.2488e+15 6.3636e+12
4330.2847 1.2488e+15 6.3382e+12
4330.2989 1.2488e+15 6.3128e+12
4330.3130 1.2488e+15 6.2875e+12
4330.3272 1.2488e+15 6.2624e+12
4330.3413 1.2488e+15 6.2373e+12
4330.3554 1.2488e+15 6.2123e+12
4330.3696 1.2488e+15 6.1874e+12
4330.3837 1.2488e+15 6.1627e+12
4330.3979 1.2488e+15 6.1380e+12
4330.4120 1.2488e+15 6.1134e+12
4330.4261 1.2488e+15 6.0889e+12
4330.4403 1.2488e+15 6.0645e+12
4330.4544 1.2488e+15 6.0402e+12
4330.4686 1.2488e+15 6.0160e+12
4330.4827 1.2488e+15 5.9919e+12
4330.4968 1.2488e+15 5.9679e+12
4330.5110 1.2488e+15 5.9439e+12
4330.5251 1.2488e+15 5.9201e+12
4330.5392 1.2487e+15 5.8964e+12
4330.5534 1.2487e+15 5.8727e+12
4330.5675 1.2487e+15 5.8492e+12
4330.5817 1.2487e+15 5.8257e+12
4330.5958 1.2487e+15 5.8023e+12
4330.6099 1.2487e+15 5.7791e+12
4330.6241 1.2487e+15 5.7559e+12
4330.6382 1.2487e+15 5.7328e+12
4330.6524 1.2487e+15 5.7098e+12
4330.6665 1.2487e+15 5.6869e+12
4330.6806 1.2487e+15 5.6641e+12
4330.6948 1.2487e+15 5.6414e+12
4330.7089 1.2487e+15 5.6187e+12
4330.7230 1.2487e+15 5.5962e+12
4330.7372 1.2487e+15 5.5737e+12
4330.7513 1.2487e+15 5.5513e+12
4330.7655 1.2487e+15 5.5291e+12
4330.7796 1.2487e+15 5.5069e+12
4330.7937 1.2487e+15 5.4848e+12
4330.8079 1.2487e+15 5.4628e+12
4330.8220 1.2487e+15 5.4408e+12
4330.8362 1.2487e+15 5.4190e+12
4330.8503 1.2487e+15 5.3972e+12
4330.8644 1.2487e+15 5.3756e+12
4330.8786 1.2487e+15 5.3540e+12
4330.8927 1.2487e+15 5.3325e+12
4330.9069 1.2487e+15 5.3111e+12
4330.9210 1.2487e+15 5.2898e+12
4330.9351 1.2487e+15 5.2686e+12
4330.9493 1.2487e+15 5.2474e+12
4330.9634 1.2487e+15 5.2264e+12
4330.9775 1.2486e+15 5.2054e+12
4330.9917 1.2486e+15 5.1845e+12
4331.0058 1.2486e+15 5.1637e+12
4331.0200 1.2486e+15 5.1430e+12
4331.0341 1.2486e+15 5.1223e+12
4331.0482 1.2486e+15 5.1018e+12
4331.0624 1.2486e+15 5.0813e+12
4331.0765 1.2486e+15 5.0609e+12
4331.0907 1.2486e+15 5.0406e+12
4331.1048 1.2486e+15 5.0204e+12
4331.1189 1.2486e+15 5.0002e+12
4331.1331 1.2486e+15 4.9802e+12
4331.1472 1.2486e+15 4.9602e+12
4331.1614 1.2486e+15 4.9403e+12
4331.1755 1.2486e+15 4.9205e+12
4331.1896 1.2486e+15 4.9007e+12
4331.2038 1.2486e+15 4.8811e+12
4331.2179 1.2486e+15 4.8615e+12
4331.2320 1.2486e+15 4.8420e+12
4331.2462 1.2486e+15 4.8226e+12
4331.2603 1.2486e+15 4.8032e+12
4331.2745 1.2486e+15 4.7840e+12
4331.2886 1.2486e+15 4.7648e+12
4331.3027 1.2486e+15 4.7457e+12
4331.3169 1.2486e+15 4.7267e+12
4331.3310 1.2486e+15 4.7077e+12
4331.3452 1.2486e+15 4.6889e+12
4331.3593 1.2486e+15 4.6701e+12
4331.3734 1.2486e+15 4.6514e+12
4331.3876 1.2486e+15 4.6327e+12
4331.4017 1.2486e+15 4.6142e+12
4331.4158 1.2485e+15 4.5957e+12
4331.4300 1.2485e+15 4.5773e+12
4331.4441 1.2485e+15 4.5590e+12
4331.4583 1.2485e+15 4.5407e+12
4331.4724 1.2485e+15 4.5225e+12
4331.4865 1.2485e+15 4.5044e+12
4331.5007 1.2485e+15 4.4864e+12
4331.5148 1.2485e+15 4.4685e+12
4331.5290 1.2485e+15 4.4506e+12
4331.5431 1.2485e+15 4.4328e+12
4331.5572 1.2485e+15 4.4151e+12
4331.5714 1.2485e+15 4.3974e+12
4331.5855 1.2485e+15 4.3798e+12
4331.5997 1.2485e+15 4.3623e+12
4331.6138 1.2485e+15 4.3449e+12
4331.6279 1.2485e+15 4.3275e+12
4331.6421 1.2485e+15 4.3102e+12
4331.6562 1.2485e+15 4.2930e+12
4331.6703 1.2485e+15 4.2759e+12
4331.6845 1.2485e+15 4.2588e+12
4331.6986 1.2485e+15 4.2418e+12
4331.7128 1.2485e+15 4.2249e+12
4331.7269 1.2485e+15 4.2080e+12
4331.7410 1.2485e+15 4.1912e+12
4331.7552 1.2485e+15 4.1745e+12
4331.7693 1.2485e+15 4.1578e+12
4331.7835 1.2485e+15 4.1413e+12
4331.7976 1.2485e+15 4.1248e+12
4331.8117 1.2485e+15 4.1083e+12
4331.8259 1.2485e+15 4.0919e+12
4331.8400 1.2485e+15 4.0756e+12
4331.8541 1.2485e+15 4.0594e+12
4331.8683 1.2484e+15 4.0432e+12
4331.8824 1.2484e+15 4.0272e+12
4331.8966 1.2484e+15 4.0111e+12
4331.9107 1.2484e+15 3.9952e+12
4331.9248 1.2484e+15 3.9793e+12
4331.9390 1.2484e+15 3.9635e+12
4331.9531 1.2484e+15 3.9477e+12
4331.9673 1.2484e+15 3.9320e+12
4331.9814 1.2484e+15 3.9164e+12
4331.9955 1.2484e+15 3.9008e+12
4332.0097 1.2484e+15 3.8853e+12
4332.0238 1.2484e+15 3.8699e+12
4332.0380 1.2484e+15 3.8545e+12
4332.0521 1.2484e+15 3.8393e+12
4332.0662 1.2484e+15 3.8240e+12
4332.0804 1.2484e+15 3.8089e+12
4332.0945 1.2484e+15 3.7938e+12
4332.1086 1.2484e+15 3.7787e+12
4332.1228 1.2484e+15 3.7638e+12
4332.1369 1.2484e+15 3.7489e+12
4332.1511 1.2484e+15 3.7340e+12
4332.1652 1.2484e+15 3.7192e+12
4332.1793 1.2484e+15 3.7045e+12
4332.1935 1.2484e+15 3.6899e+12
4332.2076 1.2484e+15 3.6753e+12
4332.2218 1.2484e+15 3.6608e+12
4332.2359 1.2484e+15 3.6463e+12
4332.2500 1.2484e+15 3.6319e+12
4332.2642 1.2484e+15 3.6175e+12
4332.2783 1.2484e+15 3.6033e+12
4332.2925 1.2484e+15 3.5891e+12
4332.3066 1.2483e+15 3.5749e+12
4332.3207 1.2483e+15 3.5608e+12
4332.3349 1.2483e+15 3.5468e+12
4332.3490 1.2483e+15 3.5328e+12
4332.3631 1.2483e+15 3.5189e+12
4332.3773 1.2483e+15 3.5050e+12
4332.3914 1.2483e+15 3.4912e+12
4332.4056 1.2483e+15 3.4775e+12
4332.4197 1.2483e+15 3.4638e+12
4332.4338 1.2483e+15 3.4502e+12
4332.4480 1.2483e+15 3.4367e+12
4332.4621 1.2483e+15 3.4232e+12
4332.4763 1.2483e+15 3.4097e+12
4332.4904 1.2483e+15 3.3964e+12
4332.5045 1.2483e+15 3.3831e+12
4332.5187 1.2483e+15 3.3698e+12
4332.5328 1.2483e+15 3.3566e+12
4332.5469 1.2483e+15 3.3434e+12
4332.5611 1.2483e+15 3.3304e+12
4332.5752 1.2483e+15 3.3173e+12
4332.5894 1.2483e+15 3.3044e+12
4332.6035 1.2483e+15 3.2914e+12
4332.6176 1.2483e+15 3.2786e+12
4332.6318 1.2483e+15 3.2658e+12
4332.6459 1.2483e+15 3.2530e+12
4332.6601 1.2483e+15 3.2403e+12
4332.6742 1.2483e+15 3.2277e+12
4332.6883 1.2483e+15 3.2151e+12
4332.7025 1.2483e+15 3.2026e+12
4332.7166 1.2483e+15 3.1901e+12
4332.7308 1.2483e+15 3.1777e+12
4332.7449 1.2483e+15 3.1653e+12
4332.7590 1.2482e+15 3.1530e+12
4332.7732 1.2482e+15 3.1408e+12
4332.7873 1.2482e+15 3.1286e+12
4332.8014 1.2482e+15 3.1164e+12
4332.8156 1.2482e+15 3.1043e+12
4332.8297 1.2482e+15 3.0923e+12
4332.8439 1.2482e+15 3.0803e+12
4332.8580 1.2482e+15 3.0684e+12
4332.8721 1.2482e+15 3.0565e+12
4332.8863 1.2482e+15 3.0447e+12
4332.9004 1.2482e+15 3.0329e+12
4332.9146 1.2482e+15 3.0212e+12
4332.9287 1.2482e+15 3.0095e+12
4332.9428 1.2482e+15 2.9979e+12
4332.9570 1.2482e+15 2.9863e+12
4332.9711 1.2482e+15 2.9748e+12
4332.9852 1.2482e+15 2.9634e+12
4332.9994 1.2482e+15 2.9520e+12
4333.0135 1.2482e+15 2.9406e+12
4333.0277 1.2482e+15 2.9293e+12
4333.0418 1.2482e+15 2.9180e+12
4333.0559 1.2482e+15 2.9068e+12
4333.0701 1.2482e+15 2.8957e+12
4333.0842 1.2482e+15 2.8846e+12
4333.0984 1.2482e+15 2.8735e+12
4333.1125 1.2482e+15 2.8625e+12
4333.1266 1.2482e+15 2.8515e+12
4333.1408 1.2482e+15 2.8406e+12
4333.1549 1.2482e+15 2.8297e+12
4333.1691 1.2482e+15 2.8189e+12
4333.1832 1.2482e+15 2.8082e+12
4333.1973 1.2481e+15 2.7974e+12
4333.2115 1.2481e+15 2.7868e+12
4333.2256 1.2481e+15 2.7762e+12
4333.2397 1.2481e+15 2.7656e+12
4333.2539 1.2481e+15 2.7551e+12
4333.2680 1.2481e+15 2.7446e+12
4333.2822 1.2481e+15 2.7342e+12
4333.2963 1.2481e+15 2.7238e+12
4333.3104 1.2481e+15 2.7134e+12
4333.3246 1.2481e+15 2.7031e+12
4333.3387 1.2481e+15 2.6929e+12
4333.3529 1.2481e+15 2.6827e+12
4333.3670 1.2481e+15 2.6726e+12
4333.3811 1.2481e+15 2.6624e+12
4333.3953 1.2481e+15 2.6524e+12
4333.4094 1.2481e+15 2.6424e+12
4333.4236 1.2481e+15 2.6324e+12
4333.4377 1.2481e+15 2.6225e+12
4333.4518 1.2481e+15 2.6126e+12
4333.4660 1.2481e+15 2.6028e+12
4333.4801 1.2481e+15 2.5930e+12
4333.4942 1.2481e+15 2.5832e+12
4333.5084 1.2481e+15 2.5735e+12
4333.5225 1.2481e+15 2.5639e+12
4333.5367 1.2481e+15 2.5543e+12
4333.5508 1.2481e+15 2.5447e+12
4333.5649 1.2481e+15 2.5352e+12
4333.5791 1.2481e+15 2.5257e+12
4333.5932 1.2481e+15 2.5163e+12
4333.6074 1.2481e+15 2.5069e+12
4333.6215 1.2481e+15 2.4975e+12
4333.6356 1.2480e+15 2.4882e+12
4333.6498 1.2480e+15 2.4789e+12
4333.6639 1.2480e+15 2.4697e+12
4333.6780 1.2480e+15 2.4605e+12
4333.6922 1.2480e+15 2.4514e+12
4333.7063 1.2480e+15 2.4423e+12
4333.7205 1.2480e+15 2.4333e+12
4333.7346 1.2480e+15 2.4242e+12
4333.7487 1.2480e+15 2.4153e+12
4333.7629 1.2480e+15 2.4063e+12
4333.7770 1.2480e+15 2.3975e+12
4333.7912 1.2480e+15 2.3886e+12
4333.8053 1.2480e+15 2.3798e+12
4333.8194 1.2480e+15 2.3710e+12
4333.8336 1.2480e+15 2.3623e+12
4333.8477 1.2480e+15 2.3536e+12
4333.8619 1.2480e+15 2.3450e+12
4333.8760 1.2480e+15 2.3364e+12
4333.8901 1.2480e+15 2.3278e+12
4333.9043 1.2480e+15 2.3193e+12
4333.9184 1.2480e+15 2.3108e+12
4333.9325 1.2480e+15 2.3023e+12
4333.9467 1.2480e+15 2.2939e+12
4333.9608 1.2480e+15 2.2856e+12
4333.9750 1.2480e+15 2.2772e+12
4333.9891 1.2480e+15 2.2689e+12
4334.0032 1.2480e+15 2.2607e+12
4334.0174 1.2480e+15 2.2525e+12
4334.0315 1.2480e+15 2.2443e+12
4334.0457 1.2480e+15 2.2362e+12
4334.0598 1.2480e+15 2.2281e+12
4334.0739 1.2480e+15 2.2200e+12
4334.0881 1.2479e+15 2.2120e+12
4334.1022 1.2479e+15 2.2040e+12
4334.1164 1.2479e+15 2.1960e+12
4334.1305 1.2479e+15 2.1881e+12
4334.1446 1.2479e+15 2.1802e+12
4334.1588 1.2479e+15 2.1724e+12
4334.1729 1.2479e+15 2.1646e+12
4334.1870 1.2479e+15 2.1568e+12
4334.2012 1.2479e+15 2.1491e+12
4334.2153 1.2479e+15 2.1414e+12
4334.2295 1.2479e+15 2.1338e+12
4334.2436 1.2479e+15 2.1261e+12
4334.2577 1.2479e+15 2.1186e+12
4334.2719 1.2479e+15 2.1110e+12
4334.2860 1.2479e+15 2.1035e+12
4334.3002 1.2479e+15 2.0960e+12
4334.3143 1.2479e+15 2.0886e+12
4334.3284 1.2479e+15 2.0812e+12
4334.3426 1.2479e+15 2.0738e+12
4334.3567 1.2479e+15 2.0665e+12
4334.3708 1.2479e+15 2.0591e+12
4334.3850 1.2479e+15 2.0519e+12
4334.3991 1.2479e+15 2.0446e+12
4334.4133 1.2479e+15 2.0374e+12
4334.4274 1.2479e+15 2.0303e+12
4334.4415 1.2479e+15 2.0231e+12
4334.4557 1.2479e+15 2.0160e+12
4334.4698 1.2479e+15 2.0090e+12
4334.4840 1.2479e+15 2.0020e+12
4334.4981 1.2479e+15 1.9950e+12
4334.5122 1.2479e+15 1.9880e+12
4334.5264 1.2478e+15 1.9811e+12
4334.5405 1.2478e+15 1.9742e+12
4334.5547 1.2478e+15 1.9673e+12
4334.5688 1.2478e+15 1.9605e+12
4334.5829 1.2478e+15 1.9537e+12
4334.5971 1.2478e+15 1.9469e+12
4334.6112 1.2478e+15 1.9402e+12
4334.6253 1.2478e+15 1.9335e+12
4334.6395 1.2478e+15 1.9268e+12
4334.6536 1.2478e+15 1.9201e+12
4334.6678 1.2478e+15 1.9135e+12
4334.6819 1.2478e+15 1.9070e+12
4334.6960 1.2478e+15 1.9004e+12
4334.7102 1.2478e+15 1.8939e+12
4334.7243 1.2478e+15 1.8874e+12
4334.7385 1.2478e+15 1.8810e+12
4334.7526 1.2478e+15 1.8746e+12
4334.7667 1.2478e+15 1.8682e+12
4334.7809 1.2478e+15 1.8618e+12
4334.7950 1.2478e+15 1.8555e+12
4334.8091 1.2478e+15 1.8492e+12
4334.8233 1.2478e+15 1.8429e+12
4334.8374 1.2478e+15 1.8367e+12
4334.8516 1.2478e+15 1.8305e+12
4334.8657 1.2478e+15 1.8243e+12
4334.8798 1.2478e+15 1.8182e+12
4334.8940 1.2478e+15 1.8120e+12
4334.9081 1.2478e+15 1.8060e+12
4334.9223 1.2478e+15 1.7999e+12
4334.9364 1.2478e+15 1.7939e+12
4334.9505 1.2478e+15 1.7879e+12
4334.9647 1.2477e+15 1.7819e+12
4334.9788 1.2477e+15 1.7760e+12
4334.9930 1.2477e+15 1.7701e+12
4335.0071 1.2477e+15 1.7642e+12
4335.0212 1.2477e+15 1.7583e+12
4335.0354 1.2477e+15 1.7525e+12
4335.0495 1.2477e+15 1.7467e+12
4335.0636 1.2477e+15 1.7409e+12
4335.0778 1.2477e+15 1.7352e+12
4335.0919 1.2477e+15 1.7295e+12
4335.1061 1.2477e+15 1.7238e+12
4335.1202 1.2477e+15 1.7181e+12
4335.1343 1.2477e+15 1.7125e+12
4335.1485 1.2477e+15 1.7069e+12
4335.1626 1.2477e+15 1.7013e+12
4335.1768 1.2477e+15 1.6958e+12
4335.1909 1.2477e+15 1.6903e+12
4335.2050 1.2477e+15 1.6848e+12
4335.2192 1.2477e+15 1.6793e+12
4335.2333 1.2477e+15 1.6739e+12
4335.2475 1.2477e+15 1.6685e+12
4335.2616 1.2477e+15 1.6631e+12
4335.2757 1.2477e+15 1.6577e+12
4335.2899 1.2477e+15 1.6524e+12
4335.3040 1.2477e+15 1.6471e+12
4335.3181 1.2477e+15 1.6418e+12
4335.3323 1.2477e+15 1.6366e+12
4335.3464 1.2477e+15 1.6313e+12
4335.3606 1.2477e+15 1.6261e+12
4335.3747 1.2477e+15 1.6210e+12
4335.3888 1.2477e+15 1.6158e+12
4335.4030 1.2477e+15 1.6107e+12
4335.4171 1.2476e+15 1.6056e+12
4335.4313 1.2476e+15 1.6005e+12
4335.4454 1.2476e+15 1.5955e+12
4335.4595 1.2476e+15 1.5905e+12
4335.4737 1.2476e+15 1.5855e+12
4335.4878 1.2476e+15 1.5805e+12
4335.5019 1.2476e+15 1.5755e+12
4335.5161 1.2476e+15 1.5706e+12
4335.5302 1.2476e+15 1.5657e+12
4335.5444 1.2476e+15 1.5609e+12
4335.5585 1.2476e+15 1.5560e+12
4335.5726 1.2476e+15 1.5512e+12
4335.5868 1.2476e+15 1.5464e+12
4335.6009 1.2476e+15 1.5416e+12
4335.6151 1.2476e+15 1.5369e+12
4335.6292 1.2476e+15 1.5321e+12
4335.6433 1.2476e+15 1.5274e+12
4335.6575 1.2476e+15 1.5227e+12
4335.6716 1.2476e+15 1.5181e+12
4335.6858 1.2476e+15 1.5135e+12
4335.6999 1.2476e+15 1.5089e+12
4335.7140 1.2476e+15 1.5043e+12
4335.7282 1.2476e+15 1.4997e+12
4335.7423 1.2476e+15 1.4952e+12
4335.7564 1.2476e+15 1.4906e+12
4335.7706 1.2476e+15 1.4862e+12
4335.7847 1.2476e+15 1.4817e+12
4335.7989 1.2476e+15 1.4772e+12
4335.8130 1.2476e+15 1.4728e+12
4335.8271 1.2476e+15 1.4684e+12
4335.8413 1.2476e+15 1.4640e+12
4335.8554 1.2475e+15 1.4597e+12
4335.8696 1.2475e+15 1.4553e+12
4335.8837 1.2475e+15 1.4510e+12
4335.8978 1.2475e+15 1.4467e+12
4335.9120 1.2475e+15 1.4425e+12
4335.9261 1.2475e+15 1.4382e+12
4335.9403 1.2475e+15 1.4340e+12
4335.9544 1.2475e+15 1.4298e+12
4335.9685 1.2475e+15 1.4256e+12
4335.9827 1.2475e+15 1.4215e+12
4335.9968 1.2475e+15 1.4173e+12
4336.0109 1.2475e+15 1.4132e+12
4336.0251 1.2475e+15 1.4091e+12
4336.0392 1.2475e+15 1.4050e+12
4336.0534 1.2475e+15 1.4010e+12
4336.0675 1.2475e+15 1.3970e+12
4336.0816 1.2475e+15 1.3929e+12
4336.0958 1.2475e+15 1.3889e+12
4336.1099 1.2475e+15 1.3850e+12
4336.1241 1.2475e+15 1.3810e+12
4336.1382 1.2475e+15 1.3771e+12
4336.1523 1.2475e+15 1.3732e+12
4336.1665 1.2475e+15 1.3693e+12
4336.1806 1.2475e+15 1.3654e+12
4336.1947 1.2475e+15 1.3616e+12
4336.2089 1.2475e+15 1.3578e+12
4336.2230 1.2475e+15 1.3540e+12
4336.2372 1.2475e+15 1.3502e+12
4336.2513 1.2475e+15 1.3464e+12
4336.2654 1.2475e+15 1.3427e+12
4336.2796 1.2475e+15 1.3389e+12
4336.2937 1.2474e+15 1.3352e+12
4336.3079 1.2474e+15 1.3316e+12
4336.3220 1.2474e+15 1.3279e+12
4336.3361 1.2474e+15 1.3242e+12
4336.3503 1.2474e+15 1.3206e+12
4336.3644 1.2474e+15 1.3170e+12
4336.3786 1.2474e+15 1.3134e+12
4336.3927 1.2474e+15 1.3098e+12
4336.4068 1.2474e+15 1.3063e+12
4336.4210 1.2474e+15 1.3028e+12
4336.4351 1.2474e+15 1.2993e+12
4336.4492 1.2474e+15 1.2958e+12
4336.4634 1.2474e+15 1.2923e+12
4336.4775 1.2474e+15 1.2888e+12
4336.4917 1.2474e+15 1.2854e+12
4336.5058 1.2474e+15 1.2820e+12
4336.5199 1.2474e+15 1.2786e+12
4336.5341 1.2474e+15 1.2752e+12
4336.5482 1.2474e+15 1.2718e+12
4336.5624 1.2474e+15 1.2685e+12
4336.5765 1.2474e+15 1.2651e+12
4336.5906 1.2474e+15 1.2618e+12
4336.6048 1.2474e+15 1.2585e+12
4336.6189 1.2474e+15 1.2553e+12
4336.6330 1.2474e+15 1.2520e+12
4336.6472 1.2474e+15 1.2488e+12
4336.6613 1.2474e+15 1.2456e+12
4336.6755 1.2474e+15 1.2424e+12
4336.6896 1.2474e+15 1.2392e+12
4336.7037 1.2474e+15 1.2360e+12
4336.7179 1.2474e+15 1.2329e+12
4336.7320 1.2473e+15 1.2297e+12
4336.7462 1.2473e+15 1.2266e+12
4336.7603 1.2473e+15 1.2235e+12
4336.7744 1.2473e+15 1.2204e+12
4336.7886 1.2473e+15 1.2174e+12
4336.8027 1.2473e+15 1.2143e+12
4336.8169 1.2473e+15 1.2113e+12
4336.8310 1.2473e+15 1.2083e+12
4336.8451 1.2473e+15 1.2053e+12
4336.8593 1.2473e+15 1.2023e+12
4336.8734 1.2473e+15 1.1994e+12
4336.8875 1.2473e+15 1.1964e+12
4336.9017 1.2473e+15 1.1935e+12
4336.9158 1.2473e+15 1.1906e+12
4336.9300 1.2473e+15 1.1877e+12
4336.9441 1.2473e+15 1.1848e+12
4336.9582 1.2473e+15 1.1819e+12
4336.9724 1.2473e+15 1.1791e+12
4336.9865 1.2473e+15 1.1763e+12
4337.0007 1.2473e+15 1.1734e+12
4337.0148 1.2473e+15 1.1706e+12
4337.0289 1.2473e+15 1.1679e+12
4337.0431 1.2473e+15 1.1651e+12
4337.0572 1.2473e+15 1.1623e+12
4337.0714 1.2473e+15 1.1596e+12
4337.0855 1.2473e+15 1.1569e+12
4337.0996 1.2473e+15 1.1542e+12
4337.1138 1.2473e+15 1.1515e+12
4337.1279 1.2473e+15 1.1488e+12
4337.1420 1.2473e+15 1.1462e+12
4337.1562 1.2473e+15 1.1435e+12
4337.1703 1.2473e+15 1.1409e+12
4337.1845 1.2472e+15 1.1383e+12
4337.1986 1.2472e+15 1.1357e+12
4337.2127 1.2472e+15 1.1331e+12
4337.2269 1.2472e+15 1.1306e+12
4337.2410 1.2472e+15 1.1280e+12
4337.2552 1.2472e+15 1.1255e+12
4337.2693 1.2472e+15 1.1230e+12
4337.2834 1.2472e+15 1.1205e+12
4337.2976 1.2472e+15 1.1180e+12
4337.3117 1.2472e+15 1.1155e+12
4337.3258 1.2472e+15 1.1131e+12
4337.3400 1.2472e+15 1.1106e+12
4337.3541 1.2472e+15 1.1082e+12
4337.3683 1.2472e+15 1.1058e+12
4337.3824 1.2472e+15 1.1034e+12
4337.3965 1.2472e+15 1.1010e+12
4337.4107 1.2472e+15 1.0986e+12
4337.4248 1.2472e+15 1.0963e+12
4337.4390 1.2472e+15 1.0939e+12
4337.4531 1.2472e+15 1.0916e+12
4337.4672 1.2472e+15 1.0893e+12
4337.4814 1.2472e+15 1.0870e+12
4337.4955 1.2472e+15 1.0847e+12
4337.5097 1.2472e+15 1.0824e+12
4337.5238 1.2472e+15 1.0802e+12
4337.5379 1.2472e+15 1.0779e+12
4337.5521 1.2472e+15 1.0757e+12
4337.5662 1.2472e+15 1.0735e+12
4337.5803 1.2472e+15 1.0713e+12
4337.5945 1.2472e+15 1.0691e+12
4337.6086 1.2472e+15 1.0669e+12
4337.6228 1.2471e+15 1.0648e+12
4337.6369 1.2471e+15 1.0626e+12
4337.6510 1.2471e+15 1.0605e+12
4337.6652 1.2471e+15 1.0584e+12
4337.6793 1.2471e+15 1.0563e+12
4337.6935 1.2471e+15 1.0542e+12
4337.7076 1.2471e+15 1.0521e+12
4337.7217 1.2471e+15 1.0500e+12
4337.7359 1.2471e+15 1.0480e+12
4337.7500 1.2471e+15 1.0459e+12
4337.7642 1.2471e+15 1.0439e+12
4337.7783 1.2471e+15 1.0419e+12
4337.7924 1.2471e+15 1.0399e+12
4337.8066 1.2471e+15 1.0379e+12
4337.8207 1.2471e+15 1.0359e+12
4337.8348 1.2471e+15 1.0340e+12
4337.8490 1.2471e+15 1.0320e+12
4337.8631 1.2471e+15 1.0301e+12
4337.8773 1.2471e+15 1.0282e+12
4337.8914 1.2471e+15 1.0263e+12
4337.9055 1.2471e+15 1.0244e+12
4337.9197 1.2471e+15 1.0225e+12
4337.9338 1.2471e+15 1.0206e+12
4337.9480 1.2471e+15 1.0188e+12
4337.9621 1.2471e+15 1.0169e+12
4337.9762 1.2471e+15 1.0151e+12
4337.9904 1.2471e+15 1.0133e+12
4338.0045 1.2471e+15 1.0115e+12
4338.0186 1.2471e+15 1.0097e+12
4338.0328 1.2471e+15 1.0079e+12
4338.0469 1.2471e+15 1.0061e+12
4338.0611 1.2470e+15 1.0044e+12
4338.0752 1.2470e+15 1.0026e+12
4338.0893 1.2470e+15 1.0009e+12
4338.1035 1.2470e+15 9.9919e+11
4338.1176 1.2470e+15 9.9749e+11
4338.1318 1.2470e+15 9.9579e+11
4338.1459 1.2470e+15 9.9411e+11
4338.1600 1.2470e+15 9.9244e+11
4338.1742 1.2470e+15 9.9078e+11
4338.1883 1.2470e+15 9.8913e+11
4338.2025 1.2470e+15 9.8750e+11
4338.2166 1.2470e+15 9.8588e+11
4338.2307 1.2470e+15 9.8427e+11
4338.2449 1.2470e+15 9.8267e+11
4338.2590 1.2470e+15 9.8108e+11
4338.2731 1.2470e+15 9.7950e+11
4338.2873 1.2470e+15 9.7794e+11
4338.3014 1.2470e+15 9.7639e+11
4338.3156 1.2470e+15 9.7485e+11
4338.3297 1.2470e+15 9.7332e+11
4338.3438 1.2470e+15 9.7180e+11
4338.3580 1.2470e+15 9.7030e+11
4338.3721 1.2470e+15 9.6881e+11
4338.3863 1.2470e+15 9.6732e+11
4338.4004 1.2470e+15 9.6585e+11
4338.4145 1.2470e+15 9.6439e+11
4338.4287 1.2470e+15 9.6295e+11
4338.4428 1.2470e+15 9.6151e+11
4338.4569 1.2470e+15 9.6009e+11
4338.4711 1.2470e+15 9.5867e+11
4338.4852 1.2470e+15 9.5727e+11
4338.4994 1.2469e+15 9.5588e+11
4338.5135 1.2469e+15 9.5450e+11
4338.5276 1.2469e+15 9.5313e+11
4338.5418 1.2469e+15 9.5177e+11
4338.5559 1.2469e+15 9.5043e+11
4338.5701 1.2469e+15 9.4909e+11
4338.5842 1.2469e+15 9.4777e+11
4338.5983 1.2469e+15 9.4645e+11
4338.6125 1.2469e+15 9.4515e+11
4338.6266 1.2469e+15 9.4386e+11
4338.6408 1.2469e+15 9.4258e+11
4338.6549 1.2469e+15 9.4131e+11
4338.6690 1.2469e+15 9.4005e+11
4338.6832 1.2469e+15 9.3880e+11
4338.6973 1.2469e+15 9.3757e+11
4338.7114 1.2469e+15 9.3634e+11
4338.7256 1.2469e+15 9.3513e+11
4338.7397 1.2469e+15 9.3392e+11
4338.7539 1.2469e+15 9.3273e+11
4338.7680 1.2469e+15 9.3155e+11
4338.7821 1.2469e+15 9.3037e+11
4338.7963 1.2469e+15 9.2921e+11
4338.8104 1.2469e+15 9.2806e+11
4338.8246 1.2469e+15 9.2692e+11
4338.8387 1.2469e+15 9.2579e+11
4338.8528 1.2469e+15 9.2467e+11
4338.8670 1.2469e+15 9.2356e+11
4338.8811 1.2469e+15 9.2246e+11
4338.8953 1.2469e+15 9.2138e+11
4338.9094 1.2469e+15 9.2030e+11
4338.9235 1.2469e+15 9.1923e+11
4338.9377 1.2469e+15 9.1817e+11
4338.9518 1.2468e+15 9.1713e+11
4338.9659 1.2468e+15 9.1609e+11
4338.9801 1.2468e+15 9.1507e+11
4338.9942 1.2468e+15 9.1405e+11
4339.0084 1.2468e+15 9.1305e+11
4339.0225 1.2468e+15 9.1205e+11
4339.0366 1.2468e+15 9.1107e+11
4339.0508 1.2468e+15 9.1009e+11
4339.0649 1.2468e+15 9.0913e+11
4339.0791 1.2468e+15 9.0817e+11
4339.0932 1.2468e+15 9.0723e+11
4339.1073 1.2468e+15 9.0630e+11
4339.1215 1.2468e+15 9.0537e+11
4339.1356 1.2468e+15 9.0446e+11
4339.1497 1.2468e+15 9.0356e+11
4339.1639 1.2468e+15 9.0266e+11
4339.1780 1.2468e+15 9.0178e+11
4339.1922 1.2468e+15 9.0091e+11
4339.2063 1.2468e+15 9.0004e+11
4339.2204 1.2468e+15 8.9919e+11
4339.2346 1.2468e+15 8.9834e+11
4339.2487 1.2468e+15 8.9751e+11
4339.2629 1.2468e+15 8.9669e+11
4339.2770 1.2468e+15 8.9587e+11
4339.2911 1.2468e+15 8.9507e+11
4339.3053 1.2468e+15 8.9428e+11
4339.3194 1.2468e+15 8.9349e+11
4339.3336 1.2468e+15 8.9272e+11
4339.3477 1.2468e+15 8.9195e+11
4339.3618 1.2468e+15 8.9120e+11
4339.3760 1.2468e+15 8.9045e+11
4339.3901 1.2467e+15 8.8972e+11
4339.4042 1.2467e+15 8.8899e+11
4339.4184 1.2467e+15 8.8827e+11
4339.4325 1.2467e+15 8.8757e+11
4339.4467 1.2467e+15 8.8687e+11
4339.4608 1.2467e+15 8.8618e+11
4339.4749 1.2467e+15 8.8550e+11
4339.4891 1.2467e+15 8.8484e+11
4339.5032 1.2467e+15 8.8418e+11
4339.5174 1.2467e+15 8.8353e+11
4339.5315 1.2467e+15 8.8289e+11
4339.5456 1.2467e+15 8.8226e+11
4339.5598 1.2467e+15 8.8164e+11
4339.5739 1.2467e+15 8.8103e+11
4339.5881 1.2467e+15 8.8043e+11
4339.6022 1.2467e+15 8.7984e+11
4339.6163 1.2467e+15 8.7926e+11
4339.6305 1.2467e+15 8.7868e+11
4339.6446 1.2467e+15 8.7812e+11
4339.6587 1.2467e+15 8.7757e+11
4339.6729 1.2467e+15 8.7702e+11
4339.6870 1.2467e+15 8.7649e+11
4339.7012 1.2467e+15 8.7596e+11
4339.7153 1.2467e+15 8.7545e+11
4339.7294 1.2467e+15 8.7494e+11
4339.7436 1.2467e+15 8.7444e+11
4339.7577 1.2467e+15 8.7395e+11
4339.7719 1.2467e+15 8.7348e+11
4339.7860 1.2467e+15 8.7301e+11
4339.8001 1.2467e+15 8.7255e+11
4339.8143 1.2467e+15 8.7210e+11
4339.8284 1.2466e+15 8.7166e+11
4339.8425 1.2466e+15 8.7122e+11
4339.8567 1.2466e+15 8.7080e+11
4339.8708 1.2466e+15 8.7039e+11
4339.8850 1.2466e+15 8.6998e+11
4339.8991 1.2466e+15 8.6959e+11
4339.9132 1.2466e+15 8.6920e+11
4339.9274 1.2466e+15 8.6883e+11
4339.9415 1.2466e+15 8.6846e+11
4339.9557 1.2466e+15 8.6810e+11
4339.9698 1.2466e+15 8.6775e+11
4339.9839 1.2466e+15 8.6741e+11
4339.9981 1.2466e+15 8.6708e+11
4340.0122 1.2466e+15 8.6676e+11
4340.0264 1.2466e+15 8.6645e+11
4340.0405 1.2466e+15 8.6615e+11
4340.0546 1.2466e+15 8.6586e+11
4340.0688 1.2466e+15 8.6557e+11
4340.0829 1.2466e+15 8.6530e+11
4340.0970 1.2466e+15 8.6503e+11
4340.1112 1.2466e+15 8.6477e+11
4340.1253 1.2466e+15 8.6453e+11
4340.1395 1.2466e+15 8.6429e+11
4340.1536 1.2466e+15 8.6406e+11
4340.1677 1.2466e+15 8.6384e+11
4340.1819 1.2466e+15 8.6363e+11
4340.1960 1.2466e+15 8.6342e+11
4340.2102 1.2466e+15 8.6323e+11
4340.2243 1.2466e+15 8.6305e+11
4340.2384 1.2466e+15 8.6287e+11
4340.2526 1.2466e+15 8.6271e+11
4340.2667 1.2465e+15 8.6255e+11
4340.2808 1.2465e+15 8.6240e+11
4340.2950 1.2465e+15 8.6227e+11
4340.3091 1.2465e+15 8.6214e+11
4340.3233 1.2465e+15 8.6202e+11
4340.3374 1.2465e+15 8.6190e+11
4340.3515 1.2465e+15 8.6180e+11
4340.3657 1.2465e+15 8.6171e+11
4340.3798 1.2465e+15 8.6163e+11
4340.3940 1.2465e+15 8.6155e+11
4340.4081 1.2465e+15 8.6149e+11
4340.4222 1.2465e+15 8.6143e+11
4340.4364 1.2465e+15 8.6138e+11
4340.4505 1.2465e+15 8.6134e+11
4340.4647 1.2465e+15 8.6131e+11
4340.4788 1.2465e+15 8.6129e+11
4340.4929 1.2465e+15 8.6128e+11
4340.5071 1.2465e+15 8.6128e+11
4340.5212 1.2465e+15 8.6129e+11
4340.5353 1.2465e+15 8.6130e+11
4340.5495 1.2465e+15 8.6133e+11
4340.5636 1.2465e+15 8.6136e+11
4340.5778 1.2465e+15 8.6140e+11
4340.5919 1.2465e+15 8.6146e+11
4340.6060 1.2465e+15 8.6152e+11
4340.6202 1.2465e+15 8.6159e+11
4340.6343 1.2465e+15 8.6167e+11
4340.6485 1.2465e+15 8.6176e+11
4340.6626 1.2465e+15 8.6185e+11
4340.6767 1.2465e+15 8.6196e+11
4340.6909 1.2465e+15 8.6208e+11
4340.7050 1.2465e+15 8.6220e+11
4340.7192 1.2464e+15 8.6233e+11
4340.7333 1.2464e+15 8.6248e+11
4340.7474 1.2464e+15 8.6263e+11
4340.7616 1.2464e+15 8.6279e+11
4340.7757 1.2464e+15 8.6296e+11
4340.7898 1.2464e+15 8.6314e+11
4340.8040 1.2464e+15 8.6333e+11
4340.8181 1.2464e+15 8.6353e+11
4340.8323 1.2464e+15 8.6373e+11
4340.8464 1.2464e+15 8.6395e+11
4340.8605 1.2464e+15 8.6417e+11
4340.8747 1.2464e+15 8.6441e+11
4340.8888 1.2464e+15 8.6465e+11
4340.9030 1.2464e+15 8.6490e+11
4340.9171 1.2464e+15 8.6516e+11
4340.9312 1.2464e+15 8.6544e+11
4340.9454 1.2464e+15 8.6571e+11
4340.9595 1.2464e+15 8.6600e+11
4340.9736 1.2464e+15 8.6630e+11
4340.9878 1.2464e+15 8.6661e+11
4341.0019 1.2464e+15 8.6693e+11
4341.0161 1.2464e+15 8.6725e+11
4341.0302 1.2464e+15 8.6759e+11
4341.0443 1.2464e+15 8.6793e+11
4341.0585 1.2464e+15 8.6828e+11
4341.0726 1.2464e+15 8.6865e+11
4341.0868 1.2464e+15 8.6902e+11
4341.1009 1.2464e+15 8.6940e+11
4341.1150 1.2464e+15 8.6979e+11
4341.1292 1.2464e+15 8.7019e+11
4341.1433 1.2464e+15 8.7060e+11
4341.1575 1.2463e+15 8.7101e+11
4341.1716 1.2463e+15 8.7144e+11
4341.1857 1.2463e+15 8.7188e+11
4341.1999 1.2463e+15 8.7232e+11
4341.2140 1.2463e+15 8.7278e+11
4341.2281 1.2463e+15 8.7324e+11
4341.2423 1.2463e+15 8.7372e+11
4341.2564 1.2463e+15 8.7420e+11
4341.2706 1.2463e+15 8.7469e+11
4341.2847 1.2463e+15 8.7520e+11
4341.2988 1.2463e+15 8.7571e+11
4341.3130 1.2463e+15 8.7623e+11
4341.3271 1.2463e+15 8.7676e+11
4341.3413 1.2463e+15 8.7730e+11
4341.3554 1.2463e+15 8.7785e+11
4341.3695 1.2463e+15 8.7841e+11
4341.3837 1.2463e+15 8.7897e+11
4341.3978 1.2463e+15 8.7955e+11
4341.4119 1.2463e+15 8.8014e+11
4341.4261 1.2463e+15 8.8073e+11
4341.4402 1.2463e+15 8.8134e+11
4341.4544 1.2463e+15 8.8195e+11
4341.4685 1.2463e+15 8.8258e+11
4341.4826 1.2463e+15 8.8321e+11
4341.4968 1.2463e+15 8.8386e+11
4341.5109 1.2463e+15 8.8451e+11
4341.5251 1.2463e+15 8.8517e+11
4341.5392 1.2463e+15 8.8585e+11
4341.5533 1.2463e+15 8.8653e+11
4341.5675 1.2463e+15 8.8722e+11
4341.5816 1.2463e+15 8.8792e+11
4341.5958 1.2462e+15 8.8863e+11
4341.6099 1.2462e+15 8.8936e+11
4341.6240 1.2462e+15 8.9009e+11
4341.6382 1.2462e+15 8.9083e+11
4341.6523 1.2462e+15 8.9158e+11
4341.6664 1.2462e+15 8.9234e+11
4341.6806 1.2462e+15 8.9311e+11
4341.6947 1.2462e+15 8.9389e+11
4341.7089 1.2462e+15 8.9468e+11
4341.7230 1.2462e+15 8.9547e+11
4341.7371 1.2462e+15 8.9628e+11
4341.7513 1.2462e+15 8.9710e+11
4341.7654 1.2462e+15 8.9793e+11
4341.7796 1.2462e+15 8.9877e+11
4341.7937 1.2462e+15 8.9962e+11
4341.8078 1.2462e+15 9.0048e+11
4341.8220 1.2462e+15 9.0135e+11
4341.8361 1.2462e+15 9.0222e+11
4341.8503 1.2462e+15 9.0311e+11
4341.8644 1.2462e+15 9.0401e+11
4341.8785 1.2462e+15 9.0492e+11
4341.8927 1.2462e+15 9.0584e+11
4341.9068 1.2462e+15 9.0677e+11
4341.9209 1.2462e+15 9.0771e+11
4341.9351 1.2462e+15 9.0865e+11
4341.9492 1.2462e+15 9.0961e+11
4341.9634 1.2462e+15 9.1058e+11
4341.9775 1.2462e+15 9.1156e+11
4341.9916 1.2462e+15 9.1255e+11
4342.0058 1.2462e+15 9.1355e+11
4342.0199 1.2462e+15 9.1456e+11
4342.0341 1.2461e+15 9.1558e+11
4342.0482 1.2461e+15 9.1661e+11
4342.0623 1.2461e+15 9.1765e+11
4342.0765 1.2461e+15 9.1870e+11
4342.0906 1.2461e+15 9.1977e+11
4342.1047 1.2461e+15 9.2084e+11
4342.1189 1.2461e+15 9.2192e+11
4342.1330 1.2461e+15 9.2301e+11
4342.1472 1.2461e+15 9.2412e+11
4342.1613 1.2461e+15 9.2523e+11
4342.1754 1.2461e+15 9.2635e+11
4342.1896 1.2461e+15 9.2749e+11
4342.2037 1.2461e+15 9.2864e+11
4342.2179 1.2461e+15 9.2979e+11
4342.2320 1.2461e+15 9.3096e+11
4342.2461 1.2461e+15 9.3214e+11
4342.2603 1.2461e+15 9.3332e+11
4342.2744 1.2461e+15 9.3452e+11
4342.2886 1.2461e+15 9.3573e+11
4342.3027 1.2461e+15 9.3695e+11
4342.3168 1.2461e+15 9.3818e+11
4342.3310 1.2461e+15 9.3943e+11
4342.3451 1.2461e+15 9.4068e+11
4342.3592 1.2461e+15 9.4194e+11
4342.3734 1.2461e+15 9.4322e+11
4342.3875 1.2461e+15 9.4450e+11
4342.4017 1.2461e+15 9.4580e+11
4342.4158 1.2461e+15 9.4711e+11
4342.4299 1.2461e+15 9.4842e+11
4342.4441 1.2461e+15 9.4975e+11
4342.4582 1.2461e+15 9.5109e+11
4342.4724 1.2460e+15 9.5245e+11
4342.4865 1.2460e+15 9.5381e+11
4342.5006 1.2460e+15 9.5518e+11
4342.5148 1.2460e+15 9.5657e+11
4342.5289 1.2460e+15 9.5796e+11
4342.5431 1.2460e+15 9.5937e+11
4342.5572 1.2460e+15 9.6079e+11
4342.5713 1.2460e+15 9.6222e+11
4342.5855 1.2460e+15 9.6366e+11
4342.5996 1.2460e+15 9.6512e+11
4342.6137 1.2460e+15 9.6658e+11
4342.6279 1.2460e+15 9.6806e+11
4342.6420 1.2460e+15 9.6954e+11
4342.6562 1.2460e+15 9.7104e+11
4342.6703 1.2460e+15 9.7255e+11
4342.6844 1.2460e+15 9.7407e+11
4342.6986 1.2460e+15 9.7561e+11
4342.7127 1.2460e+15 9.7715e+11
4342.7269 1.2460e+15 9.7871e+11
4342.7410 1.2460e+15 9.8028e+11
4342.7551 1.2460e+15 9.8186e+11
4342.7693 1.2460e+15 9.8345e+11
4342.7834 1.2460e+15 9.8506e+11
4342.7975 1.2460e+15 9.8667e+11
4342.8117 1.2460e+15 9.8830e+11
4342.8258 1.2460e+15 9.8994e+11
4342.8400 1.2460e+15 9.9159e+11
4342.8541 1.2460e+15 9.9326e+11
4342.8682 1.2460e+15 9.9493e+11
4342.8824 1.2460e+15 9.9662e+11
4342.8965 1.2460e+15 9.9832e+11
4342.9107 1.2459e+15 1.0000e+12
4342.9248 1.2459e+15 1.0018e+12
4342.9389 1.2459e+15 1.0035e+12
4342.9531 1.2459e+15 1.0052e+12
4342.9672 1.2459e+15 1.0070e+12
4342.9814 1.2459e+15 1.0088e+12
4342.9955 1.2459e+15 1.0106e+12
4343.0096 1.2459e+15 1.0124e+12
4343.0238 1.2459e+15 1.0142e+12
4343.0379 1.2459e+15 1.0160e+12
4343.0520 1.2459e+15 1.0178e+12
4343.0662 1.2459e+15 1.0197e+12
4343.0803 1.2459e+15 1.0215e+12
4343.0945 1.2459e+15 1.0234e+12
4343.1086 1.2459e+15 1.0253e+12
4343.1227 1.2459e+15 1.0272e+12
4343.1369 1.2459e+15 1.0291e+12
4343.1510 1.2459e+15 1.0310e+12
4343.1652 1.2459e+15 1.0330e+12
4343.1793 1.2459e+15 1.0349e+12
4343.1934 1.2459e+15 1.0369e+12
4343.2076 1.2459e+15 1.0389e+12
4343.2217 1.2459e+15 1.0409e+12
4343.2358 1.2459e+15 1.0429e+12
4343.2500 1.2459e+15 1.0449e+12
4343.2641 1.2459e+15 1.0469e+12
4343.2783 1.2459e+15 1.0490e+12
4343.2924 1.2459e+15 1.0510e+12
4343.3065 1.2459e+15 1.0531e+12
4343.3207 1.2459e+15 1.0552e+12
4343.3348 1.2459e+15 1.0573e+12
4343.3490 1.2458e+15 1.0594e+12
4343.3631 1.2458e+15 1.0615e+12
4343.3772 1.2458e+15 1.0636e+12
4343.3914 1.2458e+15 1.0658e+12
4343.4055 1.2458e+15 1.0680e+12
4343.4197 1.2458e+15 1.0701e+12
4343.4338 1.2458e+15 1.0723e+12
4343.4479 1.2458e+15 1.0745e+12
4343.4621 1.2458e+15 1.0768e+12
4343.4762 1.2458e+15 1.0790e+12
4343.4903 1.2458e+15 1.0812e+12
4343.5045 1.2458e+15 1.0835e+12
4343.5186 1.2458e+15 1.0858e+12
4343.5328 1.2458e+15 1.0881e+12
4343.5469 1.2458e+15 1.0904e+12
4343.5610 1.2458e+15 1.0927e+12
4343.5752 1.2458e+15 1.0950e+12
4343.5893 1.2458e+15 1.0974e+12
4343.6035 1.2458e+15 1.0997e+12
4343.6176 1.2458e+15 1.1021e+12
4343.6317 1.2458e+15 1.1045e+12
4343.6459 1.2458e+15 1.1069e+12
4343.6600 1.2458e+15 1.1093e+12
4343.6742 1.2458e+15 1.1118e+12
4343.6883 1.2458e+15 1.1142e+12
4343.7024 1.2458e+15 1.1167e+12
4343.7166 1.2458e+15 1.1192e+12
4343.7307 1.2458e+15 1.1217e+12
4343.7448 1.2458e+15 1.1242e+12
4343.7590 1.2458e+15 1.1267e+12
4343.7731 1.2458e+15 1.1292e+12
4343.7873 1.2458e+15 1.1318e+12
4343.8014 1.2457e+15 1.1344e+12
4343.8155 1.2457e+15 1.1369e+12
4343.8297 1.2457e+15 1.1395e+12
4343.8438 1.2457e+15 1.1422e+12
4343.8580 1.2457e+15 1.1448e+12
4343.8721 1.2457e+15 1.1474e+12
4343.8862 1.2457e+15 1.1501e+12
4343.9004 1.2457e+15 1.1528e+12
4343.9145 1.2457e+15 1.1555e+12
4343.9286 1.2457e+15 1.1582e+12
4343.9428 1.2457e+15 1.1609e+12
4343.9569 1.2457e+15 1.1636e+12
4343.9711 1.2457e+15 1.1664e+12
4343.9852 1.2457e+15 1.1692e+12
4343.9993 1.2457e+15 1.1719e+12
4344.0135 1.2457e+15 1.1748e+12
4344.0276 1.2457e+15 1.1776e+12
4344.0418 1.2457e+15 1.1804e+12
4344.0559 1.2457e+15 1.1833e+12
4344.0700 1.2457e+15 1.1861e+12
4344.0842 1.2457e+15 1.1890e+12
4344.0983 1.2457e+15 1.1919e+12
4344.1125 1.2457e+15 1.1948e+12
4344.1266 1.2457e+15 1.1978e+12
4344.1407 1.2457e+15 1.2007e+12
4344.1549 1.2457e+15 1.2037e+12
4344.1690 1.2457e+15 1.2067e+12
4344.1831 1.2457e+15 1.2097e+12
4344.1973 1.2457e+15 1.2127e+12
4344.2114 1.2457e+15 1.2157e+12
4344.2256 1.2457e+15 1.2188e+12
4344.2397 1.2456e+15 1.2219e+12
4344.2538 1.2456e+15 1.2249e+12
4344.2680 1.2456e+15 1.2280e+12
4344.2821 1.2456e+15 1.2312e+12
4344.2963 1.2456e+15 1.2343e+12
4344.3104 1.2456e+15 1.2375e+12
4344.3245 1.2456e+15 1.2406e+12
4344.3387 1.2456e+15 1.2438e+12
4344.3528 1.2456e+15 1.2470e+12
4344.3670 1.2456e+15 1.2503e+12
4344.3811 1.2456e+15 1.2535e+12
4344.3952 1.2456e+15 1.2568e+12
4344.4094 1.2456e+15 1.2600e+12
4344.4235 1.2456e+15 1.2633e+12
4344.4376 1.2456e+15 1.2667e+12
4344.4518 1.2456e+15 1.2700e+12
4344.4659 1.2456e+15 1.2733e+12
4344.4801 1.2456e+15 1.2767e+12
4344.4942 1.2456e+15 1.2801e+12
4344.5083 1.2456e+15 1.2835e+12
4344.5225 1.2456e+15 1.2869e+12
4344.5366 1.2456e+15 1.2904e+12
4344.5508 1.2456e+15 1.2938e+12
4344.5649 1.2456e+15 1.2973e+12
4344.5790 1.2456e+15 1.3008e+12
4344.5932 1.2456e+15 1.3044e+12
4344.6073 1.2456e+15 1.3079e+12
4344.6214 1.2456e+15 1.3114e+12
4344.6356 1.2456e+15 1.3150e+12
4344.6497 1.2456e+15 1.3186e+12
4344.6639 1.2456e+15 1.3222e+12
4344.6780 1.2455e+15 1.3259e+12
4344.6921 1.2455e+15 1.3295e+12
4344.7063 1.2455e+15 1.3332e+12
4344.7204 1.2455e+15 1.3369e+12
4344.7346 1.2455e+15 1.3406e+12
4344.7487 1.2455e+15 1.3443e+12
4344.7628 1.2455e+15 1.3481e+12
4344.7770 1.2455e+15 1.3519e+12
4344.7911 1.2455e+15 1.3557e+12
4344.8053 1.2455e+15 1.3595e+12
4344.8194 1.2455e+15 1.3633e+12
4344.8335 1.2455e+15 1.3672e+12
4344.8477 1.2455e+15 1.3710e+12
4344.8618 1.2455e+15 1.3749e+12
4344.8759 1.2455e+15 1.3788e+12
4344.8901 1.2455e+15 1.3828e+12
4344.9042 1.2455e+15 1.3867e+12
4344.9184 1.2455e+15 1.3907e+12
4344.9325 1.2455e+15 1.3947e+12
4344.9466 1.2455e+15 1.3987e+12
4344.9608 1.2455e+15 1.4028e+12
4344.9749 1.2455e+15 1.4068e+12
4344.9891 1.2455e+15 1.4109e+12
4345.0032 1.2455e+15 1.4150e+12
4345.0173 1.2455e+15 1.4191e+12
4345.0315 1.2455e+15 1.4233e+12
4345.0456 1.2455e+15 1.4274e+12
4345.0597 1.2455e+15 1.4316e+12
4345.0739 1.2455e+15 1.4358e+12
4345.0880 1.2455e+15 1.4401e+12
4345.1022 1.2455e+15 1.4443e+12
4345.1163 1.2454e+15 1.4486e+12
4345.1304 1.2454e+15 1.4529e+12
4345.1446 1.2454e+15 1.4572e+12
4345.1587 1.2454e+15 1.4616e+12
4345.1729 1.2454e+15 1.4659e+12
4345.1870 1.2454e+15 1.4703e+12
4345.2011 1.2454e+15 1.4747e+12
4345.2153 1.2454e+15 1.4791e+12
4345.2294 1.2454e+15 1.4836e+12
4345.2436 1.2454e+15 1.4881e+12
4345.2577 1.2454e+15 1.4926e+12
4345.2718 1.2454e+15 1.4971e+12
4345.2860 1.2454e+15 1.5016e+12
4345.3001 1.2454e+15 1.5062e+12
4345.3142 1.2454e+15 1.5108e+12
4345.3284 1.2454e+15 1.5154e+12
4345.3425 1.2454e+15 1.5201e+12
4345.3567 1.2454e+15 1.5247e+12
4345.3708 1.2454e+15 1.5294e+12
4345.3849 1.2454e+15 1.5341e+12
4345.3991 1.2454e+15 1.5389e+12
4345.4132 1.2454e+15 1.5436e+12
4345.4274 1.2454e+15 1.5484e+12
4345.4415 1.2454e+15 1.5532e+12
4345.4556 1.2454e+15 1.5580e+12
4345.4698 1.2454e+15 1.5629e+12
4345.4839 1.2454e+15 1.5678e+12
4345.4981 1.2454e+15 1.5727e+12
4345.5122 1.2454e+15 1.5776e+12
4345.5263 1.2454e+15 1.5826e+12
4345.5405 1.2454e+15 1.5875e+12
4345.5546 1.2453e+15 1.5926e+12
4345.5687 1.2453e+15 1.5976e+12
4345.5829 1.2453e+15 1.6026e+12
4345.5970 1.2453e+15 1.6077e+12
4345.6112 1.2453e+15 1.6128e+12
4345.6253 1.2453e+15 1.6179e+12
4345.6394 1.2453e+15 1.6231e+12
4345.6536 1.2453e+15 1.6283e+12
4345.6677 1.2453e+15 1.6335e+12
4345.6819 1.2453e+15 1.6387e+12
4345.6960 1.2453e+15 1.6440e+12
4345.7101 1.2453e+15 1.6493e+12
4345.7243 1.2453e+15 1.6546e+12
4345.7384 1.2453e+15 1.6599e+12
4345.7525 1.2453e+15 1.6653e+12
4345.7667 1.2453e+15 1.6707e+12
4345.7808 1.2453e+15 1.6761e+12
4345.7950 1.2453e+15 1.6815e+12
4345.8091 1.2453e+15 1.6870e+12
4345.8232 1.2453e+15 1.6925e+12
4345.8374 1.2453e+15 1.6980e+12
4345.8515 1.2453e+15 1.7036e+12
4345.8657 1.2453e+15 1.7092e+12
4345.8798 1.2453e+15 1.7148e+12
4345.8939 1.2453e+15 1.7204e+12
4345.9081 1.2453e+15 1.7261e+12
4345.9222 1.2453e+15 1.7318e+12
4345.9364 1.2453e+15 1.7375e+12
4345.9505 1.2453e+15 1.7432e+12
4345.9646 1.2453e+15 1.7490e+12
4345.9788 1.2453e+15 1.7548e+12
4345.9929 1.2452e+15 1.7607e+12
4346.0070 1.2452e+15 1.7665e+12
4346.0212 1.2452e+15 1.7724e+12
4346.0353 1.2452e+15 1.7783e+12
4346.0495 1.2452e+15 1.7843e+12
4346.0636 1.2452e+15 1.7903e+12
4346.0777 1.2452e+15 1.7963e+12
4346.0919 1.2452e+15 1.8023e+12
4346.1060 1.2452e+15 1.8084e+12
4346.1202 1.2452e+15 1.8145e+12
4346.1343 1.2452e+15 1.8206e+12
4346.1484 1.2452e+15 1.8267e+12
4346.1626 1.2452e+15 1.8329e+12
4346.1767 1.2452e+15 1.8391e+12
4346.1909 1.2452e+15 1.8454e+12
4346.2050 1.2452e+15 1.8516e+12
4346.2191 1.2452e+15 1.8579e+12
4346.2333 1.2452e+15 1.8643e+12
4346.2474 1.2452e+15 1.8706e+12
4346.2615 1.2452e+15 1.8770e+12
4346.2757 1.2452e+15 1.8835e+12
4346.2898 1.2452e+15 1.8899e+12
4346.3040 1.2452e+15 1.8964e+12
4346.3181 1.2452e+15 1.9029e+12
4346.3322 1.2452e+15 1.9095e+12
4346.3464 1.2452e+15 1.9161e+12
4346.3605 1.2452e+15 1.9227e+12
4346.3747 1.2452e+15 1.9293e+12
4346.3888 1.2452e+15 1.9360e+12
4346.4029 1.2452e+15 1.9427e+12
4346.4171 1.2452e+15 1.9495e+12
4346.4312 1.2451e+15 1.9562e+12
4346.4453 1.2451e+15 1.9630e+12
4346.4595 1.2451e+15 1.9699e+12
4346.4736 1.2451e+15 1.9768e+12
4346.4878 1.2451e+15 1.9837e+12
4346.5019 1.2451e+15 1.9906e+12
4346.5160 1.2451e+15 1.9976e+12
4346.5302 1.2451e+15 2.0046e+12
4346.5443 1.2451e+15 2.0116e+12
4346.5585 1.2451e+15 2.0187e+12
4346.5726 1.2451e+15 2.0258e+12
4346.5867 1.2451e+15 2.0329e+12
4346.6009 1.2451e+15 2.0401e+12
4346.6150 1.2451e+15 2.0473e+12
4346.6292 1.2451e+15 2.0546e+12
4346.6433 1.2451e+15 2.0618e+12
4346.6574 1.2451e+15 2.0691e+12
4346.6716 1.2451e+15 2.0765e+12
4346.6857 1.2451e+15 2.0839e+12
4346.6998 1.2451e+15 2.0913e+12
4346.7140 1.2451e+15 2.0987e+12
4346.7281 1.2451e+15 2.1062e+12
4346.7423 1.2451e+15 2.1137e+12
4346.7564 1.2451e+15 2.1213e+12
4346.7705 1.2451e+15 2.1289e+12
4346.7847 1.2451e+15 2.1365e+12
4346.7988 1.2451e+15 2.1442e+12
4346.8130 1.2451e+15 2.1519e+12
4346.8271 1.2451e+15 2.1596e+12
4346.8412 1.2451e+15 2.1674e+12
4346.8554 1.2451e+15 2.1752e+12
4346.8695 1.2450e+15 2.1831e+12
4346.8836 1.2450e+15 2.1909e+12
4346.8978 1.2450e+15 2.1989e+12
4346.9119 1.2450e+15 2.2068e+12
4346.9261 1.2450e+15 2.2148e+12
4346.9402 1.2450e+15 2.2228e+12
4346.9543 1.2450e+15 2.2309e+12
4346.9685 1.2450e+15 2.2390e+12
4346.9826 1.2450e+15 2.2472e+12
4346.9968 1.2450e+15 2.2554e+12
4347.0109 1.2450e+15 2.2636e+12
4347.0250 1.2450e+15 2.2718e+12
4347.0392 1.2450e+15 2.2801e+12
4347.0533 1.2450e+15 2.2885e+12
4347.0675 1.2450e+15 2.2968e+12
4347.0816 1.2450e+15 2.3053e+12
4347.0957 1.2450e+15 2.3137e+12
4347.1099 1.2450e+15 2.3222e+12
4347.1240 1.2450e+15 2.3307e+12
4347.1381 1.2450e+15 2.3393e+12
4347.1523 1.2450e+15 2.3479e+12
4347.1664 1.2450e+15 2.3566e+12
4347.1806 1.2450e+15 2.3653e+12
4347.1947 1.2450e+15 2.3740e+12
4347.2088 1.2450e+15 2.3828e+12
4347.2230 1.2450e+15 2.3916e+12
4347.2371 1.2450e+15 2.4004e+12
4347.2513 1.2450e+15 2.4093e+12
4347.2654 1.2450e+15 2.4183e+12
4347.2795 1.2450e+15 2.4273e+12
4347.2937 1.2450e+15 2.4363e+12
4347.3078 1.2449e+15 2.4453e+12
4347.3220 1.2449e+15 2.4544e+12
4347.3361 1.2449e+15 2.4636e+12
4347.3502 1.2449e+15 2.4728e+12
4347.3644 1.2449e+15 2.4820e+12
4347.3785 1.2449e+15 2.4913e+12
4347.3926 1.2449e+15 2.5006e+12
4347.4068 1.2449e+15 2.5099e+12
4347.4209 1.2449e+15 2.5193e+12
4347.4351 1.2449e+15 2.5288e+12
4347.4492 1.2449e+15 2.5383e+12
4347.4633 1.2449e+15 2.5478e+12
4347.4775 1.2449e+15 2.5574e+12
4347.4916 1.2449e+15 2.5670e+12
4347.5058 1.2449e+15 2.5767e+12
4347.5199 1.2449e+15 2.5864e+12
4347.5340 1.2449e+15 2.5961e+12
4347.5482 1.2449e+15 2.6059e+12
4347.5623 1.2449e+15 2.6158e+12
4347.5764 1.2449e+15 2.6256e+12
4347.5906 1.2449e+15 2.6356e+12
4347.6047 1.2449e+15 2.6455e+12
4347.6189 1.2449e+15 2.6556e+12
4347.6330 1.2449e+15 2.6656e+12
4347.6471 1.2449e+15 2.6757e+12
4347.6613 1.2449e+15 2.6859e+12
4347.6754 1.2449e+15 2.6961e+12
4347.6896 1.2449e+15 2.7063e+12
4347.7037 1.2449e+15 2.7166e+12
4347.7178 1.2449e+15 2.7270e+12
4347.7320 1.2449e+15 2.7374e+12
4347.7461 1.2448e+15 2.7478e+12
4347.7603 1.2448e+15 2.7583e+12
4347.7744 1.2448e+15 2.7688e+12
4347.7885 1.2448e+15 2.7794e+12
4347.8027 1.2448e+15 2.7900e+12
4347.8168 1.2448e+15 2.8007e+12
4347.8309 1.2448e+15 2.8114e+12
4347.8451 1.2448e+15 2.8222e+12
4347.8592 1.2448e+15 2.8330e+12
4347.8734 1.2448e+15 2.8439e+12
4347.8875 1.2448e+15 2.8548e+12
4347.9016 1.2448e+15 2.8658e+12
4347.9158 1.2448e+15 2.8768e+12
4347.9299 1.2448e+15 2.8878e+12
4347.9441 1.2448e+15 2.8990e+12
4347.9582 1.2448e+15 2.9101e+12
4347.9723 1.2448e+15 2.9213e+12
4347.9865 1.2448e+15 2.9326e+12
4348.0006 1.2448e+15 2.9439e+12
4348.0148 1.2448e+15 2.9553e+12
4348.0289 1.2448e+15 2.9667e+12
4348.0430 1.2448e+15 2.9782e+12
4348.0572 1.2448e+15 2.9897e+12
4348.0713 1.2448e+15 3.0012e+12
4348.0854 1.2448e+15 3.0129e+12
4348.0996 1.2448e+15 3.0245e+12
4348.1137 1.2448e+15 3.0363e+12
4348.1279 1.2448e+15 3.0480e+12
4348.1420 1.2448e+15 3.0599e+12
4348.1561 1.2448e+15 3.0718e+12
4348.1703 1.2448e+15 3.0837e+12
4348.1844 1.2447e+15 3.0957e+12
4348.1986 1.2447e+15 3.1077e+12
4348.2127 1.2447e+15 3.1198e+12
4348.2268 1.2447e+15 3.1320e+12
4348.2410 1.2447e+15 3.1442e+12
4348.2551 1.2447e+15 3.1564e+12
4348.2692 1.2447e+15 3.1687e+12
4348.2834 1.2447e+15 3.1811e+12
4348.2975 1.2447e+15 3.1935e+12
4348.3117 1.2447e+15 3.2060e+12
4348.3258 1.2447e+15 3.2185e+12
4348.3399 1.2447e+15 3.2311e+12
4348.3541 1.2447e+15 3.2437e+12
4348.3682 1.2447e+15 3.2564e+12
4348.3824 1.2447e+15 3.2692e+12
4348.3965 1.2447e+15 3.2820e+12
4348.4106 1.2447e+15 3.2949e+12
4348.4248 1.2447e+15 3.3078e+12
4348.4389 1.2447e+15 3.3207e+12
4348.4531 1.2447e+15 3.3338e+12
4348.4672 1.2447e+15 3.3469e+12
4348.4813 1.2447e+15 3.3600e+12
4348.4955 1.2447e+15 3.3732e+12
4348.5096 1.2447e+15 3.3865e+12
4348.5237 1.2447e+15 3.3998e+12
4348.5379 1.2447e+15 3.4132e+12
4348.5520 1.2447e+15 3.4266e+12
4348.5662 1.2447e+15 3.4401e+12
4348.5803 1.2447e+15 3.4537e+12
4348.5944 1.2447e+15 3.4673e+12
4348.6086 1.2447e+15 3.4810e+12
4348.6227 1.2446e+15 3.4947e+12
4348.6369 1.2446e+15 3.5085e+12
4348.6510 1.2446e+15 3.5223e+12
4348.6651 1.2446e+15 3.5363e+12
4348.6793 1.2446e+15 3.5502e+12
4348.6934 1.2446e+15 3.5643e+12
4348.7075 1.2446e+15 3.5784e+12
4348.7217 1.2446e+15 3.5925e+12
4348.7358 1.2446e+15 3.6067e+12
4348.7500 1.2446e+15 3.6210e+12
4348.7641 1.2446e+15 3.6353e+12
4348.7782 1.2446e+15 3.6497e+12
4348.7924 1.2446e+15 3.6642e+12
4348.8065 1.2446e+15 3.6787e+12
4348.8207 1.2446e+15 3.6933e+12
4348.8348 1.2446e+15 3.7080e+12
4348.8489 1.2446e+15 3.7227e+12
4348.8631 1.2446e+15 3.7375e+12
4348.8772 1.2446e+15 3.7523e+12
4348.8914 1.2446e+15 3.7672e+12
4348.9055 1.2446e+15 3.7822e+12
4348.9196 1.2446e+15 3.7972e+12
4348.9338 1.2446e+15 3.8123e+12
4348.9479 1.2446e+15 3.8275e+12
4348.9620 1.2446e+15 3.8427e+12
4348.9762 1.2446e+15 3.8580e+12
4348.9903 1.2446e+15 3.8733e+12
4349.0045 1.2446e+15 3.8888e+12
4349.0186 1.2446e+15 3.9043e+12
4349.0327 1.2446e+15 3.9198e+12
4349.0469 1.2446e+15 3.9354e+12
4349.0610 1.2445e+15 3.9511e+12
4349.0752 1.2445e+15 3.9669e+12
4349.0893 1.2445e+15 3.9827e+12
4349.1034 1.2445e+15 3.9986e+12
4349.1176 1.2445e+15 4.0145e+12
4349.1317 1.2445e+15 4.0306e+12
4349.1459 1.2445e+15 4.0467e+12
4349.1600 1.2445e+15 4.0628e+12
4349.1741 1.2445e+15 4.0790e+12
4349.1883 1.2445e+15 4.0953e+12
4349.2024 1.2445e+15 4.1117e+12
4349.2165 1.2445e+15 4.1281e+12
4349.2307 1.2445e+15 4.1447e+12
4349.2448 1.2445e+15 4.1612e+12
4349.2590 1.2445e+15 4.1779e+12
4349.2731 1.2445e+15 4.1946e+12
4349.2872 1.2445e+15 4.2114e+12
4349.3014 1.2445e+15 4.2282e+12
4349.3155 1.2445e+15 4.2452e+12
4349.3297 1.2445e+15 4.2621e+12
4349.3438 1.2445e+15 4.2792e+12
4349.3579 1.2445e+15 4.2964e+12
4349.3721 1.2445e+15 4.3136e+12
4349.3862 1.2445e+15 4.3309e+12
4349.4003 1.2445e+15 4.3482e+12
4349.4145 1.2445e+15 4.3656e+12
4349.4286 1.2445e+15 4.3831e+12
4349.4428 1.2445e+15 4.4007e+12
4349.4569 1.2445e+15 4.4184e+12
4349.4710 1.2445e+15 4.4361e+12
4349.4852 1.2445e+15 4.4539e+12
4349.4993 1.2444e+15 4.4718e+12
4349.5135 1.2444e+15 4.4897e+12
4349.5276 1.2444e+15 4.5077e+12
4349.5417 1.2444e+15 4.5258e+12
4349.5559 1.2444e+15 4.5440e+12
4349.5700 1.2444e+15 4.5622e+12
4349.5842 1.2444e+15 4.5805e+12
4349.5983 1.2444e+15 4.5989e+12
4349.6124 1.2444e+15 4.6174e+12
4349.6266 1.2444e+15 4.6360e+12
4349.6407 1.2444e+15 4.6546e+12
4349.6548 1.2444e+15 4.6733e+12
4349.6690 1.2444e+15 4.6921e+12
4349.6831 1.2444e+15 4.7109e+12
4349.6973 1.2444e+15 4.7298e+12
4349.7114 1.2444e+15 4.7489e+12
4349.7255 1.2444e+15 4.7680e+12
4349.7397 1.2444e+15 4.7871e+12
4349.7538 1.2444e+15 4.8064e+12
4349.7680 1.2444e+15 4.8257e+12
4349.7821 1.2444e+15 4.8451e+12
4349.7962 1.2444e+15 4.8646e+12
4349.8104 1.2444e+15 4.8841e+12
4349.8245 1.2444e+15 4.9038e+12
4349.8386 1.2444e+15 4.9235e+12
4349.8528 1.2444e+15 4.9433e+12
4349.8669 1.2444e+15 4.9632e+12
4349.8811 1.2444e+15 4.9832e+12
4349.8952 1.2444e+15 5.0032e+12
4349.9093 1.2444e+15 5.0234e+12
4349.9235 1.2444e+15 5.0436e+12
4349.9376 1.2443e+15 5.0639e+12
4349.9518 1.2443e+15 5.0842e+12
4349.9659 1.2443e+15 5.1047e+12
4349.9800 1.2443e+15 5.1252e+12
4349.9942 1.2443e+15 5.1459e+12
4350.0083 1.2443e+15 5.1666e+12
4350.0225 1.2443e+15 5.1874e+12
4350.0366 1.2443e+15 5.2083e+12
4350.0507 1.2443e+15 5.2292e+12
4350.0649 1.2443e+15 5.2503e+12
4350.0790 1.2443e+15 5.2714e+12
4350.0931 1.2443e+15 5.2926e+12
4350.1073 1.2443e+15 5.3139e+12
4350.1214 1.2443e+15 5.3353e+12
4350.1356 1.2443e+15 5.3568e+12
4350.1497 1.2443e+15 5.3783e+12
4350.1638 1.2443e+15 5.4000e+12
4350.1780 1.2443e+15 5.4217e+12
4350.1921 1.2443e+15 5.4435e+12
4350.2063 1.2443e+15 5.4654e+12
4350.2204 1.2443e+15 5.4874e+12
4350.2345 1.2443e+15 5.5095e+12
4350.2487 1.2443e+15 5.5317e+12
4350.2628 1.2443e+15 5.5539e+12
4350.2770 1.2443e+15 5.5763e+12
4350.2911 1.2443e+15 5.5987e+12
4350.3052 1.2443e+15 5.6213e+12
4350.3194 1.2443e+15 5.6439e+12
4350.3335 1.2443e+15 5.6666e+12
4350.3476 1.2443e+15 5.6894e+12
4350.3618 1.2443e+15 5.7123e+12
4350.3759 1.2442e+15 5.7352e+12
4350.3901 1.2442e+15 5.7583e+12
4350.4042 1.2442e+15 5.7815e+12
4350.4183 1.2442e+15 5.8047e+12
4350.4325 1.2442e+15 5.8281e+12
4350.4466 1.2442e+15 5.8515e+12
4350.4608 1.2442e+15 5.8750e+12
4350.4749 1.2442e+15 5.8987e+12
4350.4890 1.2442e+15 5.9224e+12
4350.5032 1.2442e+15 5.9462e+12
4350.5173 1.2442e+15 5.9701e+12
4350.5314 1.2442e+15 5.9941e+12
4350.5456 1.2442e+15 6.0182e+12
4350.5597 1.2442e+15 6.0423e+12
4350.5739 1.2442e+15 6.0666e+12
4350.5880 1.2442e+15 6.0910e+12
4350.6021 1.2442e+15 6.1155e+12
4350.6163 1.2442e+15 6.1400e+12
4350.6304 1.2442e+15 6.1647e+12
4350.6446 1.2442e+15 6.1894e+12
4350.6587 1.2442e+15 6.2143e+12
4350.6728 1.2442e+15 6.2392e+12
4350.6870 1.2442e+15 6.2643e+12
4350.7011 1.2442e+15 6.2894e+12
4350.7153 1.2442e+15 6.3147e+12
4350.7294 1.2442e+15 6.3400e+12
4350.7435 1.2442e+15 6.3654e+12
4350.7577 1.2442e+15 6.3910e+12
4350.7718 1.2442e+15 6.4166e+12
4350.7859 1.2442e+15 6.4423e+12
4350.8001 1.2442e+15 6.4682e+12
4350.8142 1.2441e+15 6.4941e+12
4350.8284 1.2441e+15 6.5201e+12
4350.8425 1.2441e+15 6.5463e+12
4350.8566 1.2441e+15 6.5725e+12
4350.8708 1.2441e+15 6.5988e+12
4350.8849 1.2441e+15 6.6253e+12
4350.8991 1.2441e+15 6.6518e+12
4350.9132 1.2441e+15 6.6785e+12
4350.9273 1.2441e+15 6.7052e+12
4350.9415 1.2441e+15 6.7320e+12
4350.9556 1.2441e+15 6.7590e+12
4350.9698 1.2441e+15 6.7860e+12
4350.9839 1.2441e+15 6.8132e+12
4350.9980 1.2441e+15 6.8404e+12
4351.0122 1.2441e+15 6.8678e+12
4351.0263 1.2441e+15 6.8953e+12
4351.0404 1.2441e+15 6.9228e+12
4351.0546 1.2441e+15 6.9505e+12
4351.0687 1.2441e+15 6.9783e+12
4351.0829 1.2441e+15 7.0062e+12
4351.0970 1.2441e+15 7.0341e+12
4351.1111 1.2441e+15 7.0622e+12
4351.1253 1.2441e+15 7.0904e+12
4351.1394 1.2441e+15 7.1188e+12
4351.1536 1.2441e+15 7.1472e+12
4351.1677 1.2441e+15 7.1757e+12
4351.1818 1.2441e+15 7.2043e+12
4351.1960 1.2441e+15 7.2331e+12
4351.2101 1.2441e+15 7.2619e+12
4351.2242 1.2441e+15 7.2909e+12
4351.2384 1.2441e+15 7.3199e+12
4351.2525 1.2440e+15 7.3491e+12
4351.2667 1.2440e+15 7.3784e+12
4351.2808 1.2440e+15 7.4078e+12
4351.2949 1.2440e+15 7.4373e+12
4351.3091 1.2440e+15 7.4669e+12
4351.3232 1.2440e+15 7.4966e+12
4351.3374 1.2440e+15 7.5264e+12
4351.3515 1.2440e+15 7.5564e+12
4351.3656 1.2440e+15 7.5864e+12
4351.3798 1.2440e+15 7.6166e+12
4351.3939 1.2440e+15 7.6469e+12
4351.4081 1.2440e+15 7.6772e+12
4351.4222 1.2440e+15 7.7078e+12
4351.4363 1.2440e+15 7.7384e+12
4351.4505 1.2440e+15 7.7691e+12
4351.4646 1.2440e+15 7.7999e+12
4351.4787 1.2440e+15 7.8309e+12
4351.4929 1.2440e+15 7.8620e+12
4351.5070 1.2440e+15 7.8932e+12
4351.5212 1.2440e+15 7.9245e+12
4351.5353 1.2440e+15 7.9559e+12
4351.5494 1.2440e+15 7.9874e+12
4351.5636 1.2440e+15 8.0191e+12
4351.5777 1.2440e+15 8.0508e+12
4351.5919 1.2440e+15 8.0827e+12
4351.6060 1.2440e+15 8.1147e+12
4351.6201 1.2440e+15 8.1468e+12
4351.6343 1.2440e+15 8.1790e+12
4351.6484 1.2440e+15 8.2114e+12
4351.6625 1.2440e+15 8.2439e+12
4351.6767 1.2440e+15 8.2764e+12
4351.6908 1.2439e+15 8.3091e+12
4351.7050 1.2439e+15 8.3420e+12
4351.7191 1.2439e+15 8.3749e+12
4351.7332 1.2439e+15 8.4080e+12
4351.7474 1.2439e+15 8.4412e+12
4351.7615 1.2439e+15 8.4745e+12
4351.7757 1.2439e+15 8.5079e+12
4351.7898 1.2439e+15 8.5414e+12
4351.8039 1.2439e+15 8.5751e+12
4351.8181 1.2439e+15 8.6089e+12
4351.8322 1.2439e+15 8.6428e+12
4351.8464 1.2439e+15 8.6768e+12
4351.8605 1.2439e+15 8.7110e+12
4351.8746 1.2439e+15 8.7452e+12
4351.8888 1.2439e+15 8.7796e+12
4351.9029 1.2439e+15 8.8142e+12
4351.9170 1.2439e+15 8.8488e+12
4351.9312 1.2439e+15 8.8836e+12
4351.9453 1.2439e+15 8.9185e+12
4351.9595 1.2439e+15 8.9535e+12
4351.9736 1.2439e+15 8.9886e+12
4351.9877 1.2439e+15 9.0239e+12
4352.0019 1.2439e+15 9.0593e+12
4352.0160 1.2439e+15 9.0948e+12
4352.0302 1.2439e+15 9.1305e+12
4352.0443 1.2439e+15 9.1662e+12
4352.0584 1.2439e+15 9.2021e+12
4352.0726 1.2439e+15 9.2382e+12
4352.0867 1.2439e+15 9.2743e+12
4352.1009 1.2439e+15 9.3106e+12
4352.1150 1.2439e+15 9.3470e+12
4352.1291 1.2438e+15 9.3835e+12
4352.1433 1.2438e+15 9.4202e+12
4352.1574 1.2438e+15 9.4570e+12
4352.1715 1.2438e+15 9.4939e+12
4352.1857 1.2438e+15 9.5310e+12
4352.1998 1.2438e+15 9.5682e+12
4352.2140 1.2438e+15 9.6055e+12
4352.2281 1.2438e+15 9.6429e+12
4352.2422 1.2438e+15 9.6805e+12
4352.2564 1.2438e+15 9.7182e+12
4352.2705 1.2438e+15 9.7561e+12
4352.2847 1.2438e+15 9.7940e+12
4352.2988 1.2438e+15 9.8321e+12
4352.3129 1.2438e+15 9.8704e+12
4352.3271 1.2438e+15 9.9088e+12
4352.3412 1.2438e+15 9.9473e+12
4352.3553 1.2438e+15 9.9859e+12
4352.3695 1.2438e+15 1.0025e+13
4352.3836 1.2438e+15 1.0064e+13
4352.3978 1.2438e+15 1.0103e+13
4352.4119 1.2438e+15 1.0142e+13
4352.4260 1.2438e+15 1.0181e+13
4352.4402 1.2438e+15 1.0221e+13
4352.4543 1.2438e+15 1.0260e+13
4352.4685 1.2438e+15 1.0300e+13
4352.4826 1.2438e+15 1.0340e+13
4352.4967 1.2438e+15 1.0380e+13
4352.5109 1.2438e+15 1.0420e+13
4352.5250 1.2438e+15 1.0460e+13
4352.5392 1.2438e+15 1.0501e+13
4352.5533 1.2438e+15 1.0541e+13
4352.5674 1.2437e+15 1.0582e+13
4352.5816 1.2437e+15 1.0623e+13
4352.5957 1.2437e+15 1.0664e+13
4352.6098 1.2437e+15 1.0705e+13
4352.6240 1.2437e+15 1.0746e+13
4352.6381 1.2437e+15 1.0787e+13
4352.6523 1.2437e+15 1.0829e+13
4352.6664 1.2437e+15 1.0870e+13
4352.6805 1.2437e+15 1.0912e+13
4352.6947 1.2437e+15 1.0954e+13
4352.7088 1.2437e+15 1.0996e+13
4352.7230 1.2437e+15 1.1038e+13
4352.7371 1.2437e+15 1.1081e+13
4352.7512 1.2437e+15 1.1123e+13
4352.7654 1.2437e+15 1.1166e+13
4352.7795 1.2437e+15 1.1209e+13
4352.7937 1.2437e+15 1.1252e+13
4352.8078 1.2437e+15 1.1295e+13
4352.8219 1.2437e+15 1.1338e+13
4352.8361 1.2437e+15 1.1381e+13
4352.8502 1.2437e+15 1.1425e+13
4352.8643 1.2437e+15 1.1469e+13
4352.8785 1.2437e+15 1.1512e+13
4352.8926 1.2437e+15 1.1556e+13
4352.9068 1.2437e+15 1.1600e+13
4352.9209 1.2437e+15 1.1645e+13
4352.9350 1.2437e+15 1.1689e+13
4352.9492 1.2437e+15 1.1734e+13
4352.9633 1.2437e+15 1.1778e+13
4352.9775 1.2437e+15 1.1823e+13
4352.9916 1.2437e+15 1.1868e+13
4353.0057 1.2436e+15 1.1913e+13
4353.0199 1.2436e+15 1.1959e+13
4353.0340 1.2436e+15 1.2004e+13
4353.0481 1.2436e+15 1.2050e+13
4353.0623 1.2436e+15 1.2095e+13
4353.0764 1.2436e+15 1.2141e+13
4353.0906 1.2436e+15 1.2187e+13
4353.1047 1.2436e+15 1.2233e+13
4353.1188 1.2436e+15 1.2280e+13
4353.1330 1.2436e+15 1.2326e+13
4353.1471 1.2436e+15 1.2373e+13
4353.1613 1.2436e+15 1.2420e+13
4353.1754 1.2436e+15 1.2467e+13
4353.1895 1.2436e+15 1.2514e+13
4353.2037 1.2436e+15 1.2561e+13
4353.2178 1.2436e+15 1.2608e+13
4353.2320 1.2436e+15 1.2656e+13
4353.2461 1.2436e+15 1.2704e+13
4353.2602 1.2436e+15 1.2751e+13
4353.2744 1.2436e+15 1.2799e+13
4353.2885 1.2436e+15 1.2848e+13
4353.3026 1.2436e+15 1.2896e+13
4353.3168 1.2436e+15 1.2944e+13
4353.3309 1.2436e+15 1.2993e+13
4353.3451 1.2436e+15 1.3042e+13
4353.3592 1.2436e+15 1.3091e+13
4353.3733 1.2436e+15 1.3140e+13
4353.3875 1.2436e+15 1.3189e+13
4353.4016 1.2436e+15 1.3239e+13
4353.4158 1.2436e+15 1.3288e+13
4353.4299 1.2436e+15 1.3338e+13
4353.4440 1.2435e+15 1.3388e+13
4353.4582 1.2435e+15 1.3438e+13
4353.4723 1.2435e+15 1.3488e+13
4353.4864 1.2435e+15 1.3538e+13
4353.5006 1.2435e+15 1.3589e+13
4353.5147 1.2435e+15 1.3640e+13
4353.5289 1.2435e+15 1.3691e+13
4353.5430 1.2435e+15 1.3742e+13
4353.5571 1.2435e+15 1.3793e+13
4353.5713 1.2435e+15 1.3844e+13
4353.5854 1.2435e+15 1.3896e+13
4353.5996 1.2435e+15 1.3947e+13
4353.6137 1.2435e+15 1.3999e+13
4353.6278 1.2435e+15 1.4051e+13
4353.6420 1.2435e+15 1.4103e+13
4353.6561 1.2435e+15 1.4155e+13
4353.6703 1.2435e+15 1.4208e+13
4353.6844 1.2435e+15 1.4261e+13
4353.6985 1.2435e+15 1.4313e+13
4353.7127 1.2435e+15 1.4366e+13
4353.7268 1.2435e+15 1.4419e+13
4353.7409 1.2435e+15 1.4473e+13
4353.7551 1.2435e+15 1.4526e+13
4353.7692 1.2435e+15 1.4580e+13
4353.7834 1.2435e+15 1.4634e+13
4353.7975 1.2435e+15 1.4688e+13
4353.8116 1.2435e+15 1.4742e+13
4353.8258 1.2435e+15 1.4796e+13
4353.8399 1.2435e+15 1.4850e+13
4353.8541 1.2435e+15 1.4905e+13
4353.8682 1.2434e+15 1.4960e+13
4353.8823 1.2434e+15 1.5015e+13
4353.8965 1.2434e+15 1.5070e+13
4353.9106 1.2434e+15 1.5125e+13
4353.9248 1.2434e+15 1.5181e+13
4353.9389 1.2434e+15 1.5236e+13
4353.9530 1.2434e+15 1.5292e+13
4353.9672 1.2434e+15 1.5348e+13
4353.9813 1.2434e+15 1.5404e+13
4353.9954 1.2434e+15 1.5461e+13
4354.0096 1.2434e+15 1.5517e+13
4354.0237 1.2434e+15 1.5574e+13
4354.0379 1.2434e+15 1.5631e+13
4354.0520 1.2434e+15 1.5688e+13
4354.0661 1.2434e+15 1.5745e+13
4354.0803 1.2434e+15 1.5802e+13
4354.0944 1.2434e+15 1.5860e+13
4354.1086 1.2434e+15 1.5917e+13
4354.1227 1.2434e+15 1.5975e+13
4354.1368 1.2434e+15 1.6033e+13
4354.1510 1.2434e+15 1.6092e+13
4354.1651 1.2434e+15 1.6150e+13
4354.1792 1.2434e+15 1.6208e+13
4354.1934 1.2434e+15 1.6267e+13
4354.2075 1.2434e+15 1.6326e+13
4354.2217 1.2434e+15 1.6385e+13
4354.2358 1.2434e+15 1.6445e+13
4354.2499 1.2434e+15 1.6504e+13
4354.2641 1.2434e+15 1.6564e+13
4354.2782 1.2434e+15 1.6623e+13
4354.2924 1.2434e+15 1.6683e+13
4354.3065 1.2433e+15 1.6744e+13
4354.3206 1.2433e+15 1.6804e+13
4354.3348 1.2433e+15 1.6864e+13
4354.3489 1.2433e+15 1.6925e+13
4354.3631 1.2433e+15 1.6986e+13
4354.3772 1.2433e+15 1.7047e+13
4354.3913 1.2433e+15 1.7108e+13
4354.4055 1.2433e+15 1.7170e+13
4354.4196 1.2433e+15 1.7231e+13
4354.4337 1.2433e+15 1.7293e+13
4354.4479 1.2433e+15 1.7355e+13
4354.4620 1.2433e+15 1.7417e+13
4354.4762 1.2433e+15 1.7479e+13
4354.4903 1.2433e+15 1.7542e+13
4354.5044 1.2433e+15 1.7604e+13
4354.5186 1.2433e+15 1.7667e+13
4354.5327 1.2433e+15 1.7730e+13
4354.5469 1.2433e+15 1.7794e+13
4354.5610 1.2433e+15 1.7857e+13
4354.5751 1.2433e+15 1.7920e+13
4354.5893 1.2433e+15 1.7984e+13
4354.6034 1.2433e+15 1.8048e+13
4354.6176 1.2433e+15 1.8112e+13
4354.6317 1.2433e+15 1.8177e+13
