# Wavelength(Å) I_cont(erg/s/cm2/Å/sr) I_abs(erg/s/cm2/Å/sr)
4329.3279 1.0181e+14 1.0181e+14
4329.3391 1.0181e+14 1.0181e+14
4329.3503 1.0181e+14 1.0181e+14
4329.3615 1.0181e+14 1.0181e+14
4329.3726 1.0181e+14 1.0181e+14
4329.3838 1.0181e+14 1.0181e+14
4329.3950 1.0181e+14 1.0181e+14
4329.4062 1.0181e+14 1.0181e+14
4329.4173 1.0181e+14 1.0181e+14
4329.4285 1.0181e+14 1.0181e+14
4329.4397 1.0181e+14 1.0181e+14
4329.4509 1.0181e+14 1.0181e+14
4329.4621 1.0181e+14 1.0181e+14
4329.4732 1.0181e+14 1.0181e+14
4329.4844 1.0181e+14 1.0181e+14
4329.4956 1.0182e+14 1.0182e+14
4329.5068 1.0182e+14 1.0182e+14
4329.5179 1.0182e+14 1.0182e+14
4329.5291 1.0182e+14 1.0182e+14
4329.5403 1.0182e+14 1.0182e+14
4329.5515 1.0182e+14 1.0182e+14
4329.5627 1.0182e+14 1.0182e+14
4329.5738 1.0182e+14 1.0182e+14
4329.5850 1.0182e+14 1.0182e+14
4329.5962 1.0182e+14 1.0182e+14
4329.6074 1.0182e+14 1.0182e+14
4329.6185 1.0182e+14 1.0182e+14
4329.6297 1.0182e+14 1.0182e+14
4329.6409 1.0182e+14 1.0182e+14
4329.6521 1.0182e+14 1.0182e+14
4329.6632 1.0182e+14 1.0182e+14
4329.6744 1.0182e+14 1.0182e+14
4329.6856 1.0182e+14 1.0182e+14
4329.6968 1.0182e+14 1.0182e+14
4329.7080 1.0182e+14 1.0182e+14
4329.7191 1.0182e+14 1.0182e+14
4329.7303 1.0182e+14 1.0182e+14
4329.7415 1.0182e+14 1.0182e+14
4329.7527 1.0183e+14 1.0183e+14
4329.7638 1.0183e+14 1.0183e+14
4329.7750 1.0183e+14 1.0183e+14
4329.7862 1.0183e+14 1.0183e+14
4329.7974 1.0183e+14 1.0183e+14
4329.8086 1.0183e+14 1.0183e+14
4329.8197 1.0183e+14 1.0183e+14
4329.8309 1.0183e+14 1.0183e+14
4329.8421 1.0183e+14 1.0183e+14
4329.8533 1.0183e+14 1.0183e+14
4329.8644 1.0183e+14 1.0183e+14
4329.8756 1.0183e+14 1.0183e+14
4329.8868 1.0183e+14 1.0183e+14
4329.8980 1.0183e+14 1.0183e+14
4329.9092 1.0183e+14 1.0183e+14
4329.9203 1.0183e+14 1.0183e+14
4329.9315 1.0183e+14 1.0183e+14
4329.9427 1.0183e+14 1.0183e+14
4329.9539 1.0183e+14 1.0183e+14
4329.9650 1.0183e+14 1.0183e+14
4329.9762 1.0183e+14 1.0183e+14
4329.9874 1.0183e+14 1.0183e+14
4329.9986 1.0183e+14 1.0183e+14
4330.0098 1.0184e+14 1.0184e+14
4330.0209 1.0184e+14 1.0184e+14
4330.0321 1.0184e+14 1.0184e+14
4330.0433 1.0184e+14 1.0184e+14
4330.0545 1.0184e+14 1.0184e+14
4330.0656 1.0184e+14 1.0184e+14
4330.0768 1.0184e+14 1.0184e+14
4330.0880 1.0184e+14 1.0184e+14
4330.0992 1.0184e+14 1.0184e+14
4330.1104 1.0184e+14 1.0184e+14
4330.1215 1.0184e+14 1.0184e+14
4330.1327 1.0184e+14 1.0184e+14
4330.1439 1.0184e+14 1.0184e+14
4330.1551 1.0184e+14 1.0184e+14
4330.1662 1.0184e+14 1.0184e+14
4330.1774 1.0184e+14 1.0184e+14
4330.1886 1.0184e+14 1.0184e+14
4330.1998 1.0184e+14 1.0184e+14
4330.2110 1.0184e+14 1.0184e+14
4330.2221 1.0184e+14 1.0184e+14
4330.2333 1.0184e+14 1.0184e+14
4330.2445 1.0184e+14 1.0184e+14
4330.2557 1.0184e+14 1.0184e+14
4330.2668 1.0185e+14 1.0185e+14
4330.2780 1.0185e+14 1.0185e+14
4330.2892 1.0185e+14 1.0185e+14
4330.3004 1.0185e+14 1.0185e+14
4330.3116 1.0185e+14 1.0185e+14
4330.3227 1.0185e+14 1.0185e+14
4330.3339 1.0185e+14 1.0185e+14
4330.3451 1.0185e+14 1.0185e+14
4330.3563 1.0185e+14 1.0185e+14
4330.3674 1.0185e+14 1.0185e+14
4330.3786 1.0185e+14 1.0185e+14
4330.3898 1.0185e+14 1.0185e+14
4330.4010 1.0185e+14 1.0185e+14
4330.4122 1.0185e+14 1.0185e+14
4330.4233 1.0185e+14 1.0185e+14
4330.4345 1.0185e+14 1.0185e+14
4330.4457 1.0185e+14 1.0185e+14
4330.4569 1.0185e+14 1.0185e+14
4330.4680 1.0185e+14 1.0185e+14
4330.4792 1.0185e+14 1.0185e+14
4330.4904 1.0185e+14 1.0185e+14
4330.5016 1.0185e+14 1.0185e+14
4330.5128 1.0185e+14 1.0185e+14
4330.5239 1.0186e+14 1.0186e+14
4330.5351 1.0186e+14 1.0186e+14
4330.5463 1.0186e+14 1.0186e+14
4330.5575 1.0186e+14 1.0186e+14
4330.5686 1.0186e+14 1.0186e+14
4330.5798 1.0186e+14 1.0186e+14
4330.5910 1.0186e+14 1.0186e+14
4330.6022 1.0186e+14 1.0186e+14
4330.6134 1.0186e+14 1.0186e+14
4330.6245 1.0186e+14 1.0186e+14
4330.6357 1.0186e+14 1.0186e+14
4330.6469 1.0186e+14 1.0186e+14
4330.6581 1.0186e+14 1.0186e+14
4330.6692 1.0186e+14 1.0186e+14
4330.6804 1.0186e+14 1.0186e+14
4330.6916 1.0186e+14 1.0186e+14
4330.7028 1.0186e+14 1.0186e+14
4330.7140 1.0186e+14 1.0186e+14
4330.7251 1.0186e+14 1.0186e+14
4330.7363 1.0186e+14 1.0186e+14
4330.7475 1.0186e+14 1.0186e+14
4330.7587 1.0186e+14 1.0186e+14
4330.7698 1.0186e+14 1.0186e+14
4330.7810 1.0187e+14 1.0187e+14
4330.7922 1.0187e+14 1.0187e+14
4330.8034 1.0187e+14 1.0187e+14
4330.8145 1.0187e+14 1.0187e+14
4330.8257 1.0187e+14 1.0187e+14
4330.8369 1.0187e+14 1.0187e+14
4330.8481 1.0187e+14 1.0187e+14
4330.8593 1.0187e+14 1.0187e+14
4330.8704 1.0187e+14 1.0187e+14
4330.8816 1.0187e+14 1.0187e+14
4330.8928 1.0187e+14 1.0187e+14
4330.9040 1.0187e+14 1.0187e+14
4330.9151 1.0187e+14 1.0187e+14
4330.9263 1.0187e+14 1.0187e+14
4330.9375 1.0187e+14 1.0187e+14
4330.9487 1.0187e+14 1.0187e+14
4330.9599 1.0187e+14 1.0187e+14
4330.9710 1.0187e+14 1.0187e+14
4330.9822 1.0187e+14 1.0187e+14
4330.9934 1.0187e+14 1.0187e+14
4331.0046 1.0187e+14 1.0187e+14
4331.0157 1.0187e+14 1.0187e+14
4331.0269 1.0187e+14 1.0187e+14
4331.0381 1.0188e+14 1.0188e+14
4331.0493 1.0188e+14 1.0188e+14
4331.0605 1.0188e+14 1.0188e+14
4331.0716 1.0188e+14 1.0188e+14
4331.0828 1.0188e+14 1.0188e+14
4331.0940 1.0188e+14 1.0188e+14
4331.1052 1.0188e+14 1.0188e+14
4331.1163 1.0188e+14 1.0188e+14
4331.1275 1.0188e+14 1.0188e+14
4331.1387 1.0188e+14 1.0188e+14
4331.1499 1.0188e+14 1.0188e+14
4331.1611 1.0188e+14 1.0188e+14
4331.1722 1.0188e+14 1.0188e+14
4331.1834 1.0188e+14 1.0188e+14
4331.1946 1.0188e+14 1.0188e+14
4331.2058 1.0188e+14 1.0188e+14
4331.2169 1.0188e+14 1.0188e+14
4331.2281 1.0188e+14 1.0188e+14
4331.2393 1.0188e+14 1.0188e+14
4331.2505 1.0188e+14 1.0188e+14
4331.2617 1.0188e+14 1.0188e+14
4331.2728 1.0188e+14 1.0188e+14
4331.2840 1.0188e+14 1.0188e+14
4331.2952 1.0189e+14 1.0189e+14
4331.3064 1.0189e+14 1.0189e+14
4331.3175 1.0189e+14 1.0189e+14
4331.3287 1.0189e+14 1.0189e+14
4331.3399 1.0189e+14 1.0189e+14
4331.3511 1.0189e+14 1.0189e+14
4331.3623 1.0189e+14 1.0189e+14
4331.3734 1.0189e+14 1.0189e+14
4331.3846 1.0189e+14 1.0189e+14
4331.3958 1.0189e+14 1.0189e+14
4331.4070 1.0189e+14 1.0189e+14
4331.4181 1.0189e+14 1.0189e+14
4331.4293 1.0189e+14 1.0189e+14
4331.4405 1.0189e+14 1.0189e+14
4331.4517 1.0189e+14 1.0189e+14
4331.4629 1.0189e+14 1.0189e+14
4331.4740 1.0189e+14 1.0189e+14
4331.4852 1.0189e+14 1.0189e+14
4331.4964 1.0189e+14 1.0189e+14
4331.5076 1.0189e+14 1.0189e+14
4331.5187 1.0189e+14 1.0189e+14
4331.5299 1.0189e+14 1.0189e+14
4331.5411 1.0189e+14 1.0189e+14
4331.5523 1.0190e+14 1.0190e+14
4331.5635 1.0190e+14 1.0190e+14
4331.5746 1.0190e+14 1.0190e+14
4331.5858 1.0190e+14 1.0190e+14
4331.5970 1.0190e+14 1.0190e+14
4331.6082 1.0190e+14 1.0190e+14
4331.6193 1.0190e+14 1.0190e+14
4331.6305 1.0190e+14 1.0190e+14
4331.6417 1.0190e+14 1.0190e+14
4331.6529 1.0190e+14 1.0190e+14
4331.6641 1.0190e+14 1.0190e+14
4331.6752 1.0190e+14 1.0190e+14
4331.6864 1.0190e+14 1.0190e+14
4331.6976 1.0190e+14 1.0190e+14
4331.7088 1.0190e+14 1.0190e+14
4331.7199 1.0190e+14 1.0190e+14
4331.7311 1.0190e+14 1.0190e+14
4331.7423 1.0190e+14 1.0190e+14
4331.7535 1.0190e+14 1.0190e+14
4331.7647 1.0190e+14 1.0190e+14
4331.7758 1.0190e+14 1.0190e+14
4331.7870 1.0190e+14 1.0190e+14
4331.7982 1.0190e+14 1.0190e+14
4331.8094 1.0191e+14 1.0191e+14
4331.8205 1.0191e+14 1.0191e+14
4331.8317 1.0191e+14 1.0191e+14
4331.8429 1.0191e+14 1.0191e+14
4331.8541 1.0191e+14 1.0191e+14
4331.8653 1.0191e+14 1.0191e+14
4331.8764 1.0191e+14 1.0191e+14
4331.8876 1.0191e+14 1.0191e+14
4331.8988 1.0191e+14 1.0191e+14
4331.9100 1.0191e+14 1.0191e+14
4331.9211 1.0191e+14 1.0191e+14
4331.9323 1.0191e+14 1.0191e+14
4331.9435 1.0191e+14 1.0191e+14
4331.9547 1.0191e+14 1.0191e+14
4331.9658 1.0191e+14 1.0191e+14
4331.9770 1.0191e+14 1.0191e+14
4331.9882 1.0191e+14 1.0191e+14
4331.9994 1.0191e+14 1.0191e+14
4332.0106 1.0191e+14 1.0191e+14
4332.0217 1.0191e+14 1.0191e+14
4332.0329 1.0191e+14 1.0191e+14
4332.0441 1.0191e+14 1.0191e+14
4332.0553 1.0191e+14 1.0191e+14
4332.0664 1.0192e+14 1.0191e+14
4332.0776 1.0192e+14 1.0192e+14
4332.0888 1.0192e+14 1.0192e+14
4332.1000 1.0192e+14 1.0192e+14
4332.1112 1.0192e+14 1.0192e+14
4332.1223 1.0192e+14 1.0192e+14
4332.1335 1.0192e+14 1.0192e+14
4332.1447 1.0192e+14 1.0192e+14
4332.1559 1.0192e+14 1.0192e+14
4332.1670 1.0192e+14 1.0192e+14
4332.1782 1.0192e+14 1.0192e+14
4332.1894 1.0192e+14 1.0192e+14
4332.2006 1.0192e+14 1.0192e+14
4332.2118 1.0192e+14 1.0192e+14
4332.2229 1.0192e+14 1.0192e+14
4332.2341 1.0192e+14 1.0192e+14
4332.2453 1.0192e+14 1.0192e+14
4332.2565 1.0192e+14 1.0192e+14
4332.2676 1.0192e+14 1.0192e+14
4332.2788 1.0192e+14 1.0192e+14
4332.2900 1.0192e+14 1.0192e+14
4332.3012 1.0192e+14 1.0192e+14
4332.3124 1.0192e+14 1.0192e+14
4332.3235 1.0193e+14 1.0192e+14
4332.3347 1.0193e+14 1.0193e+14
4332.3459 1.0193e+14 1.0193e+14
4332.3571 1.0193e+14 1.0193e+14
4332.3682 1.0193e+14 1.0193e+14
4332.3794 1.0193e+14 1.0193e+14
4332.3906 1.0193e+14 1.0193e+14
4332.4018 1.0193e+14 1.0193e+14
4332.4130 1.0193e+14 1.0193e+14
4332.4241 1.0193e+14 1.0193e+14
4332.4353 1.0193e+14 1.0193e+14
4332.4465 1.0193e+14 1.0193e+14
4332.4577 1.0193e+14 1.0193e+14
4332.4688 1.0193e+14 1.0193e+14
4332.4800 1.0193e+14 1.0193e+14
4332.4912 1.0193e+14 1.0193e+14
4332.5024 1.0193e+14 1.0193e+14
4332.5136 1.0193e+14 1.0193e+14
4332.5247 1.0193e+14 1.0193e+14
4332.5359 1.0193e+14 1.0193e+14
4332.5471 1.0193e+14 1.0193e+14
4332.5583 1.0193e+14 1.0193e+14
4332.5694 1.0193e+14 1.0193e+14
4332.5806 1.0194e+14 1.0193e+14
4332.5918 1.0194e+14 1.0194e+14
4332.6030 1.0194e+14 1.0194e+14
4332.6142 1.0194e+14 1.0194e+14
4332.6253 1.0194e+14 1.0194e+14
4332.6365 1.0194e+14 1.0194e+14
4332.6477 1.0194e+14 1.0194e+14
4332.6589 1.0194e+14 1.0194e+14
4332.6700 1.0194e+14 1.0194e+14
4332.6812 1.0194e+14 1.0194e+14
4332.6924 1.0194e+14 1.0194e+14
4332.7036 1.0194e+14 1.0194e+14
4332.7148 1.0194e+14 1.0194e+14
4332.7259 1.0194e+14 1.0194e+14
4332.7371 1.0194e+14 1.0194e+14
4332.7483 1.0194e+14 1.0194e+14
4332.7595 1.0194e+14 1.0194e+14
4332.7706 1.0194e+14 1.0194e+14
4332.7818 1.0194e+14 1.0194e+14
4332.7930 1.0194e+14 1.0194e+14
4332.8042 1.0194e+14 1.0194e+14
4332.8154 1.0194e+14 1.0194e+14
4332.8265 1.0194e+14 1.0194e+14
4332.8377 1.0195e+14 1.0194e+14
4332.8489 1.0195e+14 1.0195e+14
4332.8601 1.0195e+14 1.0195e+14
4332.8712 1.0195e+14 1.0195e+14
4332.8824 1.0195e+14 1.0195e+14
4332.8936 1.0195e+14 1.0195e+14
4332.9048 1.0195e+14 1.0195e+14
4332.9160 1.0195e+14 1.0195e+14
4332.9271 1.0195e+14 1.0195e+14
4332.9383 1.0195e+14 1.0195e+14
4332.9495 1.0195e+14 1.0195e+14
4332.9607 1.0195e+14 1.0195e+14
4332.9718 1.0195e+14 1.0195e+14
4332.9830 1.0195e+14 1.0195e+14
4332.9942 1.0195e+14 1.0195e+14
4333.0054 1.0195e+14 1.0195e+14
4333.0166 1.0195e+14 1.0195e+14
4333.0277 1.0195e+14 1.0195e+14
4333.0389 1.0195e+14 1.0195e+14
4333.0501 1.0195e+14 1.0195e+14
4333.0613 1.0195e+14 1.0195e+14
4333.0724 1.0195e+14 1.0195e+14
4333.0836 1.0195e+14 1.0195e+14
4333.0948 1.0196e+14 1.0195e+14
4333.1060 1.0196e+14 1.0196e+14
4333.1171 1.0196e+14 1.0196e+14
4333.1283 1.0196e+14 1.0196e+14
4333.1395 1.0196e+14 1.0196e+14
4333.1507 1.0196e+14 1.0196e+14
4333.1619 1.0196e+14 1.0196e+14
4333.1730 1.0196e+14 1.0196e+14
4333.1842 1.0196e+14 1.0196e+14
4333.1954 1.0196e+14 1.0196e+14
4333.2066 1.0196e+14 1.0196e+14
4333.2177 1.0196e+14 1.0196e+14
4333.2289 1.0196e+14 1.0196e+14
4333.2401 1.0196e+14 1.0196e+14
4333.2513 1.0196e+14 1.0196e+14
4333.2625 1.0196e+14 1.0196e+14
4333.2736 1.0196e+14 1.0196e+14
4333.2848 1.0196e+14 1.0196e+14
4333.2960 1.0196e+14 1.0196e+14
4333.3072 1.0196e+14 1.0196e+14
4333.3183 1.0196e+14 1.0196e+14
4333.3295 1.0196e+14 1.0196e+14
4333.3407 1.0196e+14 1.0196e+14
4333.3519 1.0197e+14 1.0196e+14
4333.3631 1.0197e+14 1.0197e+14
4333.3742 1.0197e+14 1.0197e+14
4333.3854 1.0197e+14 1.0197e+14
4333.3966 1.0197e+14 1.0197e+14
4333.4078 1.0197e+14 1.0197e+14
4333.4189 1.0197e+14 1.0197e+14
4333.4301 1.0197e+14 1.0197e+14
4333.4413 1.0197e+14 1.0197e+14
4333.4525 1.0197e+14 1.0197e+14
4333.4637 1.0197e+14 1.0197e+14
4333.4748 1.0197e+14 1.0197e+14
4333.4860 1.0197e+14 1.0197e+14
4333.4972 1.0197e+14 1.0197e+14
4333.5084 1.0197e+14 1.0197e+14
4333.5195 1.0197e+14 1.0197e+14
4333.5307 1.0197e+14 1.0197e+14
4333.5419 1.0197e+14 1.0197e+14
4333.5531 1.0197e+14 1.0197e+14
4333.5643 1.0197e+14 1.0197e+14
4333.5754 1.0197e+14 1.0197e+14
4333.5866 1.0197e+14 1.0197e+14
4333.5978 1.0197e+14 1.0197e+14
4333.6090 1.0198e+14 1.0197e+14
4333.6201 1.0198e+14 1.0198e+14
4333.6313 1.0198e+14 1.0198e+14
4333.6425 1.0198e+14 1.0198e+14
4333.6537 1.0198e+14 1.0198e+14
4333.6649 1.0198e+14 1.0198e+14
4333.6760 1.0198e+14 1.0198e+14
4333.6872 1.0198e+14 1.0198e+14
4333.6984 1.0198e+14 1.0198e+14
4333.7096 1.0198e+14 1.0198e+14
4333.7207 1.0198e+14 1.0198e+14
4333.7319 1.0198e+14 1.0198e+14
4333.7431 1.0198e+14 1.0198e+14
4333.7543 1.0198e+14 1.0198e+14
4333.7655 1.0198e+14 1.0198e+14
4333.7766 1.0198e+14 1.0198e+14
4333.7878 1.0198e+14 1.0198e+14
4333.7990 1.0198e+14 1.0198e+14
4333.8102 1.0198e+14 1.0198e+14
4333.8213 1.0198e+14 1.0198e+14
4333.8325 1.0198e+14 1.0198e+14
4333.8437 1.0198e+14 1.0198e+14
4333.8549 1.0198e+14 1.0198e+14
4333.8661 1.0199e+14 1.0198e+14
4333.8772 1.0199e+14 1.0199e+14
4333.8884 1.0199e+14 1.0199e+14
4333.8996 1.0199e+14 1.0199e+14
4333.9108 1.0199e+14 1.0199e+14
4333.9219 1.0199e+14 1.0199e+14
4333.9331 1.0199e+14 1.0199e+14
4333.9443 1.0199e+14 1.0199e+14
4333.9555 1.0199e+14 1.0199e+14
4333.9667 1.0199e+14 1.0199e+14
4333.9778 1.0199e+14 1.0199e+14
4333.9890 1.0199e+14 1.0199e+14
4334.0002 1.0199e+14 1.0199e+14
4334.0114 1.0199e+14 1.0199e+14
4334.0225 1.0199e+14 1.0199e+14
4334.0337 1.0199e+14 1.0199e+14
4334.0449 1.0199e+14 1.0199e+14
4334.0561 1.0199e+14 1.0199e+14
4334.0673 1.0199e+14 1.0199e+14
4334.0784 1.0199e+14 1.0199e+14
4334.0896 1.0199e+14 1.0199e+14
4334.1008 1.0199e+14 1.0199e+14
4334.1120 1.0199e+14 1.0199e+14
4334.1231 1.0199e+14 1.0199e+14
4334.1343 1.0200e+14 1.0200e+14
4334.1455 1.0200e+14 1.0200e+14
4334.1567 1.0200e+14 1.0200e+14
4334.1679 1.0200e+14 1.0200e+14
4334.1790 1.0200e+14 1.0200e+14
4334.1902 1.0200e+14 1.0200e+14
4334.2014 1.0200e+14 1.0200e+14
4334.2126 1.0200e+14 1.0200e+14
4334.2237 1.0200e+14 1.0200e+14
4334.2349 1.0200e+14 1.0200e+14
4334.2461 1.0200e+14 1.0200e+14
4334.2573 1.0200e+14 1.0200e+14
4334.2684 1.0200e+14 1.0200e+14
4334.2796 1.0200e+14 1.0200e+14
4334.2908 1.0200e+14 1.0200e+14
4334.3020 1.0200e+14 1.0200e+14
4334.3132 1.0200e+14 1.0200e+14
4334.3243 1.0200e+14 1.0200e+14
4334.3355 1.0200e+14 1.0200e+14
4334.3467 1.0200e+14 1.0200e+14
4334.3579 1.0200e+14 1.0200e+14
4334.3690 1.0200e+14 1.0200e+14
4334.3802 1.0200e+14 1.0200e+14
4334.3914 1.0201e+14 1.0201e+14
4334.4026 1.0201e+14 1.0201e+14
4334.4138 1.0201e+14 1.0201e+14
4334.4249 1.0201e+14 1.0201e+14
4334.4361 1.0201e+14 1.0201e+14
4334.4473 1.0201e+14 1.0201e+14
4334.4585 1.0201e+14 1.0201e+14
4334.4696 1.0201e+14 1.0201e+14
4334.4808 1.0201e+14 1.0201e+14
4334.4920 1.0201e+14 1.0201e+14
4334.5032 1.0201e+14 1.0201e+14
4334.5144 1.0201e+14 1.0201e+14
4334.5255 1.0201e+14 1.0201e+14
4334.5367 1.0201e+14 1.0201e+14
4334.5479 1.0201e+14 1.0201e+14
4334.5591 1.0201e+14 1.0201e+14
4334.5702 1.0201e+14 1.0201e+14
4334.5814 1.0201e+14 1.0201e+14
4334.5926 1.0201e+14 1.0201e+14
4334.6038 1.0201e+14 1.0201e+14
4334.6150 1.0201e+14 1.0201e+14
4334.6261 1.0201e+14 1.0201e+14
4334.6373 1.0201e+14 1.0201e+14
4334.6485 1.0202e+14 1.0202e+14
4334.6597 1.0202e+14 1.0202e+14
4334.6708 1.0202e+14 1.0202e+14
4334.6820 1.0202e+14 1.0202e+14
4334.6932 1.0202e+14 1.0202e+14
4334.7044 1.0202e+14 1.0202e+14
4334.7156 1.0202e+14 1.0202e+14
4334.7267 1.0202e+14 1.0202e+14
4334.7379 1.0202e+14 1.0202e+14
4334.7491 1.0202e+14 1.0202e+14
4334.7603 1.0202e+14 1.0202e+14
4334.7714 1.0202e+14 1.0202e+14
4334.7826 1.0202e+14 1.0202e+14
4334.7938 1.0202e+14 1.0202e+14
4334.8050 1.0202e+14 1.0202e+14
4334.8162 1.0202e+14 1.0202e+14
4334.8273 1.0202e+14 1.0202e+14
4334.8385 1.0202e+14 1.0202e+14
4334.8497 1.0202e+14 1.0202e+14
4334.8609 1.0202e+14 1.0202e+14
4334.8720 1.0202e+14 1.0202e+14
4334.8832 1.0202e+14 1.0202e+14
4334.8944 1.0202e+14 1.0202e+14
4334.9056 1.0203e+14 1.0203e+14
4334.9168 1.0203e+14 1.0203e+14
4334.9279 1.0203e+14 1.0203e+14
4334.9391 1.0203e+14 1.0203e+14
4334.9503 1.0203e+14 1.0203e+14
4334.9615 1.0203e+14 1.0203e+14
4334.9726 1.0203e+14 1.0203e+14
4334.9838 1.0203e+14 1.0203e+14
4334.9950 1.0203e+14 1.0203e+14
4335.0062 1.0203e+14 1.0203e+14
4335.0174 1.0203e+14 1.0203e+14
4335.0285 1.0203e+14 1.0203e+14
4335.0397 1.0203e+14 1.0203e+14
4335.0509 1.0203e+14 1.0203e+14
4335.0621 1.0203e+14 1.0203e+14
4335.0732 1.0203e+14 1.0203e+14
4335.0844 1.0203e+14 1.0203e+14
4335.0956 1.0203e+14 1.0203e+14
4335.1068 1.0203e+14 1.0203e+14
4335.1180 1.0203e+14 1.0203e+14
4335.1291 1.0203e+14 1.0203e+14
4335.1403 1.0203e+14 1.0203e+14
4335.1515 1.0203e+14 1.0203e+14
4335.1627 1.0204e+14 1.0204e+14
4335.1738 1.0204e+14 1.0204e+14
4335.1850 1.0204e+14 1.0204e+14
4335.1962 1.0204e+14 1.0204e+14
4335.2074 1.0204e+14 1.0204e+14
4335.2186 1.0204e+14 1.0204e+14
4335.2297 1.0204e+14 1.0204e+14
4335.2409 1.0204e+14 1.0204e+14
4335.2521 1.0204e+14 1.0204e+14
4335.2633 1.0204e+14 1.0204e+14
4335.2744 1.0204e+14 1.0204e+14
4335.2856 1.0204e+14 1.0204e+14
4335.2968 1.0204e+14 1.0204e+14
4335.3080 1.0204e+14 1.0204e+14
4335.3192 1.0204e+14 1.0204e+14
4335.3303 1.0204e+14 1.0204e+14
4335.3415 1.0204e+14 1.0204e+14
4335.3527 1.0204e+14 1.0204e+14
4335.3639 1.0204e+14 1.0204e+14
4335.3750 1.0204e+14 1.0204e+14
4335.3862 1.0204e+14 1.0204e+14
4335.3974 1.0204e+14 1.0204e+14
4335.4086 1.0204e+14 1.0204e+14
4335.4197 1.0205e+14 1.0205e+14
4335.4309 1.0205e+14 1.0205e+14
4335.4421 1.0205e+14 1.0205e+14
4335.4533 1.0205e+14 1.0205e+14
4335.4645 1.0205e+14 1.0205e+14
4335.4756 1.0205e+14 1.0205e+14
4335.4868 1.0205e+14 1.0205e+14
4335.4980 1.0205e+14 1.0205e+14
4335.5092 1.0205e+14 1.0205e+14
4335.5203 1.0205e+14 1.0205e+14
4335.5315 1.0205e+14 1.0205e+14
4335.5427 1.0205e+14 1.0205e+14
4335.5539 1.0205e+14 1.0205e+14
4335.5651 1.0205e+14 1.0205e+14
4335.5762 1.0205e+14 1.0205e+14
4335.5874 1.0205e+14 1.0205e+14
4335.5986 1.0205e+14 1.0205e+14
4335.6098 1.0205e+14 1.0205e+14
4335.6209 1.0205e+14 1.0205e+14
4335.6321 1.0205e+14 1.0205e+14
4335.6433 1.0205e+14 1.0205e+14
4335.6545 1.0205e+14 1.0205e+14
4335.6657 1.0205e+14 1.0205e+14
4335.6768 1.0206e+14 1.0206e+14
4335.6880 1.0206e+14 1.0206e+14
4335.6992 1.0206e+14 1.0206e+14
4335.7104 1.0206e+14 1.0206e+14
4335.7215 1.0206e+14 1.0206e+14
4335.7327 1.0206e+14 1.0206e+14
4335.7439 1.0206e+14 1.0206e+14
4335.7551 1.0206e+14 1.0206e+14
4335.7663 1.0206e+14 1.0206e+14
4335.7774 1.0206e+14 1.0206e+14
4335.7886 1.0206e+14 1.0206e+14
4335.7998 1.0206e+14 1.0206e+14
4335.8110 1.0206e+14 1.0206e+14
4335.8221 1.0206e+14 1.0206e+14
4335.8333 1.0206e+14 1.0206e+14
4335.8445 1.0206e+14 1.0206e+14
4335.8557 1.0206e+14 1.0206e+14
4335.8669 1.0206e+14 1.0206e+14
4335.8780 1.0206e+14 1.0206e+14
4335.8892 1.0206e+14 1.0206e+14
4335.9004 1.0206e+14 1.0206e+14
4335.9116 1.0206e+14 1.0206e+14
4335.9227 1.0206e+14 1.0206e+14
4335.9339 1.0207e+14 1.0206e+14
4335.9451 1.0207e+14 1.0207e+14
4335.9563 1.0207e+14 1.0207e+14
4335.9675 1.0207e+14 1.0207e+14
4335.9786 1.0207e+14 1.0207e+14
4335.9898 1.0207e+14 1.0207e+14
4336.0010 1.0207e+14 1.0207e+14
4336.0122 1.0207e+14 1.0207e+14
4336.0233 1.0207e+14 1.0207e+14
4336.0345 1.0207e+14 1.0207e+14
4336.0457 1.0207e+14 1.0207e+14
4336.0569 1.0207e+14 1.0207e+14
4336.0681 1.0207e+14 1.0207e+14
4336.0792 1.0207e+14 1.0207e+14
4336.0904 1.0207e+14 1.0207e+14
4336.1016 1.0207e+14 1.0207e+14
4336.1128 1.0207e+14 1.0207e+14
4336.1239 1.0207e+14 1.0207e+14
4336.1351 1.0207e+14 1.0207e+14
4336.1463 1.0207e+14 1.0207e+14
4336.1575 1.0207e+14 1.0207e+14
4336.1687 1.0207e+14 1.0207e+14
4336.1798 1.0207e+14 1.0207e+14
4336.1910 1.0208e+14 1.0207e+14
4336.2022 1.0208e+14 1.0208e+14
4336.2134 1.0208e+14 1.0208e+14
4336.2245 1.0208e+14 1.0208e+14
4336.2357 1.0208e+14 1.0208e+14
4336.2469 1.0208e+14 1.0208e+14
4336.2581 1.0208e+14 1.0208e+14
4336.2693 1.0208e+14 1.0208e+14
4336.2804 1.0208e+14 1.0208e+14
4336.2916 1.0208e+14 1.0208e+14
4336.3028 1.0208e+14 1.0208e+14
4336.3140 1.0208e+14 1.0208e+14
4336.3251 1.0208e+14 1.0208e+14
4336.3363 1.0208e+14 1.0208e+14
4336.3475 1.0208e+14 1.0208e+14
4336.3587 1.0208e+14 1.0208e+14
4336.3699 1.0208e+14 1.0208e+14
4336.3810 1.0208e+14 1.0208e+14
4336.3922 1.0208e+14 1.0208e+14
4336.4034 1.0208e+14 1.0208e+14
4336.4146 1.0208e+14 1.0208e+14
4336.4257 1.0208e+14 1.0208e+14
4336.4369 1.0208e+14 1.0208e+14
4336.4481 1.0209e+14 1.0208e+14
4336.4593 1.0209e+14 1.0209e+14
4336.4705 1.0209e+14 1.0209e+14
4336.4816 1.0209e+14 1.0209e+14
4336.4928 1.0209e+14 1.0209e+14
4336.5040 1.0209e+14 1.0209e+14
4336.5152 1.0209e+14 1.0209e+14
4336.5263 1.0209e+14 1.0209e+14
4336.5375 1.0209e+14 1.0209e+14
4336.5487 1.0209e+14 1.0209e+14
4336.5599 1.0209e+14 1.0209e+14
4336.5710 1.0209e+14 1.0209e+14
4336.5822 1.0209e+14 1.0209e+14
4336.5934 1.0209e+14 1.0209e+14
4336.6046 1.0209e+14 1.0209e+14
4336.6158 1.0209e+14 1.0209e+14
4336.6269 1.0209e+14 1.0209e+14
4336.6381 1.0209e+14 1.0209e+14
4336.6493 1.0209e+14 1.0209e+14
4336.6605 1.0209e+14 1.0209e+14
4336.6716 1.0209e+14 1.0209e+14
4336.6828 1.0209e+14 1.0209e+14
4336.6940 1.0209e+14 1.0209e+14
4336.7052 1.0210e+14 1.0209e+14
4336.7164 1.0210e+14 1.0210e+14
4336.7275 1.0210e+14 1.0210e+14
4336.7387 1.0210e+14 1.0210e+14
4336.7499 1.0210e+14 1.0210e+14
4336.7611 1.0210e+14 1.0210e+14
4336.7722 1.0210e+14 1.0210e+14
4336.7834 1.0210e+14 1.0210e+14
4336.7946 1.0210e+14 1.0210e+14
4336.8058 1.0210e+14 1.0210e+14
4336.8170 1.0210e+14 1.0210e+14
4336.8281 1.0210e+14 1.0210e+14
4336.8393 1.0210e+14 1.0210e+14
4336.8505 1.0210e+14 1.0210e+14
4336.8617 1.0210e+14 1.0210e+14
4336.8728 1.0210e+14 1.0210e+14
4336.8840 1.0210e+14 1.0210e+14
4336.8952 1.0210e+14 1.0210e+14
4336.9064 1.0210e+14 1.0210e+14
4336.9176 1.0210e+14 1.0210e+14
4336.9287 1.0210e+14 1.0210e+14
4336.9399 1.0210e+14 1.0210e+14
4336.9511 1.0210e+14 1.0210e+14
4336.9623 1.0210e+14 1.0210e+14
4336.9734 1.0211e+14 1.0211e+14
4336.9846 1.0211e+14 1.0211e+14
4336.9958 1.0211e+14 1.0211e+14
4337.0070 1.0211e+14 1.0211e+14
4337.0182 1.0211e+14 1.0211e+14
4337.0293 1.0211e+14 1.0211e+14
4337.0405 1.0211e+14 1.0211e+14
4337.0517 1.0211e+14 1.0211e+14
4337.0629 1.0211e+14 1.0211e+14
4337.0740 1.0211e+14 1.0211e+14
4337.0852 1.0211e+14 1.0211e+14
4337.0964 1.0211e+14 1.0211e+14
4337.1076 1.0211e+14 1.0211e+14
4337.1188 1.0211e+14 1.0211e+14
4337.1299 1.0211e+14 1.0211e+14
4337.1411 1.0211e+14 1.0211e+14
4337.1523 1.0211e+14 1.0211e+14
4337.1635 1.0211e+14 1.0211e+14
4337.1746 1.0211e+14 1.0211e+14
4337.1858 1.0211e+14 1.0211e+14
4337.1970 1.0211e+14 1.0211e+14
4337.2082 1.0211e+14 1.0211e+14
4337.2194 1.0211e+14 1.0211e+14
4337.2305 1.0212e+14 1.0212e+14
4337.2417 1.0212e+14 1.0212e+14
4337.2529 1.0212e+14 1.0212e+14
4337.2641 1.0212e+14 1.0212e+14
4337.2752 1.0212e+14 1.0212e+14
4337.2864 1.0212e+14 1.0212e+14
4337.2976 1.0212e+14 1.0212e+14
4337.3088 1.0212e+14 1.0212e+14
4337.3200 1.0212e+14 1.0212e+14
4337.3311 1.0212e+14 1.0212e+14
4337.3423 1.0212e+14 1.0212e+14
4337.3535 1.0212e+14 1.0212e+14
4337.3647 1.0212e+14 1.0212e+14
4337.3758 1.0212e+14 1.0212e+14
4337.3870 1.0212e+14 1.0212e+14
4337.3982 1.0212e+14 1.0212e+14
4337.4094 1.0212e+14 1.0212e+14
4337.4206 1.0212e+14 1.0212e+14
4337.4317 1.0212e+14 1.0212e+14
4337.4429 1.0212e+14 1.0212e+14
4337.4541 1.0212e+14 1.0212e+14
4337.4653 1.0212e+14 1.0212e+14
4337.4764 1.0212e+14 1.0212e+14
4337.4876 1.0213e+14 1.0213e+14
4337.4988 1.0213e+14 1.0213e+14
4337.5100 1.0213e+14 1.0213e+14
4337.5212 1.0213e+14 1.0213e+14
4337.5323 1.0213e+14 1.0213e+14
4337.5435 1.0213e+14 1.0213e+14
4337.5547 1.0213e+14 1.0213e+14
4337.5659 1.0213e+14 1.0213e+14
4337.5770 1.0213e+14 1.0213e+14
4337.5882 1.0213e+14 1.0213e+14
4337.5994 1.0213e+14 1.0213e+14
4337.6106 1.0213e+14 1.0213e+14
4337.6218 1.0213e+14 1.0213e+14
4337.6329 1.0213e+14 1.0213e+14
4337.6441 1.0213e+14 1.0213e+14
4337.6553 1.0213e+14 1.0213e+14
4337.6665 1.0213e+14 1.0213e+14
4337.6776 1.0213e+14 1.0213e+14
4337.6888 1.0213e+14 1.0213e+14
4337.7000 1.0213e+14 1.0213e+14
4337.7112 1.0213e+14 1.0213e+14
4337.7223 1.0213e+14 1.0213e+14
4337.7335 1.0213e+14 1.0213e+14
4337.7447 1.0214e+14 1.0214e+14
4337.7559 1.0214e+14 1.0214e+14
4337.7671 1.0214e+14 1.0214e+14
4337.7782 1.0214e+14 1.0214e+14
4337.7894 1.0214e+14 1.0214e+14
4337.8006 1.0214e+14 1.0214e+14
4337.8118 1.0214e+14 1.0214e+14
4337.8229 1.0214e+14 1.0214e+14
4337.8341 1.0214e+14 1.0214e+14
4337.8453 1.0214e+14 1.0214e+14
4337.8565 1.0214e+14 1.0214e+14
4337.8677 1.0214e+14 1.0214e+14
4337.8788 1.0214e+14 1.0214e+14
4337.8900 1.0214e+14 1.0214e+14
4337.9012 1.0214e+14 1.0214e+14
4337.9124 1.0214e+14 1.0214e+14
4337.9235 1.0214e+14 1.0214e+14
4337.9347 1.0214e+14 1.0214e+14
4337.9459 1.0214e+14 1.0214e+14
4337.9571 1.0214e+14 1.0214e+14
4337.9683 1.0214e+14 1.0214e+14
4337.9794 1.0214e+14 1.0214e+14
4337.9906 1.0214e+14 1.0214e+14
4338.0018 1.0215e+14 1.0214e+14
4338.0130 1.0215e+14 1.0215e+14
4338.0241 1.0215e+14 1.0215e+14
4338.0353 1.0215e+14 1.0215e+14
4338.0465 1.0215e+14 1.0215e+14
4338.0577 1.0215e+14 1.0215e+14
4338.0689 1.0215e+14 1.0215e+14
4338.0800 1.0215e+14 1.0215e+14
4338.0912 1.0215e+14 1.0215e+14
4338.1024 1.0215e+14 1.0215e+14
4338.1136 1.0215e+14 1.0215e+14
4338.1247 1.0215e+14 1.0215e+14
4338.1359 1.0215e+14 1.0215e+14
4338.1471 1.0215e+14 1.0215e+14
4338.1583 1.0215e+14 1.0215e+14
4338.1695 1.0215e+14 1.0215e+14
4338.1806 1.0215e+14 1.0215e+14
4338.1918 1.0215e+14 1.0215e+14
4338.2030 1.0215e+14 1.0215e+14
4338.2142 1.0215e+14 1.0215e+14
4338.2253 1.0215e+14 1.0215e+14
4338.2365 1.0215e+14 1.0215e+14
4338.2477 1.0215e+14 1.0215e+14
4338.2589 1.0216e+14 1.0215e+14
4338.2701 1.0216e+14 1.0216e+14
4338.2812 1.0216e+14 1.0216e+14
4338.2924 1.0216e+14 1.0216e+14
4338.3036 1.0216e+14 1.0216e+14
4338.3148 1.0216e+14 1.0216e+14
4338.3259 1.0216e+14 1.0216e+14
4338.3371 1.0216e+14 1.0216e+14
4338.3483 1.0216e+14 1.0216e+14
4338.3595 1.0216e+14 1.0216e+14
4338.3707 1.0216e+14 1.0216e+14
4338.3818 1.0216e+14 1.0216e+14
4338.3930 1.0216e+14 1.0216e+14
4338.4042 1.0216e+14 1.0216e+14
4338.4154 1.0216e+14 1.0216e+14
4338.4265 1.0216e+14 1.0216e+14
4338.4377 1.0216e+14 1.0216e+14
4338.4489 1.0216e+14 1.0216e+14
4338.4601 1.0216e+14 1.0216e+14
4338.4713 1.0216e+14 1.0216e+14
4338.4824 1.0216e+14 1.0216e+14
4338.4936 1.0216e+14 1.0216e+14
4338.5048 1.0216e+14 1.0216e+14
4338.5160 1.0217e+14 1.0216e+14
4338.5271 1.0217e+14 1.0217e+14
4338.5383 1.0217e+14 1.0217e+14
4338.5495 1.0217e+14 1.0217e+14
4338.5607 1.0217e+14 1.0217e+14
4338.5719 1.0217e+14 1.0217e+14
4338.5830 1.0217e+14 1.0217e+14
4338.5942 1.0217e+14 1.0217e+14
4338.6054 1.0217e+14 1.0217e+14
4338.6166 1.0217e+14 1.0217e+14
4338.6277 1.0217e+14 1.0217e+14
4338.6389 1.0217e+14 1.0217e+14
4338.6501 1.0217e+14 1.0217e+14
4338.6613 1.0217e+14 1.0217e+14
4338.6725 1.0217e+14 1.0217e+14
4338.6836 1.0217e+14 1.0217e+14
4338.6948 1.0217e+14 1.0217e+14
4338.7060 1.0217e+14 1.0217e+14
4338.7172 1.0217e+14 1.0217e+14
4338.7283 1.0217e+14 1.0217e+14
4338.7395 1.0217e+14 1.0217e+14
4338.7507 1.0217e+14 1.0217e+14
4338.7619 1.0217e+14 1.0217e+14
4338.7731 1.0218e+14 1.0217e+14
4338.7842 1.0218e+14 1.0218e+14
4338.7954 1.0218e+14 1.0218e+14
4338.8066 1.0218e+14 1.0218e+14
4338.8178 1.0218e+14 1.0218e+14
4338.8289 1.0218e+14 1.0218e+14
4338.8401 1.0218e+14 1.0218e+14
4338.8513 1.0218e+14 1.0218e+14
4338.8625 1.0218e+14 1.0218e+14
4338.8736 1.0218e+14 1.0218e+14
4338.8848 1.0218e+14 1.0218e+14
4338.8960 1.0218e+14 1.0218e+14
4338.9072 1.0218e+14 1.0218e+14
4338.9184 1.0218e+14 1.0218e+14
4338.9295 1.0218e+14 1.0218e+14
4338.9407 1.0218e+14 1.0218e+14
4338.9519 1.0218e+14 1.0218e+14
4338.9631 1.0218e+14 1.0218e+14
4338.9742 1.0218e+14 1.0218e+14
4338.9854 1.0218e+14 1.0218e+14
4338.9966 1.0218e+14 1.0218e+14
4339.0078 1.0218e+14 1.0218e+14
4339.0190 1.0218e+14 1.0218e+14
4339.0301 1.0218e+14 1.0218e+14
4339.0413 1.0219e+14 1.0219e+14
4339.0525 1.0219e+14 1.0219e+14
4339.0637 1.0219e+14 1.0219e+14
4339.0748 1.0219e+14 1.0219e+14
4339.0860 1.0219e+14 1.0219e+14
4339.0972 1.0219e+14 1.0219e+14
4339.1084 1.0219e+14 1.0219e+14
4339.1196 1.0219e+14 1.0219e+14
4339.1307 1.0219e+14 1.0219e+14
4339.1419 1.0219e+14 1.0219e+14
4339.1531 1.0219e+14 1.0219e+14
4339.1643 1.0219e+14 1.0219e+14
4339.1754 1.0219e+14 1.0219e+14
4339.1866 1.0219e+14 1.0219e+14
4339.1978 1.0219e+14 1.0219e+14
4339.2090 1.0219e+14 1.0219e+14
4339.2202 1.0219e+14 1.0219e+14
4339.2313 1.0219e+14 1.0219e+14
4339.2425 1.0219e+14 1.0219e+14
4339.2537 1.0219e+14 1.0219e+14
4339.2649 1.0219e+14 1.0219e+14
4339.2760 1.0219e+14 1.0219e+14
4339.2872 1.0219e+14 1.0219e+14
4339.2984 1.0220e+14 1.0220e+14
4339.3096 1.0220e+14 1.0220e+14
4339.3208 1.0220e+14 1.0220e+14
4339.3319 1.0220e+14 1.0220e+14
4339.3431 1.0220e+14 1.0220e+14
4339.3543 1.0220e+14 1.0220e+14
4339.3655 1.0220e+14 1.0220e+14
4339.3766 1.0220e+14 1.0220e+14
4339.3878 1.0220e+14 1.0220e+14
4339.3990 1.0220e+14 1.0220e+14
4339.4102 1.0220e+14 1.0220e+14
4339.4214 1.0220e+14 1.0220e+14
4339.4325 1.0220e+14 1.0220e+14
4339.4437 1.0220e+14 1.0220e+14
4339.4549 1.0220e+14 1.0220e+14
4339.4661 1.0220e+14 1.0220e+14
4339.4772 1.0220e+14 1.0220e+14
4339.4884 1.0220e+14 1.0220e+14
4339.4996 1.0220e+14 1.0220e+14
4339.5108 1.0220e+14 1.0220e+14
4339.5220 1.0220e+14 1.0220e+14
4339.5331 1.0220e+14 1.0220e+14
4339.5443 1.0220e+14 1.0220e+14
4339.5555 1.0221e+14 1.0221e+14
4339.5667 1.0221e+14 1.0221e+14
4339.5778 1.0221e+14 1.0221e+14
4339.5890 1.0221e+14 1.0221e+14
4339.6002 1.0221e+14 1.0221e+14
4339.6114 1.0221e+14 1.0221e+14
4339.6226 1.0221e+14 1.0221e+14
4339.6337 1.0221e+14 1.0221e+14
4339.6449 1.0221e+14 1.0221e+14
4339.6561 1.0221e+14 1.0221e+14
4339.6673 1.0221e+14 1.0221e+14
4339.6784 1.0221e+14 1.0221e+14
4339.6896 1.0221e+14 1.0221e+14
4339.7008 1.0221e+14 1.0221e+14
4339.7120 1.0221e+14 1.0221e+14
4339.7232 1.0221e+14 1.0221e+14
4339.7343 1.0221e+14 1.0221e+14
4339.7455 1.0221e+14 1.0221e+14
4339.7567 1.0221e+14 1.0221e+14
4339.7679 1.0221e+14 1.0221e+14
4339.7790 1.0221e+14 1.0221e+14
4339.7902 1.0221e+14 1.0221e+14
4339.8014 1.0221e+14 1.0221e+14
4339.8126 1.0222e+14 1.0221e+14
4339.8238 1.0222e+14 1.0222e+14
4339.8349 1.0222e+14 1.0222e+14
4339.8461 1.0222e+14 1.0222e+14
4339.8573 1.0222e+14 1.0222e+14
4339.8685 1.0222e+14 1.0222e+14
4339.8796 1.0222e+14 1.0222e+14
4339.8908 1.0222e+14 1.0222e+14
4339.9020 1.0222e+14 1.0222e+14
4339.9132 1.0222e+14 1.0222e+14
4339.9244 1.0222e+14 1.0222e+14
4339.9355 1.0222e+14 1.0222e+14
4339.9467 1.0222e+14 1.0222e+14
4339.9579 1.0222e+14 1.0222e+14
4339.9691 1.0222e+14 1.0222e+14
4339.9802 1.0222e+14 1.0222e+14
4339.9914 1.0222e+14 1.0222e+14
4340.0026 1.0222e+14 1.0222e+14
4340.0138 1.0222e+14 1.0222e+14
4340.0249 1.0222e+14 1.0222e+14
4340.0361 1.0222e+14 1.0222e+14
4340.0473 1.0222e+14 1.0222e+14
4340.0585 1.0222e+14 1.0222e+14
4340.0697 1.0223e+14 1.0222e+14
4340.0808 1.0223e+14 1.0223e+14
4340.0920 1.0223e+14 1.0223e+14
4340.1032 1.0223e+14 1.0223e+14
4340.1144 1.0223e+14 1.0223e+14
4340.1255 1.0223e+14 1.0223e+14
4340.1367 1.0223e+14 1.0223e+14
4340.1479 1.0223e+14 1.0223e+14
4340.1591 1.0223e+14 1.0223e+14
4340.1703 1.0223e+14 1.0223e+14
4340.1814 1.0223e+14 1.0223e+14
4340.1926 1.0223e+14 1.0223e+14
4340.2038 1.0223e+14 1.0223e+14
4340.2150 1.0223e+14 1.0223e+14
4340.2261 1.0223e+14 1.0223e+14
4340.2373 1.0223e+14 1.0223e+14
4340.2485 1.0223e+14 1.0223e+14
4340.2597 1.0223e+14 1.0223e+14
4340.2709 1.0223e+14 1.0223e+14
4340.2820 1.0223e+14 1.0223e+14
4340.2932 1.0223e+14 1.0223e+14
4340.3044 1.0223e+14 1.0223e+14
4340.3156 1.0223e+14 1.0223e+14
4340.3267 1.0224e+14 1.0223e+14
4340.3379 1.0224e+14 1.0224e+14
4340.3491 1.0224e+14 1.0224e+14
4340.3603 1.0224e+14 1.0224e+14
4340.3715 1.0224e+14 1.0224e+14
4340.3826 1.0224e+14 1.0224e+14
4340.3938 1.0224e+14 1.0224e+14
4340.4050 1.0224e+14 1.0224e+14
4340.4162 1.0224e+14 1.0224e+14
4340.4273 1.0224e+14 1.0224e+14
4340.4385 1.0224e+14 1.0224e+14
4340.4497 1.0224e+14 1.0224e+14
4340.4609 1.0224e+14 1.0224e+14
4340.4721 1.0224e+14 1.0224e+14
4340.4832 1.0224e+14 1.0224e+14
4340.4944 1.0224e+14 1.0224e+14
4340.5056 1.0224e+14 1.0224e+14
4340.5168 1.0224e+14 1.0224e+14
4340.5279 1.0224e+14 1.0224e+14
4340.5391 1.0224e+14 1.0224e+14
4340.5503 1.0224e+14 1.0224e+14
4340.5615 1.0224e+14 1.0224e+14
4340.5727 1.0224e+14 1.0224e+14
4340.5838 1.0224e+14 1.0224e+14
4340.5950 1.0225e+14 1.0225e+14
4340.6062 1.0225e+14 1.0225e+14
4340.6174 1.0225e+14 1.0225e+14
4340.6285 1.0225e+14 1.0225e+14
4340.6397 1.0225e+14 1.0225e+14
4340.6509 1.0225e+14 1.0225e+14
4340.6621 1.0225e+14 1.0225e+14
4340.6733 1.0225e+14 1.0225e+14
4340.6844 1.0225e+14 1.0225e+14
4340.6956 1.0225e+14 1.0225e+14
4340.7068 1.0225e+14 1.0225e+14
4340.7180 1.0225e+14 1.0225e+14
4340.7291 1.0225e+14 1.0225e+14
4340.7403 1.0225e+14 1.0225e+14
4340.7515 1.0225e+14 1.0225e+14
4340.7627 1.0225e+14 1.0225e+14
4340.7739 1.0225e+14 1.0225e+14
4340.7850 1.0225e+14 1.0225e+14
4340.7962 1.0225e+14 1.0225e+14
4340.8074 1.0225e+14 1.0225e+14
4340.8186 1.0225e+14 1.0225e+14
4340.8297 1.0225e+14 1.0225e+14
4340.8409 1.0225e+14 1.0225e+14
4340.8521 1.0226e+14 1.0226e+14
4340.8633 1.0226e+14 1.0226e+14
4340.8745 1.0226e+14 1.0226e+14
4340.8856 1.0226e+14 1.0226e+14
4340.8968 1.0226e+14 1.0226e+14
4340.9080 1.0226e+14 1.0226e+14
4340.9192 1.0226e+14 1.0226e+14
4340.9303 1.0226e+14 1.0226e+14
4340.9415 1.0226e+14 1.0226e+14
4340.9527 1.0226e+14 1.0226e+14
4340.9639 1.0226e+14 1.0226e+14
4340.9751 1.0226e+14 1.0226e+14
4340.9862 1.0226e+14 1.0226e+14
4340.9974 1.0226e+14 1.0226e+14
4341.0086 1.0226e+14 1.0226e+14
4341.0198 1.0226e+14 1.0226e+14
4341.0309 1.0226e+14 1.0226e+14
4341.0421 1.0226e+14 1.0226e+14
4341.0533 1.0226e+14 1.0226e+14
4341.0645 1.0226e+14 1.0226e+14
4341.0756 1.0226e+14 1.0226e+14
4341.0868 1.0226e+14 1.0226e+14
4341.0980 1.0226e+14 1.0226e+14
4341.1092 1.0227e+14 1.0226e+14
4341.1204 1.0227e+14 1.0227e+14
4341.1315 1.0227e+14 1.0227e+14
4341.1427 1.0227e+14 1.0227e+14
4341.1539 1.0227e+14 1.0227e+14
4341.1651 1.0227e+14 1.0227e+14
4341.1762 1.0227e+14 1.0227e+14
4341.1874 1.0227e+14 1.0227e+14
4341.1986 1.0227e+14 1.0227e+14
4341.2098 1.0227e+14 1.0227e+14
4341.2210 1.0227e+14 1.0227e+14
4341.2321 1.0227e+14 1.0227e+14
4341.2433 1.0227e+14 1.0227e+14
4341.2545 1.0227e+14 1.0227e+14
4341.2657 1.0227e+14 1.0227e+14
4341.2768 1.0227e+14 1.0227e+14
4341.2880 1.0227e+14 1.0227e+14
4341.2992 1.0227e+14 1.0227e+14
4341.3104 1.0227e+14 1.0227e+14
4341.3216 1.0227e+14 1.0227e+14
4341.3327 1.0227e+14 1.0227e+14
4341.3439 1.0227e+14 1.0227e+14
4341.3551 1.0227e+14 1.0227e+14
4341.3663 1.0228e+14 1.0227e+14
4341.3774 1.0228e+14 1.0228e+14
4341.3886 1.0228e+14 1.0228e+14
4341.3998 1.0228e+14 1.0228e+14
4341.4110 1.0228e+14 1.0228e+14
4341.4222 1.0228e+14 1.0228e+14
4341.4333 1.0228e+14 1.0228e+14
4341.4445 1.0228e+14 1.0228e+14
4341.4557 1.0228e+14 1.0228e+14
4341.4669 1.0228e+14 1.0228e+14
4341.4780 1.0228e+14 1.0228e+14
4341.4892 1.0228e+14 1.0228e+14
4341.5004 1.0228e+14 1.0228e+14
4341.5116 1.0228e+14 1.0228e+14
4341.5228 1.0228e+14 1.0228e+14
4341.5339 1.0228e+14 1.0228e+14
4341.5451 1.0228e+14 1.0228e+14
4341.5563 1.0228e+14 1.0228e+14
4341.5675 1.0228e+14 1.0228e+14
4341.5786 1.0228e+14 1.0228e+14
4341.5898 1.0228e+14 1.0228e+14
4341.6010 1.0228e+14 1.0228e+14
4341.6122 1.0228e+14 1.0228e+14
4341.6234 1.0229e+14 1.0228e+14
4341.6345 1.0229e+14 1.0229e+14
4341.6457 1.0229e+14 1.0229e+14
4341.6569 1.0229e+14 1.0229e+14
4341.6681 1.0229e+14 1.0229e+14
4341.6792 1.0229e+14 1.0229e+14
4341.6904 1.0229e+14 1.0229e+14
4341.7016 1.0229e+14 1.0229e+14
4341.7128 1.0229e+14 1.0229e+14
4341.7240 1.0229e+14 1.0229e+14
4341.7351 1.0229e+14 1.0229e+14
4341.7463 1.0229e+14 1.0229e+14
4341.7575 1.0229e+14 1.0229e+14
4341.7687 1.0229e+14 1.0229e+14
4341.7798 1.0229e+14 1.0229e+14
4341.7910 1.0229e+14 1.0229e+14
4341.8022 1.0229e+14 1.0229e+14
4341.8134 1.0229e+14 1.0229e+14
4341.8246 1.0229e+14 1.0229e+14
4341.8357 1.0229e+14 1.0229e+14
4341.8469 1.0229e+14 1.0229e+14
4341.8581 1.0229e+14 1.0229e+14
4341.8693 1.0229e+14 1.0229e+14
4341.8804 1.0229e+14 1.0229e+14
4341.8916 1.0230e+14 1.0230e+14
4341.9028 1.0230e+14 1.0230e+14
4341.9140 1.0230e+14 1.0230e+14
4341.9252 1.0230e+14 1.0230e+14
4341.9363 1.0230e+14 1.0230e+14
4341.9475 1.0230e+14 1.0230e+14
4341.9587 1.0230e+14 1.0230e+14
4341.9699 1.0230e+14 1.0230e+14
4341.9810 1.0230e+14 1.0230e+14
4341.9922 1.0230e+14 1.0230e+14
4342.0034 1.0230e+14 1.0230e+14
4342.0146 1.0230e+14 1.0230e+14
4342.0258 1.0230e+14 1.0230e+14
4342.0369 1.0230e+14 1.0230e+14
4342.0481 1.0230e+14 1.0230e+14
4342.0593 1.0230e+14 1.0230e+14
4342.0705 1.0230e+14 1.0230e+14
4342.0816 1.0230e+14 1.0230e+14
4342.0928 1.0230e+14 1.0230e+14
4342.1040 1.0230e+14 1.0230e+14
4342.1152 1.0230e+14 1.0230e+14
4342.1264 1.0230e+14 1.0230e+14
4342.1375 1.0230e+14 1.0230e+14
4342.1487 1.0231e+14 1.0231e+14
4342.1599 1.0231e+14 1.0231e+14
4342.1711 1.0231e+14 1.0231e+14
4342.1822 1.0231e+14 1.0231e+14
4342.1934 1.0231e+14 1.0231e+14
4342.2046 1.0231e+14 1.0231e+14
4342.2158 1.0231e+14 1.0231e+14
4342.2269 1.0231e+14 1.0231e+14
4342.2381 1.0231e+14 1.0231e+14
4342.2493 1.0231e+14 1.0231e+14
4342.2605 1.0231e+14 1.0231e+14
4342.2717 1.0231e+14 1.0231e+14
4342.2828 1.0231e+14 1.0231e+14
4342.2940 1.0231e+14 1.0231e+14
4342.3052 1.0231e+14 1.0231e+14
4342.3164 1.0231e+14 1.0231e+14
4342.3275 1.0231e+14 1.0231e+14
4342.3387 1.0231e+14 1.0231e+14
4342.3499 1.0231e+14 1.0231e+14
4342.3611 1.0231e+14 1.0231e+14
4342.3723 1.0231e+14 1.0231e+14
4342.3834 1.0231e+14 1.0231e+14
4342.3946 1.0231e+14 1.0231e+14
4342.4058 1.0232e+14 1.0231e+14
4342.4170 1.0232e+14 1.0232e+14
4342.4281 1.0232e+14 1.0232e+14
4342.4393 1.0232e+14 1.0232e+14
4342.4505 1.0232e+14 1.0232e+14
4342.4617 1.0232e+14 1.0232e+14
4342.4729 1.0232e+14 1.0232e+14
4342.4840 1.0232e+14 1.0232e+14
4342.4952 1.0232e+14 1.0232e+14
4342.5064 1.0232e+14 1.0232e+14
4342.5176 1.0232e+14 1.0232e+14
4342.5287 1.0232e+14 1.0232e+14
4342.5399 1.0232e+14 1.0232e+14
4342.5511 1.0232e+14 1.0232e+14
4342.5623 1.0232e+14 1.0232e+14
4342.5735 1.0232e+14 1.0232e+14
4342.5846 1.0232e+14 1.0232e+14
4342.5958 1.0232e+14 1.0232e+14
4342.6070 1.0232e+14 1.0232e+14
4342.6182 1.0232e+14 1.0232e+14
4342.6293 1.0232e+14 1.0232e+14
4342.6405 1.0232e+14 1.0232e+14
4342.6517 1.0232e+14 1.0232e+14
4342.6629 1.0233e+14 1.0232e+14
4342.6741 1.0233e+14 1.0233e+14
4342.6852 1.0233e+14 1.0233e+14
4342.6964 1.0233e+14 1.0233e+14
4342.7076 1.0233e+14 1.0233e+14
4342.7188 1.0233e+14 1.0233e+14
4342.7299 1.0233e+14 1.0233e+14
4342.7411 1.0233e+14 1.0233e+14
4342.7523 1.0233e+14 1.0233e+14
4342.7635 1.0233e+14 1.0233e+14
4342.7747 1.0233e+14 1.0233e+14
4342.7858 1.0233e+14 1.0233e+14
4342.7970 1.0233e+14 1.0233e+14
4342.8082 1.0233e+14 1.0233e+14
4342.8194 1.0233e+14 1.0233e+14
4342.8305 1.0233e+14 1.0233e+14
4342.8417 1.0233e+14 1.0233e+14
4342.8529 1.0233e+14 1.0233e+14
4342.8641 1.0233e+14 1.0233e+14
4342.8753 1.0233e+14 1.0233e+14
4342.8864 1.0233e+14 1.0233e+14
4342.8976 1.0233e+14 1.0233e+14
4342.9088 1.0233e+14 1.0233e+14
4342.9200 1.0233e+14 1.0233e+14
4342.9311 1.0234e+14 1.0234e+14
4342.9423 1.0234e+14 1.0234e+14
4342.9535 1.0234e+14 1.0234e+14
4342.9647 1.0234e+14 1.0234e+14
4342.9759 1.0234e+14 1.0234e+14
4342.9870 1.0234e+14 1.0234e+14
4342.9982 1.0234e+14 1.0234e+14
4343.0094 1.0234e+14 1.0234e+14
4343.0206 1.0234e+14 1.0234e+14
4343.0317 1.0234e+14 1.0234e+14
4343.0429 1.0234e+14 1.0234e+14
4343.0541 1.0234e+14 1.0234e+14
4343.0653 1.0234e+14 1.0234e+14
4343.0765 1.0234e+14 1.0234e+14
4343.0876 1.0234e+14 1.0234e+14
4343.0988 1.0234e+14 1.0234e+14
4343.1100 1.0234e+14 1.0234e+14
4343.1212 1.0234e+14 1.0234e+14
4343.1323 1.0234e+14 1.0234e+14
4343.1435 1.0234e+14 1.0234e+14
4343.1547 1.0234e+14 1.0234e+14
4343.1659 1.0234e+14 1.0234e+14
4343.1771 1.0234e+14 1.0234e+14
4343.1882 1.0235e+14 1.0235e+14
4343.1994 1.0235e+14 1.0235e+14
4343.2106 1.0235e+14 1.0235e+14
4343.2218 1.0235e+14 1.0235e+14
4343.2329 1.0235e+14 1.0235e+14
4343.2441 1.0235e+14 1.0235e+14
4343.2553 1.0235e+14 1.0235e+14
4343.2665 1.0235e+14 1.0235e+14
4343.2777 1.0235e+14 1.0235e+14
4343.2888 1.0235e+14 1.0235e+14
4343.3000 1.0235e+14 1.0235e+14
4343.3112 1.0235e+14 1.0235e+14
4343.3224 1.0235e+14 1.0235e+14
4343.3335 1.0235e+14 1.0235e+14
4343.3447 1.0235e+14 1.0235e+14
4343.3559 1.0235e+14 1.0235e+14
4343.3671 1.0235e+14 1.0235e+14
4343.3782 1.0235e+14 1.0235e+14
4343.3894 1.0235e+14 1.0235e+14
4343.4006 1.0235e+14 1.0235e+14
4343.4118 1.0235e+14 1.0235e+14
4343.4230 1.0235e+14 1.0235e+14
4343.4341 1.0235e+14 1.0235e+14
4343.4453 1.0236e+14 1.0236e+14
4343.4565 1.0236e+14 1.0236e+14
4343.4677 1.0236e+14 1.0236e+14
4343.4788 1.0236e+14 1.0236e+14
4343.4900 1.0236e+14 1.0236e+14
4343.5012 1.0236e+14 1.0236e+14
4343.5124 1.0236e+14 1.0236e+14
4343.5236 1.0236e+14 1.0236e+14
4343.5347 1.0236e+14 1.0236e+14
4343.5459 1.0236e+14 1.0236e+14
4343.5571 1.0236e+14 1.0236e+14
4343.5683 1.0236e+14 1.0236e+14
4343.5794 1.0236e+14 1.0236e+14
4343.5906 1.0236e+14 1.0236e+14
4343.6018 1.0236e+14 1.0236e+14
4343.6130 1.0236e+14 1.0236e+14
4343.6242 1.0236e+14 1.0236e+14
4343.6353 1.0236e+14 1.0236e+14
4343.6465 1.0236e+14 1.0236e+14
4343.6577 1.0236e+14 1.0236e+14
4343.6689 1.0236e+14 1.0236e+14
4343.6800 1.0236e+14 1.0236e+14
4343.6912 1.0236e+14 1.0236e+14
4343.7024 1.0237e+14 1.0236e+14
4343.7136 1.0237e+14 1.0237e+14
4343.7248 1.0237e+14 1.0237e+14
4343.7359 1.0237e+14 1.0237e+14
4343.7471 1.0237e+14 1.0237e+14
4343.7583 1.0237e+14 1.0237e+14
4343.7695 1.0237e+14 1.0237e+14
4343.7806 1.0237e+14 1.0237e+14
4343.7918 1.0237e+14 1.0237e+14
4343.8030 1.0237e+14 1.0237e+14
4343.8142 1.0237e+14 1.0237e+14
4343.8254 1.0237e+14 1.0237e+14
4343.8365 1.0237e+14 1.0237e+14
4343.8477 1.0237e+14 1.0237e+14
4343.8589 1.0237e+14 1.0237e+14
4343.8701 1.0237e+14 1.0237e+14
4343.8812 1.0237e+14 1.0237e+14
4343.8924 1.0237e+14 1.0237e+14
4343.9036 1.0237e+14 1.0237e+14
4343.9148 1.0237e+14 1.0237e+14
4343.9260 1.0237e+14 1.0237e+14
4343.9371 1.0237e+14 1.0237e+14
4343.9483 1.0237e+14 1.0237e+14
4343.9595 1.0238e+14 1.0237e+14
4343.9707 1.0238e+14 1.0238e+14
4343.9818 1.0238e+14 1.0238e+14
4343.9930 1.0238e+14 1.0238e+14
4344.0042 1.0238e+14 1.0238e+14
4344.0154 1.0238e+14 1.0238e+14
4344.0266 1.0238e+14 1.0238e+14
4344.0377 1.0238e+14 1.0238e+14
4344.0489 1.0238e+14 1.0238e+14
4344.0601 1.0238e+14 1.0238e+14
4344.0713 1.0238e+14 1.0238e+14
4344.0824 1.0238e+14 1.0238e+14
4344.0936 1.0238e+14 1.0238e+14
4344.1048 1.0238e+14 1.0238e+14
4344.1160 1.0238e+14 1.0238e+14
4344.1272 1.0238e+14 1.0238e+14
4344.1383 1.0238e+14 1.0238e+14
4344.1495 1.0238e+14 1.0238e+14
4344.1607 1.0238e+14 1.0238e+14
4344.1719 1.0238e+14 1.0238e+14
4344.1830 1.0238e+14 1.0238e+14
4344.1942 1.0238e+14 1.0238e+14
4344.2054 1.0238e+14 1.0238e+14
4344.2166 1.0238e+14 1.0238e+14
4344.2278 1.0239e+14 1.0239e+14
4344.2389 1.0239e+14 1.0239e+14
4344.2501 1.0239e+14 1.0239e+14
4344.2613 1.0239e+14 1.0239e+14
4344.2725 1.0239e+14 1.0239e+14
4344.2836 1.0239e+14 1.0239e+14
4344.2948 1.0239e+14 1.0239e+14
4344.3060 1.0239e+14 1.0239e+14
4344.3172 1.0239e+14 1.0239e+14
4344.3284 1.0239e+14 1.0239e+14
4344.3395 1.0239e+14 1.0239e+14
4344.3507 1.0239e+14 1.0239e+14
4344.3619 1.0239e+14 1.0239e+14
4344.3731 1.0239e+14 1.0239e+14
4344.3842 1.0239e+14 1.0239e+14
4344.3954 1.0239e+14 1.0239e+14
4344.4066 1.0239e+14 1.0239e+14
4344.4178 1.0239e+14 1.0239e+14
4344.4290 1.0239e+14 1.0239e+14
4344.4401 1.0239e+14 1.0239e+14
4344.4513 1.0239e+14 1.0239e+14
4344.4625 1.0239e+14 1.0239e+14
4344.4737 1.0239e+14 1.0239e+14
4344.4848 1.0240e+14 1.0240e+14
4344.4960 1.0240e+14 1.0240e+14
4344.5072 1.0240e+14 1.0240e+14
4344.5184 1.0240e+14 1.0240e+14
4344.5295 1.0240e+14 1.0240e+14
4344.5407 1.0240e+14 1.0240e+14
4344.5519 1.0240e+14 1.0240e+14
4344.5631 1.0240e+14 1.0240e+14
4344.5743 1.0240e+14 1.0240e+14
4344.5854 1.0240e+14 1.0240e+14
4344.5966 1.0240e+14 1.0240e+14
4344.6078 1.0240e+14 1.0240e+14
4344.6190 1.0240e+14 1.0240e+14
4344.6301 1.0240e+14 1.0240e+14
4344.6413 1.0240e+14 1.0240e+14
4344.6525 1.0240e+14 1.0240e+14
4344.6637 1.0240e+14 1.0240e+14
4344.6749 1.0240e+14 1.0240e+14
4344.6860 1.0240e+14 1.0240e+14
4344.6972 1.0240e+14 1.0240e+14
4344.7084 1.0240e+14 1.0240e+14
4344.7196 1.0240e+14 1.0240e+14
4344.7307 1.0240e+14 1.0240e+14
4344.7419 1.0241e+14 1.0240e+14
4344.7531 1.0241e+14 1.0241e+14
4344.7643 1.0241e+14 1.0241e+14
4344.7755 1.0241e+14 1.0241e+14
4344.7866 1.0241e+14 1.0241e+14
4344.7978 1.0241e+14 1.0241e+14
4344.8090 1.0241e+14 1.0241e+14
4344.8202 1.0241e+14 1.0241e+14
4344.8313 1.0241e+14 1.0241e+14
4344.8425 1.0241e+14 1.0241e+14
4344.8537 1.0241e+14 1.0241e+14
4344.8649 1.0241e+14 1.0241e+14
4344.8761 1.0241e+14 1.0241e+14
4344.8872 1.0241e+14 1.0241e+14
4344.8984 1.0241e+14 1.0241e+14
4344.9096 1.0241e+14 1.0241e+14
4344.9208 1.0241e+14 1.0241e+14
4344.9319 1.0241e+14 1.0241e+14
4344.9431 1.0241e+14 1.0241e+14
4344.9543 1.0241e+14 1.0241e+14
4344.9655 1.0241e+14 1.0241e+14
4344.9767 1.0241e+14 1.0241e+14
4344.9878 1.0241e+14 1.0241e+14
4344.9990 1.0242e+14 1.0241e+14
4345.0102 1.0242e+14 1.0242e+14
4345.0214 1.0242e+14 1.0242e+14
4345.0325 1.0242e+14 1.0242e+14
4345.0437 1.0242e+14 1.0242e+14
4345.0549 1.0242e+14 1.0242e+14
4345.0661 1.0242e+14 1.0242e+14
4345.0773 1.0242e+14 1.0242e+14
4345.0884 1.0242e+14 1.0242e+14
4345.0996 1.0242e+14 1.0242e+14
4345.1108 1.0242e+14 1.0242e+14
4345.1220 1.0242e+14 1.0242e+14
4345.1331 1.0242e+14 1.0242e+14
4345.1443 1.0242e+14 1.0242e+14
4345.1555 1.0242e+14 1.0242e+14
4345.1667 1.0242e+14 1.0242e+14
4345.1779 1.0242e+14 1.0242e+14
4345.1890 1.0242e+14 1.0242e+14
4345.2002 1.0242e+14 1.0242e+14
4345.2114 1.0242e+14 1.0242e+14
4345.2226 1.0242e+14 1.0242e+14
4345.2337 1.0242e+14 1.0242e+14
4345.2449 1.0242e+14 1.0242e+14
4345.2561 1.0242e+14 1.0242e+14
4345.2673 1.0243e+14 1.0243e+14
4345.2785 1.0243e+14 1.0243e+14
4345.2896 1.0243e+14 1.0243e+14
4345.3008 1.0243e+14 1.0243e+14
4345.3120 1.0243e+14 1.0243e+14
4345.3232 1.0243e+14 1.0243e+14
4345.3343 1.0243e+14 1.0243e+14
4345.3455 1.0243e+14 1.0243e+14
4345.3567 1.0243e+14 1.0243e+14
4345.3679 1.0243e+14 1.0243e+14
4345.3791 1.0243e+14 1.0243e+14
4345.3902 1.0243e+14 1.0243e+14
4345.4014 1.0243e+14 1.0243e+14
4345.4126 1.0243e+14 1.0243e+14
4345.4238 1.0243e+14 1.0243e+14
4345.4349 1.0243e+14 1.0243e+14
4345.4461 1.0243e+14 1.0243e+14
4345.4573 1.0243e+14 1.0243e+14
4345.4685 1.0243e+14 1.0243e+14
4345.4797 1.0243e+14 1.0243e+14
4345.4908 1.0243e+14 1.0243e+14
4345.5020 1.0243e+14 1.0243e+14
4345.5132 1.0243e+14 1.0243e+14
4345.5244 1.0244e+14 1.0244e+14
4345.5355 1.0244e+14 1.0244e+14
4345.5467 1.0244e+14 1.0244e+14
4345.5579 1.0244e+14 1.0244e+14
4345.5691 1.0244e+14 1.0244e+14
4345.5803 1.0244e+14 1.0244e+14
4345.5914 1.0244e+14 1.0244e+14
4345.6026 1.0244e+14 1.0244e+14
4345.6138 1.0244e+14 1.0244e+14
4345.6250 1.0244e+14 1.0244e+14
4345.6361 1.0244e+14 1.0244e+14
4345.6473 1.0244e+14 1.0244e+14
4345.6585 1.0244e+14 1.0244e+14
4345.6697 1.0244e+14 1.0244e+14
4345.6808 1.0244e+14 1.0244e+14
4345.6920 1.0244e+14 1.0244e+14
4345.7032 1.0244e+14 1.0244e+14
4345.7144 1.0244e+14 1.0244e+14
4345.7256 1.0244e+14 1.0244e+14
4345.7367 1.0244e+14 1.0244e+14
4345.7479 1.0244e+14 1.0244e+14
4345.7591 1.0244e+14 1.0244e+14
4345.7703 1.0244e+14 1.0244e+14
4345.7814 1.0245e+14 1.0244e+14
4345.7926 1.0245e+14 1.0245e+14
4345.8038 1.0245e+14 1.0245e+14
4345.8150 1.0245e+14 1.0245e+14
4345.8262 1.0245e+14 1.0245e+14
4345.8373 1.0245e+14 1.0245e+14
4345.8485 1.0245e+14 1.0245e+14
4345.8597 1.0245e+14 1.0245e+14
4345.8709 1.0245e+14 1.0245e+14
4345.8820 1.0245e+14 1.0245e+14
4345.8932 1.0245e+14 1.0245e+14
4345.9044 1.0245e+14 1.0245e+14
4345.9156 1.0245e+14 1.0245e+14
4345.9268 1.0245e+14 1.0245e+14
4345.9379 1.0245e+14 1.0245e+14
4345.9491 1.0245e+14 1.0245e+14
4345.9603 1.0245e+14 1.0245e+14
4345.9715 1.0245e+14 1.0245e+14
4345.9826 1.0245e+14 1.0245e+14
4345.9938 1.0245e+14 1.0245e+14
4346.0050 1.0245e+14 1.0245e+14
4346.0162 1.0245e+14 1.0245e+14
4346.0274 1.0245e+14 1.0245e+14
4346.0385 1.0245e+14 1.0245e+14
4346.0497 1.0246e+14 1.0246e+14
4346.0609 1.0246e+14 1.0246e+14
4346.0721 1.0246e+14 1.0246e+14
4346.0832 1.0246e+14 1.0246e+14
4346.0944 1.0246e+14 1.0246e+14
4346.1056 1.0246e+14 1.0246e+14
4346.1168 1.0246e+14 1.0246e+14
4346.1280 1.0246e+14 1.0246e+14
4346.1391 1.0246e+14 1.0246e+14
4346.1503 1.0246e+14 1.0246e+14
4346.1615 1.0246e+14 1.0246e+14
4346.1727 1.0246e+14 1.0246e+14
4346.1838 1.0246e+14 1.0246e+14
4346.1950 1.0246e+14 1.0246e+14
4346.2062 1.0246e+14 1.0246e+14
4346.2174 1.0246e+14 1.0246e+14
4346.2286 1.0246e+14 1.0246e+14
4346.2397 1.0246e+14 1.0246e+14
4346.2509 1.0246e+14 1.0246e+14
4346.2621 1.0246e+14 1.0246e+14
4346.2733 1.0246e+14 1.0246e+14
4346.2844 1.0246e+14 1.0246e+14
4346.2956 1.0246e+14 1.0246e+14
4346.3068 1.0247e+14 1.0247e+14
4346.3180 1.0247e+14 1.0247e+14
4346.3292 1.0247e+14 1.0247e+14
4346.3403 1.0247e+14 1.0247e+14
4346.3515 1.0247e+14 1.0247e+14
4346.3627 1.0247e+14 1.0247e+14
4346.3739 1.0247e+14 1.0247e+14
4346.3850 1.0247e+14 1.0247e+14
4346.3962 1.0247e+14 1.0247e+14
4346.4074 1.0247e+14 1.0247e+14
4346.4186 1.0247e+14 1.0247e+14
4346.4298 1.0247e+14 1.0247e+14
4346.4409 1.0247e+14 1.0247e+14
4346.4521 1.0247e+14 1.0247e+14
4346.4633 1.0247e+14 1.0247e+14
4346.4745 1.0247e+14 1.0247e+14
4346.4856 1.0247e+14 1.0247e+14
4346.4968 1.0247e+14 1.0247e+14
4346.5080 1.0247e+14 1.0247e+14
4346.5192 1.0247e+14 1.0247e+14
4346.5304 1.0247e+14 1.0247e+14
4346.5415 1.0247e+14 1.0247e+14
4346.5527 1.0247e+14 1.0247e+14
4346.5639 1.0248e+14 1.0247e+14
4346.5751 1.0248e+14 1.0248e+14
4346.5862 1.0248e+14 1.0248e+14
4346.5974 1.0248e+14 1.0248e+14
4346.6086 1.0248e+14 1.0248e+14
4346.6198 1.0248e+14 1.0248e+14
4346.6310 1.0248e+14 1.0248e+14
4346.6421 1.0248e+14 1.0248e+14
4346.6533 1.0248e+14 1.0248e+14
4346.6645 1.0248e+14 1.0248e+14
4346.6757 1.0248e+14 1.0248e+14
4346.6868 1.0248e+14 1.0248e+14
4346.6980 1.0248e+14 1.0248e+14
4346.7092 1.0248e+14 1.0248e+14
4346.7204 1.0248e+14 1.0248e+14
4346.7316 1.0248e+14 1.0248e+14
4346.7427 1.0248e+14 1.0248e+14
4346.7539 1.0248e+14 1.0248e+14
4346.7651 1.0248e+14 1.0248e+14
4346.7763 1.0248e+14 1.0248e+14
4346.7874 1.0248e+14 1.0248e+14
4346.7986 1.0248e+14 1.0248e+14
4346.8098 1.0248e+14 1.0248e+14
4346.8210 1.0249e+14 1.0248e+14
4346.8321 1.0249e+14 1.0249e+14
4346.8433 1.0249e+14 1.0249e+14
4346.8545 1.0249e+14 1.0249e+14
4346.8657 1.0249e+14 1.0249e+14
4346.8769 1.0249e+14 1.0249e+14
4346.8880 1.0249e+14 1.0249e+14
4346.8992 1.0249e+14 1.0249e+14
4346.9104 1.0249e+14 1.0249e+14
4346.9216 1.0249e+14 1.0249e+14
4346.9327 1.0249e+14 1.0249e+14
4346.9439 1.0249e+14 1.0249e+14
4346.9551 1.0249e+14 1.0249e+14
4346.9663 1.0249e+14 1.0249e+14
4346.9775 1.0249e+14 1.0249e+14
4346.9886 1.0249e+14 1.0249e+14
4346.9998 1.0249e+14 1.0249e+14
4347.0110 1.0249e+14 1.0249e+14
4347.0222 1.0249e+14 1.0249e+14
4347.0333 1.0249e+14 1.0249e+14
4347.0445 1.0249e+14 1.0249e+14
4347.0557 1.0249e+14 1.0249e+14
4347.0669 1.0249e+14 1.0249e+14
4347.0781 1.0249e+14 1.0249e+14
4347.0892 1.0250e+14 1.0250e+14
4347.1004 1.0250e+14 1.0250e+14
4347.1116 1.0250e+14 1.0250e+14
4347.1228 1.0250e+14 1.0250e+14
4347.1339 1.0250e+14 1.0250e+14
4347.1451 1.0250e+14 1.0250e+14
4347.1563 1.0250e+14 1.0250e+14
4347.1675 1.0250e+14 1.0250e+14
4347.1787 1.0250e+14 1.0250e+14
4347.1898 1.0250e+14 1.0250e+14
4347.2010 1.0250e+14 1.0250e+14
4347.2122 1.0250e+14 1.0250e+14
4347.2234 1.0250e+14 1.0250e+14
4347.2345 1.0250e+14 1.0250e+14
4347.2457 1.0250e+14 1.0250e+14
4347.2569 1.0250e+14 1.0250e+14
4347.2681 1.0250e+14 1.0250e+14
4347.2793 1.0250e+14 1.0250e+14
4347.2904 1.0250e+14 1.0250e+14
4347.3016 1.0250e+14 1.0250e+14
4347.3128 1.0250e+14 1.0250e+14
4347.3240 1.0250e+14 1.0250e+14
4347.3351 1.0250e+14 1.0250e+14
4347.3463 1.0251e+14 1.0251e+14
4347.3575 1.0251e+14 1.0251e+14
4347.3687 1.0251e+14 1.0251e+14
4347.3799 1.0251e+14 1.0251e+14
4347.3910 1.0251e+14 1.0251e+14
4347.4022 1.0251e+14 1.0251e+14
4347.4134 1.0251e+14 1.0251e+14
4347.4246 1.0251e+14 1.0251e+14
4347.4357 1.0251e+14 1.0251e+14
4347.4469 1.0251e+14 1.0251e+14
4347.4581 1.0251e+14 1.0251e+14
4347.4693 1.0251e+14 1.0251e+14
4347.4805 1.0251e+14 1.0251e+14
4347.4916 1.0251e+14 1.0251e+14
4347.5028 1.0251e+14 1.0251e+14
4347.5140 1.0251e+14 1.0251e+14
4347.5252 1.0251e+14 1.0251e+14
4347.5363 1.0251e+14 1.0251e+14
4347.5475 1.0251e+14 1.0251e+14
4347.5587 1.0251e+14 1.0251e+14
4347.5699 1.0251e+14 1.0251e+14
4347.5811 1.0251e+14 1.0251e+14
4347.5922 1.0251e+14 1.0251e+14
4347.6034 1.0252e+14 1.0251e+14
4347.6146 1.0252e+14 1.0252e+14
4347.6258 1.0252e+14 1.0252e+14
4347.6369 1.0252e+14 1.0252e+14
4347.6481 1.0252e+14 1.0252e+14
4347.6593 1.0252e+14 1.0252e+14
4347.6705 1.0252e+14 1.0252e+14
4347.6817 1.0252e+14 1.0252e+14
4347.6928 1.0252e+14 1.0252e+14
4347.7040 1.0252e+14 1.0252e+14
4347.7152 1.0252e+14 1.0252e+14
4347.7264 1.0252e+14 1.0252e+14
4347.7375 1.0252e+14 1.0252e+14
4347.7487 1.0252e+14 1.0252e+14
4347.7599 1.0252e+14 1.0252e+14
4347.7711 1.0252e+14 1.0252e+14
4347.7823 1.0252e+14 1.0252e+14
4347.7934 1.0252e+14 1.0252e+14
4347.8046 1.0252e+14 1.0252e+14
4347.8158 1.0252e+14 1.0252e+14
4347.8270 1.0252e+14 1.0252e+14
4347.8381 1.0252e+14 1.0252e+14
4347.8493 1.0252e+14 1.0252e+14
4347.8605 1.0252e+14 1.0252e+14
4347.8717 1.0253e+14 1.0253e+14
4347.8829 1.0253e+14 1.0253e+14
4347.8940 1.0253e+14 1.0253e+14
4347.9052 1.0253e+14 1.0253e+14
4347.9164 1.0253e+14 1.0253e+14
4347.9276 1.0253e+14 1.0253e+14
4347.9387 1.0253e+14 1.0253e+14
4347.9499 1.0253e+14 1.0253e+14
4347.9611 1.0253e+14 1.0253e+14
4347.9723 1.0253e+14 1.0253e+14
4347.9834 1.0253e+14 1.0253e+14
4347.9946 1.0253e+14 1.0253e+14
4348.0058 1.0253e+14 1.0253e+14
4348.0170 1.0253e+14 1.0253e+14
4348.0282 1.0253e+14 1.0253e+14
4348.0393 1.0253e+14 1.0253e+14
4348.0505 1.0253e+14 1.0253e+14
4348.0617 1.0253e+14 1.0253e+14
4348.0729 1.0253e+14 1.0253e+14
4348.0840 1.0253e+14 1.0253e+14
4348.0952 1.0253e+14 1.0253e+14
4348.1064 1.0253e+14 1.0253e+14
4348.1176 1.0253e+14 1.0253e+14
4348.1288 1.0254e+14 1.0254e+14
4348.1399 1.0254e+14 1.0254e+14
4348.1511 1.0254e+14 1.0254e+14
4348.1623 1.0254e+14 1.0254e+14
4348.1735 1.0254e+14 1.0254e+14
4348.1846 1.0254e+14 1.0254e+14
4348.1958 1.0254e+14 1.0254e+14
4348.2070 1.0254e+14 1.0254e+14
4348.2182 1.0254e+14 1.0254e+14
4348.2294 1.0254e+14 1.0254e+14
4348.2405 1.0254e+14 1.0254e+14
4348.2517 1.0254e+14 1.0254e+14
4348.2629 1.0254e+14 1.0254e+14
4348.2741 1.0254e+14 1.0254e+14
4348.2852 1.0254e+14 1.0254e+14
4348.2964 1.0254e+14 1.0254e+14
4348.3076 1.0254e+14 1.0254e+14
4348.3188 1.0254e+14 1.0254e+14
4348.3300 1.0254e+14 1.0254e+14
4348.3411 1.0254e+14 1.0254e+14
4348.3523 1.0254e+14 1.0254e+14
4348.3635 1.0254e+14 1.0254e+14
4348.3747 1.0254e+14 1.0254e+14
4348.3858 1.0255e+14 1.0254e+14
4348.3970 1.0255e+14 1.0255e+14
4348.4082 1.0255e+14 1.0255e+14
4348.4194 1.0255e+14 1.0255e+14
4348.4306 1.0255e+14 1.0255e+14
4348.4417 1.0255e+14 1.0255e+14
4348.4529 1.0255e+14 1.0255e+14
4348.4641 1.0255e+14 1.0255e+14
4348.4753 1.0255e+14 1.0255e+14
4348.4864 1.0255e+14 1.0255e+14
4348.4976 1.0255e+14 1.0255e+14
4348.5088 1.0255e+14 1.0255e+14
4348.5200 1.0255e+14 1.0255e+14
4348.5312 1.0255e+14 1.0255e+14
4348.5423 1.0255e+14 1.0255e+14
4348.5535 1.0255e+14 1.0255e+14
4348.5647 1.0255e+14 1.0255e+14
4348.5759 1.0255e+14 1.0255e+14
4348.5870 1.0255e+14 1.0255e+14
4348.5982 1.0255e+14 1.0255e+14
4348.6094 1.0255e+14 1.0255e+14
4348.6206 1.0255e+14 1.0255e+14
4348.6318 1.0255e+14 1.0255e+14
4348.6429 1.0255e+14 1.0255e+14
4348.6541 1.0256e+14 1.0256e+14
4348.6653 1.0256e+14 1.0256e+14
4348.6765 1.0256e+14 1.0256e+14
4348.6876 1.0256e+14 1.0256e+14
4348.6988 1.0256e+14 1.0256e+14
4348.7100 1.0256e+14 1.0256e+14
4348.7212 1.0256e+14 1.0256e+14
4348.7324 1.0256e+14 1.0256e+14
4348.7435 1.0256e+14 1.0256e+14
4348.7547 1.0256e+14 1.0256e+14
4348.7659 1.0256e+14 1.0256e+14
4348.7771 1.0256e+14 1.0256e+14
4348.7882 1.0256e+14 1.0256e+14
4348.7994 1.0256e+14 1.0256e+14
4348.8106 1.0256e+14 1.0256e+14
4348.8218 1.0256e+14 1.0256e+14
4348.8330 1.0256e+14 1.0256e+14
4348.8441 1.0256e+14 1.0256e+14
4348.8553 1.0256e+14 1.0256e+14
4348.8665 1.0256e+14 1.0256e+14
4348.8777 1.0256e+14 1.0256e+14
4348.8888 1.0256e+14 1.0256e+14
4348.9000 1.0256e+14 1.0256e+14
4348.9112 1.0257e+14 1.0257e+14
4348.9224 1.0257e+14 1.0257e+14
4348.9336 1.0257e+14 1.0257e+14
4348.9447 1.0257e+14 1.0257e+14
4348.9559 1.0257e+14 1.0257e+14
4348.9671 1.0257e+14 1.0257e+14
4348.9783 1.0257e+14 1.0257e+14
4348.9894 1.0257e+14 1.0257e+14
4349.0006 1.0257e+14 1.0257e+14
4349.0118 1.0257e+14 1.0257e+14
4349.0230 1.0257e+14 1.0257e+14
4349.0342 1.0257e+14 1.0257e+14
4349.0453 1.0257e+14 1.0257e+14
4349.0565 1.0257e+14 1.0257e+14
4349.0677 1.0257e+14 1.0257e+14
4349.0789 1.0257e+14 1.0257e+14
4349.0900 1.0257e+14 1.0257e+14
4349.1012 1.0257e+14 1.0257e+14
4349.1124 1.0257e+14 1.0257e+14
4349.1236 1.0257e+14 1.0257e+14
4349.1347 1.0257e+14 1.0257e+14
4349.1459 1.0257e+14 1.0257e+14
4349.1571 1.0257e+14 1.0257e+14
4349.1683 1.0258e+14 1.0257e+14
4349.1795 1.0258e+14 1.0258e+14
4349.1906 1.0258e+14 1.0258e+14
4349.2018 1.0258e+14 1.0258e+14
4349.2130 1.0258e+14 1.0258e+14
4349.2242 1.0258e+14 1.0258e+14
4349.2353 1.0258e+14 1.0258e+14
4349.2465 1.0258e+14 1.0258e+14
4349.2577 1.0258e+14 1.0258e+14
4349.2689 1.0258e+14 1.0258e+14
4349.2801 1.0258e+14 1.0258e+14
4349.2912 1.0258e+14 1.0258e+14
4349.3024 1.0258e+14 1.0258e+14
4349.3136 1.0258e+14 1.0258e+14
4349.3248 1.0258e+14 1.0258e+14
4349.3359 1.0258e+14 1.0258e+14
4349.3471 1.0258e+14 1.0258e+14
4349.3583 1.0258e+14 1.0258e+14
4349.3695 1.0258e+14 1.0258e+14
4349.3807 1.0258e+14 1.0258e+14
4349.3918 1.0258e+14 1.0258e+14
4349.4030 1.0258e+14 1.0258e+14
4349.4142 1.0258e+14 1.0258e+14
4349.4254 1.0258e+14 1.0258e+14
4349.4365 1.0259e+14 1.0259e+14
4349.4477 1.0259e+14 1.0259e+14
4349.4589 1.0259e+14 1.0259e+14
4349.4701 1.0259e+14 1.0259e+14
4349.4813 1.0259e+14 1.0259e+14
4349.4924 1.0259e+14 1.0259e+14
4349.5036 1.0259e+14 1.0259e+14
4349.5148 1.0259e+14 1.0259e+14
4349.5260 1.0259e+14 1.0259e+14
4349.5371 1.0259e+14 1.0259e+14
4349.5483 1.0259e+14 1.0259e+14
4349.5595 1.0259e+14 1.0259e+14
4349.5707 1.0259e+14 1.0259e+14
4349.5819 1.0259e+14 1.0259e+14
4349.5930 1.0259e+14 1.0259e+14
4349.6042 1.0259e+14 1.0259e+14
4349.6154 1.0259e+14 1.0259e+14
4349.6266 1.0259e+14 1.0259e+14
4349.6377 1.0259e+14 1.0259e+14
4349.6489 1.0259e+14 1.0259e+14
4349.6601 1.0259e+14 1.0259e+14
4349.6713 1.0259e+14 1.0259e+14
4349.6825 1.0259e+14 1.0259e+14
4349.6936 1.0260e+14 1.0260e+14
4349.7048 1.0260e+14 1.0260e+14
4349.7160 1.0260e+14 1.0260e+14
4349.7272 1.0260e+14 1.0260e+14
4349.7383 1.0260e+14 1.0260e+14
4349.7495 1.0260e+14 1.0260e+14
4349.7607 1.0260e+14 1.0260e+14
4349.7719 1.0260e+14 1.0260e+14
4349.7831 1.0260e+14 1.0260e+14
4349.7942 1.0260e+14 1.0260e+14
4349.8054 1.0260e+14 1.0260e+14
4349.8166 1.0260e+14 1.0260e+14
4349.8278 1.0260e+14 1.0260e+14
4349.8389 1.0260e+14 1.0260e+14
4349.8501 1.0260e+14 1.0260e+14
4349.8613 1.0260e+14 1.0260e+14
4349.8725 1.0260e+14 1.0260e+14
4349.8837 1.0260e+14 1.0260e+14
4349.8948 1.0260e+14 1.0260e+14
4349.9060 1.0260e+14 1.0260e+14
4349.9172 1.0260e+14 1.0260e+14
4349.9284 1.0260e+14 1.0260e+14
4349.9395 1.0260e+14 1.0260e+14
4349.9507 1.0261e+14 1.0260e+14
4349.9619 1.0261e+14 1.0261e+14
4349.9731 1.0261e+14 1.0261e+14
4349.9843 1.0261e+14 1.0261e+14
4349.9954 1.0261e+14 1.0261e+14
4350.0066 1.0261e+14 1.0261e+14
4350.0178 1.0261e+14 1.0261e+14
4350.0290 1.0261e+14 1.0261e+14
4350.0401 1.0261e+14 1.0261e+14
4350.0513 1.0261e+14 1.0261e+14
4350.0625 1.0261e+14 1.0261e+14
4350.0737 1.0261e+14 1.0261e+14
4350.0849 1.0261e+14 1.0261e+14
4350.0960 1.0261e+14 1.0261e+14
4350.1072 1.0261e+14 1.0261e+14
4350.1184 1.0261e+14 1.0261e+14
4350.1296 1.0261e+14 1.0261e+14
4350.1407 1.0261e+14 1.0261e+14
4350.1519 1.0261e+14 1.0261e+14
4350.1631 1.0261e+14 1.0261e+14
4350.1743 1.0261e+14 1.0261e+14
4350.1855 1.0261e+14 1.0261e+14
4350.1966 1.0261e+14 1.0261e+14
4350.2078 1.0261e+14 1.0261e+14
4350.2190 1.0262e+14 1.0262e+14
4350.2302 1.0262e+14 1.0262e+14
4350.2413 1.0262e+14 1.0262e+14
4350.2525 1.0262e+14 1.0262e+14
4350.2637 1.0262e+14 1.0262e+14
4350.2749 1.0262e+14 1.0262e+14
4350.2860 1.0262e+14 1.0262e+14
4350.2972 1.0262e+14 1.0262e+14
4350.3084 1.0262e+14 1.0262e+14
4350.3196 1.0262e+14 1.0262e+14
4350.3308 1.0262e+14 1.0262e+14
4350.3419 1.0262e+14 1.0262e+14
4350.3531 1.0262e+14 1.0262e+14
4350.3643 1.0262e+14 1.0262e+14
4350.3755 1.0262e+14 1.0262e+14
4350.3866 1.0262e+14 1.0262e+14
4350.3978 1.0262e+14 1.0262e+14
4350.4090 1.0262e+14 1.0262e+14
4350.4202 1.0262e+14 1.0262e+14
4350.4314 1.0262e+14 1.0262e+14
4350.4425 1.0262e+14 1.0262e+14
4350.4537 1.0262e+14 1.0262e+14
4350.4649 1.0262e+14 1.0262e+14
4350.4761 1.0263e+14 1.0263e+14
4350.4872 1.0263e+14 1.0263e+14
4350.4984 1.0263e+14 1.0263e+14
4350.5096 1.0263e+14 1.0263e+14
4350.5208 1.0263e+14 1.0263e+14
4350.5320 1.0263e+14 1.0263e+14
4350.5431 1.0263e+14 1.0263e+14
4350.5543 1.0263e+14 1.0263e+14
4350.5655 1.0263e+14 1.0263e+14
4350.5767 1.0263e+14 1.0263e+14
4350.5878 1.0263e+14 1.0263e+14
4350.5990 1.0263e+14 1.0263e+14
4350.6102 1.0263e+14 1.0263e+14
4350.6214 1.0263e+14 1.0263e+14
4350.6326 1.0263e+14 1.0263e+14
4350.6437 1.0263e+14 1.0263e+14
4350.6549 1.0263e+14 1.0263e+14
4350.6661 1.0263e+14 1.0263e+14
4350.6773 1.0263e+14 1.0263e+14
4350.6884 1.0263e+14 1.0263e+14
4350.6996 1.0263e+14 1.0263e+14
4350.7108 1.0263e+14 1.0263e+14
4350.7220 1.0263e+14 1.0263e+14
4350.7332 1.0264e+14 1.0263e+14
4350.7443 1.0264e+14 1.0264e+14
4350.7555 1.0264e+14 1.0264e+14
4350.7667 1.0264e+14 1.0264e+14
4350.7779 1.0264e+14 1.0264e+14
4350.7890 1.0264e+14 1.0264e+14
4350.8002 1.0264e+14 1.0264e+14
4350.8114 1.0264e+14 1.0264e+14
4350.8226 1.0264e+14 1.0264e+14
4350.8338 1.0264e+14 1.0264e+14
4350.8449 1.0264e+14 1.0264e+14
4350.8561 1.0264e+14 1.0264e+14
4350.8673 1.0264e+14 1.0264e+14
4350.8785 1.0264e+14 1.0264e+14
4350.8896 1.0264e+14 1.0264e+14
4350.9008 1.0264e+14 1.0264e+14
4350.9120 1.0264e+14 1.0264e+14
4350.9232 1.0264e+14 1.0264e+14
4350.9344 1.0264e+14 1.0264e+14
4350.9455 1.0264e+14 1.0264e+14
4350.9567 1.0264e+14 1.0264e+14
4350.9679 1.0264e+14 1.0264e+14
4350.9791 1.0264e+14 1.0264e+14
4350.9902 1.0264e+14 1.0264e+14
4351.0014 1.0265e+14 1.0265e+14
4351.0126 1.0265e+14 1.0265e+14
4351.0238 1.0265e+14 1.0265e+14
4351.0350 1.0265e+14 1.0265e+14
4351.0461 1.0265e+14 1.0265e+14
4351.0573 1.0265e+14 1.0265e+14
4351.0685 1.0265e+14 1.0265e+14
4351.0797 1.0265e+14 1.0265e+14
4351.0908 1.0265e+14 1.0265e+14
4351.1020 1.0265e+14 1.0265e+14
4351.1132 1.0265e+14 1.0265e+14
4351.1244 1.0265e+14 1.0265e+14
4351.1356 1.0265e+14 1.0265e+14
4351.1467 1.0265e+14 1.0265e+14
4351.1579 1.0265e+14 1.0265e+14
4351.1691 1.0265e+14 1.0265e+14
4351.1803 1.0265e+14 1.0265e+14
4351.1914 1.0265e+14 1.0265e+14
4351.2026 1.0265e+14 1.0265e+14
4351.2138 1.0265e+14 1.0265e+14
4351.2250 1.0265e+14 1.0265e+14
4351.2362 1.0265e+14 1.0265e+14
4351.2473 1.0265e+14 1.0265e+14
4351.2585 1.0266e+14 1.0265e+14
4351.2697 1.0266e+14 1.0266e+14
4351.2809 1.0266e+14 1.0266e+14
4351.2920 1.0266e+14 1.0266e+14
4351.3032 1.0266e+14 1.0266e+14
4351.3144 1.0266e+14 1.0266e+14
4351.3256 1.0266e+14 1.0266e+14
4351.3368 1.0266e+14 1.0266e+14
4351.3479 1.0266e+14 1.0266e+14
4351.3591 1.0266e+14 1.0266e+14
4351.3703 1.0266e+14 1.0266e+14
4351.3815 1.0266e+14 1.0266e+14
4351.3926 1.0266e+14 1.0266e+14
4351.4038 1.0266e+14 1.0266e+14
4351.4150 1.0266e+14 1.0266e+14
4351.4262 1.0266e+14 1.0266e+14
4351.4373 1.0266e+14 1.0266e+14
4351.4485 1.0266e+14 1.0266e+14
4351.4597 1.0266e+14 1.0266e+14
4351.4709 1.0266e+14 1.0266e+14
4351.4821 1.0266e+14 1.0266e+14
4351.4932 1.0266e+14 1.0266e+14
4351.5044 1.0266e+14 1.0266e+14
4351.5156 1.0266e+14 1.0266e+14
4351.5268 1.0267e+14 1.0267e+14
4351.5379 1.0267e+14 1.0267e+14
4351.5491 1.0267e+14 1.0267e+14
4351.5603 1.0267e+14 1.0267e+14
4351.5715 1.0267e+14 1.0267e+14
4351.5827 1.0267e+14 1.0267e+14
4351.5938 1.0267e+14 1.0267e+14
4351.6050 1.0267e+14 1.0267e+14
4351.6162 1.0267e+14 1.0267e+14
4351.6274 1.0267e+14 1.0267e+14
4351.6385 1.0267e+14 1.0267e+14
4351.6497 1.0267e+14 1.0267e+14
4351.6609 1.0267e+14 1.0267e+14
4351.6721 1.0267e+14 1.0267e+14
