# Wavelength(Å) I_cont(erg/s/cm2/Å/sr) I_abs(erg/s/cm2/Å/sr)
4089.2083 6.8811e+14 6.4733e+14
4089.2208 6.8811e+14 6.4731e+14
4089.2333 6.8811e+14 6.4728e+14
4089.2458 6.8811e+14 6.4726e+14
4089.2583 6.8811e+14 6.4723e+14
4089.2708 6.8811e+14 6.4721e+14
4089.2833 6.8811e+14 6.4719e+14
4089.2958 6.8811e+14 6.4716e+14
4089.3083 6.8811e+14 6.4714e+14
4089.3208 6.8811e+14 6.4711e+14
4089.3333 6.8811e+14 6.4709e+14
4089.3458 6.8811e+14 6.4706e+14
4089.3583 6.8811e+14 6.4704e+14
4089.3708 6.8811e+14 6.4701e+14
4089.3833 6.8811e+14 6.4699e+14
4089.3957 6.8811e+14 6.4697e+14
4089.4082 6.8811e+14 6.4694e+14
4089.4207 6.8811e+14 6.4692e+14
4089.4332 6.8811e+14 6.4689e+14
4089.4457 6.8811e+14 6.4687e+14
4089.4582 6.8811e+14 6.4684e+14
4089.4707 6.8811e+14 6.4682e+14
4089.4832 6.8811e+14 6.4679e+14
4089.4957 6.8811e+14 6.4677e+14
4089.5082 6.8811e+14 6.4674e+14
4089.5207 6.8811e+14 6.4672e+14
4089.5332 6.8811e+14 6.4670e+14
4089.5457 6.8811e+14 6.4667e+14
4089.5582 6.8811e+14 6.4665e+14
4089.5707 6.8811e+14 6.4662e+14
4089.5832 6.8811e+14 6.4660e+14
4089.5957 6.8811e+14 6.4657e+14
4089.6082 6.8811e+14 6.4655e+14
4089.6207 6.8811e+14 6.4652e+14
4089.6332 6.8811e+14 6.4650e+14
4089.6457 6.8811e+14 6.4647e+14
4089.6582 6.8811e+14 6.4645e+14
4089.6707 6.8811e+14 6.4643e+14
4089.6832 6.8811e+14 6.4640e+14
4089.6957 6.8811e+14 6.4638e+14
4089.7082 6.8811e+14 6.4635e+14
4089.7207 6.8811e+14 6.4633e+14
4089.7332 6.8811e+14 6.4630e+14
4089.7457 6.8811e+14 6.4628e+14
4089.7582 6.8811e+14 6.4625e+14
4089.7707 6.8811e+14 6.4623e+14
4089.7832 6.8811e+14 6.4620e+14
4089.7957 6.8811e+14 6.4618e+14
4089.8082 6.8812e+14 6.4615e+14
4089.8207 6.8812e+14 6.4613e+14
4089.8332 6.8812e+14 6.4610e+14
4089.8457 6.8812e+14 6.4608e+14
4089.8582 6.8812e+14 6.4606e+14
4089.8707 6.8812e+14 6.4603e+14
4089.8832 6.8812e+14 6.4601e+14
4089.8957 6.8812e+14 6.4598e+14
4089.9082 6.8812e+14 6.4596e+14
4089.9207 6.8812e+14 6.4593e+14
4089.9332 6.8812e+14 6.4591e+14
4089.9457 6.8812e+14 6.4588e+14
4089.9582 6.8812e+14 6.4586e+14
4089.9707 6.8812e+14 6.4583e+14
4089.9832 6.8812e+14 6.4581e+14
4089.9957 6.8812e+14 6.4578e+14
4090.0082 6.8812e+14 6.4576e+14
4090.0206 6.8812e+14 6.4573e+14
4090.0331 6.8812e+14 6.4571e+14
4090.0456 6.8812e+14 6.4569e+14
4090.0581 6.8812e+14 6.4566e+14
4090.0706 6.8812e+14 6.4564e+14
4090.0831 6.8812e+14 6.4561e+14
4090.0956 6.8812e+14 6.4559e+14
4090.1081 6.8812e+14 6.4556e+14
4090.1206 6.8812e+14 6.4554e+14
4090.1331 6.8812e+14 6.4551e+14
4090.1456 6.8812e+14 6.4549e+14
4090.1581 6.8812e+14 6.4546e+14
4090.1706 6.8812e+14 6.4544e+14
4090.1831 6.8812e+14 6.4541e+14
4090.1956 6.8812e+14 6.4539e+14
4090.2081 6.8812e+14 6.4536e+14
4090.2206 6.8812e+14 6.4534e+14
4090.2331 6.8812e+14 6.4531e+14
4090.2456 6.8812e+14 6.4529e+14
4090.2581 6.8812e+14 6.4527e+14
4090.2706 6.8812e+14 6.4524e+14
4090.2831 6.8812e+14 6.4522e+14
4090.2956 6.8812e+14 6.4519e+14
4090.3081 6.8812e+14 6.4517e+14
4090.3206 6.8812e+14 6.4514e+14
4090.3331 6.8812e+14 6.4512e+14
4090.3456 6.8812e+14 6.4509e+14
4090.3581 6.8812e+14 6.4507e+14
4090.3706 6.8812e+14 6.4504e+14
4090.3831 6.8812e+14 6.4502e+14
4090.3956 6.8812e+14 6.4499e+14
4090.4081 6.8812e+14 6.4497e+14
4090.4206 6.8812e+14 6.4494e+14
4090.4331 6.8812e+14 6.4492e+14
4090.4456 6.8812e+14 6.4489e+14
4090.4581 6.8812e+14 6.4487e+14
4090.4706 6.8812e+14 6.4484e+14
4090.4831 6.8812e+14 6.4482e+14
4090.4956 6.8812e+14 6.4480e+14
4090.5081 6.8812e+14 6.4477e+14
4090.5206 6.8812e+14 6.4475e+14
4090.5331 6.8812e+14 6.4472e+14
4090.5456 6.8812e+14 6.4470e+14
4090.5581 6.8812e+14 6.4467e+14
4090.5706 6.8812e+14 6.4465e+14
4090.5831 6.8812e+14 6.4462e+14
4090.5956 6.8812e+14 6.4460e+14
4090.6081 6.8812e+14 6.4457e+14
4090.6206 6.8812e+14 6.4455e+14
4090.6330 6.8812e+14 6.4452e+14
4090.6455 6.8812e+14 6.4450e+14
4090.6580 6.8812e+14 6.4447e+14
4090.6705 6.8812e+14 6.4445e+14
4090.6830 6.8812e+14 6.4442e+14
4090.6955 6.8812e+14 6.4440e+14
4090.7080 6.8812e+14 6.4437e+14
4090.7205 6.8812e+14 6.4435e+14
4090.7330 6.8812e+14 6.4432e+14
4090.7455 6.8812e+14 6.4430e+14
4090.7580 6.8812e+14 6.4428e+14
4090.7705 6.8812e+14 6.4425e+14
4090.7830 6.8812e+14 6.4423e+14
4090.7955 6.8812e+14 6.4420e+14
4090.8080 6.8812e+14 6.4418e+14
4090.8205 6.8812e+14 6.4415e+14
4090.8330 6.8813e+14 6.4413e+14
4090.8455 6.8813e+14 6.4410e+14
4090.8580 6.8813e+14 6.4408e+14
4090.8705 6.8813e+14 6.4405e+14
4090.8830 6.8813e+14 6.4403e+14
4090.8955 6.8813e+14 6.4400e+14
4090.9080 6.8813e+14 6.4398e+14
4090.9205 6.8813e+14 6.4395e+14
4090.9330 6.8813e+14 6.4393e+14
4090.9455 6.8813e+14 6.4390e+14
4090.9580 6.8813e+14 6.4388e+14
4090.9705 6.8813e+14 6.4385e+14
4090.9830 6.8813e+14 6.4383e+14
4090.9955 6.8813e+14 6.4380e+14
4091.0080 6.8813e+14 6.4378e+14
4091.0205 6.8813e+14 6.4376e+14
4091.0330 6.8813e+14 6.4373e+14
4091.0455 6.8813e+14 6.4371e+14
4091.0580 6.8813e+14 6.4368e+14
4091.0705 6.8813e+14 6.4366e+14
4091.0830 6.8813e+14 6.4363e+14
4091.0955 6.8813e+14 6.4361e+14
4091.1080 6.8813e+14 6.4358e+14
4091.1205 6.8813e+14 6.4356e+14
4091.1330 6.8813e+14 6.4353e+14
4091.1455 6.8813e+14 6.4351e+14
4091.1580 6.8813e+14 6.4348e+14
4091.1705 6.8813e+14 6.4346e+14
4091.1830 6.8813e+14 6.4343e+14
4091.1955 6.8813e+14 6.4341e+14
4091.2080 6.8813e+14 6.4338e+14
4091.2205 6.8813e+14 6.4336e+14
4091.2330 6.8813e+14 6.4333e+14
4091.2454 6.8813e+14 6.4331e+14
4091.2579 6.8813e+14 6.4329e+14
4091.2704 6.8813e+14 6.4326e+14
4091.2829 6.8813e+14 6.4324e+14
4091.2954 6.8813e+14 6.4321e+14
4091.3079 6.8813e+14 6.4319e+14
4091.3204 6.8813e+14 6.4316e+14
4091.3329 6.8813e+14 6.4314e+14
4091.3454 6.8813e+14 6.4311e+14
4091.3579 6.8813e+14 6.4309e+14
4091.3704 6.8813e+14 6.4306e+14
4091.3829 6.8813e+14 6.4304e+14
4091.3954 6.8813e+14 6.4301e+14
4091.4079 6.8813e+14 6.4299e+14
4091.4204 6.8813e+14 6.4296e+14
4091.4329 6.8813e+14 6.4294e+14
4091.4454 6.8813e+14 6.4291e+14
4091.4579 6.8813e+14 6.4289e+14
4091.4704 6.8813e+14 6.4287e+14
4091.4829 6.8813e+14 6.4284e+14
4091.4954 6.8813e+14 6.4282e+14
4091.5079 6.8813e+14 6.4279e+14
4091.5204 6.8813e+14 6.4277e+14
4091.5329 6.8813e+14 6.4274e+14
4091.5454 6.8813e+14 6.4272e+14
4091.5579 6.8813e+14 6.4269e+14
4091.5704 6.8813e+14 6.4267e+14
4091.5829 6.8813e+14 6.4264e+14
4091.5954 6.8813e+14 6.4262e+14
4091.6079 6.8813e+14 6.4259e+14
4091.6204 6.8813e+14 6.4257e+14
4091.6329 6.8813e+14 6.4255e+14
4091.6454 6.8813e+14 6.4252e+14
4091.6579 6.8813e+14 6.4250e+14
4091.6704 6.8813e+14 6.4247e+14
4091.6829 6.8813e+14 6.4245e+14
4091.6954 6.8813e+14 6.4242e+14
4091.7079 6.8813e+14 6.4240e+14
4091.7204 6.8813e+14 6.4237e+14
4091.7329 6.8813e+14 6.4235e+14
4091.7454 6.8813e+14 6.4232e+14
4091.7579 6.8813e+14 6.4230e+14
4091.7704 6.8813e+14 6.4227e+14
4091.7829 6.8813e+14 6.4225e+14
4091.7954 6.8813e+14 6.4223e+14
4091.8079 6.8813e+14 6.4220e+14
4091.8204 6.8813e+14 6.4218e+14
4091.8329 6.8813e+14 6.4215e+14
4091.8454 6.8813e+14 6.4213e+14
4091.8578 6.8813e+14 6.4210e+14
4091.8703 6.8814e+14 6.4208e+14
4091.8828 6.8814e+14 6.4205e+14
4091.8953 6.8814e+14 6.4203e+14
4091.9078 6.8814e+14 6.4200e+14
4091.9203 6.8814e+14 6.4198e+14
4091.9328 6.8814e+14 6.4196e+14
4091.9453 6.8814e+14 6.4193e+14
4091.9578 6.8814e+14 6.4191e+14
4091.9703 6.8814e+14 6.4188e+14
4091.9828 6.8814e+14 6.4186e+14
4091.9953 6.8814e+14 6.4183e+14
4092.0078 6.8814e+14 6.4181e+14
4092.0203 6.8814e+14 6.4178e+14
4092.0328 6.8814e+14 6.4176e+14
4092.0453 6.8814e+14 6.4173e+14
4092.0578 6.8814e+14 6.4171e+14
4092.0703 6.8814e+14 6.4169e+14
4092.0828 6.8814e+14 6.4166e+14
4092.0953 6.8814e+14 6.4164e+14
4092.1078 6.8814e+14 6.4161e+14
4092.1203 6.8814e+14 6.4159e+14
4092.1328 6.8814e+14 6.4156e+14
4092.1453 6.8814e+14 6.4154e+14
4092.1578 6.8814e+14 6.4152e+14
4092.1703 6.8814e+14 6.4149e+14
4092.1828 6.8814e+14 6.4147e+14
4092.1953 6.8814e+14 6.4144e+14
4092.2078 6.8814e+14 6.4142e+14
4092.2203 6.8814e+14 6.4139e+14
4092.2328 6.8814e+14 6.4137e+14
4092.2453 6.8814e+14 6.4134e+14
4092.2578 6.8814e+14 6.4132e+14
4092.2703 6.8814e+14 6.4130e+14
4092.2828 6.8814e+14 6.4127e+14
4092.2953 6.8814e+14 6.4125e+14
4092.3078 6.8814e+14 6.4122e+14
4092.3203 6.8814e+14 6.4120e+14
4092.3328 6.8814e+14 6.4117e+14
4092.3453 6.8814e+14 6.4115e+14
4092.3578 6.8814e+14 6.4113e+14
4092.3703 6.8814e+14 6.4110e+14
4092.3828 6.8814e+14 6.4108e+14
4092.3953 6.8814e+14 6.4105e+14
4092.4078 6.8814e+14 6.4103e+14
4092.4203 6.8814e+14 6.4100e+14
4092.4328 6.8814e+14 6.4098e+14
4092.4453 6.8814e+14 6.4096e+14
4092.4578 6.8814e+14 6.4093e+14
4092.4703 6.8814e+14 6.4091e+14
4092.4827 6.8814e+14 6.4088e+14
4092.4952 6.8814e+14 6.4086e+14
4092.5077 6.8814e+14 6.4083e+14
4092.5202 6.8814e+14 6.4081e+14
4092.5327 6.8814e+14 6.4079e+14
4092.5452 6.8814e+14 6.4076e+14
4092.5577 6.8814e+14 6.4074e+14
4092.5702 6.8814e+14 6.4071e+14
4092.5827 6.8814e+14 6.4069e+14
4092.5952 6.8814e+14 6.4066e+14
4092.6077 6.8814e+14 6.4064e+14
4092.6202 6.8814e+14 6.4062e+14
4092.6327 6.8814e+14 6.4059e+14
4092.6452 6.8814e+14 6.4057e+14
4092.6577 6.8814e+14 6.4054e+14
4092.6702 6.8814e+14 6.4052e+14
4092.6827 6.8814e+14 6.4050e+14
4092.6952 6.8814e+14 6.4047e+14
4092.7077 6.8814e+14 6.4045e+14
4092.7202 6.8814e+14 6.4042e+14
4092.7327 6.8814e+14 6.4040e+14
4092.7452 6.8814e+14 6.4038e+14
4092.7577 6.8814e+14 6.4035e+14
4092.7702 6.8814e+14 6.4033e+14
4092.7827 6.8814e+14 6.4030e+14
4092.7952 6.8814e+14 6.4028e+14
4092.8077 6.8814e+14 6.4026e+14
4092.8202 6.8814e+14 6.4023e+14
4092.8327 6.8814e+14 6.4021e+14
4092.8452 6.8814e+14 6.4018e+14
4092.8577 6.8814e+14 6.4016e+14
4092.8702 6.8814e+14 6.4014e+14
4092.8827 6.8814e+14 6.4011e+14
4092.8952 6.8814e+14 6.4009e+14
4092.9077 6.8814e+14 6.4006e+14
4092.9202 6.8814e+14 6.4004e+14
4092.9327 6.8815e+14 6.4002e+14
4092.9452 6.8815e+14 6.3999e+14
4092.9577 6.8815e+14 6.3997e+14
4092.9702 6.8815e+14 6.3994e+14
4092.9827 6.8815e+14 6.3992e+14
4092.9952 6.8815e+14 6.3990e+14
4093.0077 6.8815e+14 6.3987e+14
4093.0202 6.8815e+14 6.3985e+14
4093.0327 6.8815e+14 6.3983e+14
4093.0452 6.8815e+14 6.3980e+14
4093.0577 6.8815e+14 6.3978e+14
4093.0702 6.8815e+14 6.3975e+14
4093.0827 6.8815e+14 6.3973e+14
4093.0951 6.8815e+14 6.3971e+14
4093.1076 6.8815e+14 6.3968e+14
4093.1201 6.8815e+14 6.3966e+14
4093.1326 6.8815e+14 6.3963e+14
4093.1451 6.8815e+14 6.3961e+14
4093.1576 6.8815e+14 6.3959e+14
4093.1701 6.8815e+14 6.3956e+14
4093.1826 6.8815e+14 6.3954e+14
4093.1951 6.8815e+14 6.3952e+14
4093.2076 6.8815e+14 6.3949e+14
4093.2201 6.8815e+14 6.3947e+14
4093.2326 6.8815e+14 6.3945e+14
4093.2451 6.8815e+14 6.3942e+14
4093.2576 6.8815e+14 6.3940e+14
4093.2701 6.8815e+14 6.3937e+14
4093.2826 6.8815e+14 6.3935e+14
4093.2951 6.8815e+14 6.3933e+14
4093.3076 6.8815e+14 6.3930e+14
4093.3201 6.8815e+14 6.3928e+14
4093.3326 6.8815e+14 6.3926e+14
4093.3451 6.8815e+14 6.3923e+14
4093.3576 6.8815e+14 6.3921e+14
4093.3701 6.8815e+14 6.3919e+14
4093.3826 6.8815e+14 6.3916e+14
4093.3951 6.8815e+14 6.3914e+14
4093.4076 6.8815e+14 6.3912e+14
4093.4201 6.8815e+14 6.3909e+14
4093.4326 6.8815e+14 6.3907e+14
4093.4451 6.8815e+14 6.3905e+14
4093.4576 6.8815e+14 6.3902e+14
4093.4701 6.8815e+14 6.3900e+14
4093.4826 6.8815e+14 6.3898e+14
4093.4951 6.8815e+14 6.3895e+14
4093.5076 6.8815e+14 6.3893e+14
4093.5201 6.8815e+14 6.3891e+14
4093.5326 6.8815e+14 6.3888e+14
4093.5451 6.8815e+14 6.3886e+14
4093.5576 6.8815e+14 6.3884e+14
4093.5701 6.8815e+14 6.3881e+14
4093.5826 6.8815e+14 6.3879e+14
4093.5951 6.8815e+14 6.3877e+14
4093.6076 6.8815e+14 6.3874e+14
4093.6201 6.8815e+14 6.3872e+14
4093.6326 6.8815e+14 6.3870e+14
4093.6451 6.8815e+14 6.3867e+14
4093.6576 6.8815e+14 6.3865e+14
4093.6701 6.8815e+14 6.3863e+14
4093.6826 6.8815e+14 6.3860e+14
4093.6951 6.8815e+14 6.3858e+14
4093.7075 6.8815e+14 6.3856e+14
4093.7200 6.8815e+14 6.3853e+14
4093.7325 6.8815e+14 6.3851e+14
4093.7450 6.8815e+14 6.3849e+14
4093.7575 6.8815e+14 6.3846e+14
4093.7700 6.8815e+14 6.3844e+14
4093.7825 6.8815e+14 6.3842e+14
4093.7950 6.8815e+14 6.3839e+14
4093.8075 6.8815e+14 6.3837e+14
4093.8200 6.8815e+14 6.3835e+14
4093.8325 6.8815e+14 6.3833e+14
4093.8450 6.8815e+14 6.3830e+14
4093.8575 6.8815e+14 6.3828e+14
4093.8700 6.8815e+14 6.3826e+14
4093.8825 6.8815e+14 6.3823e+14
4093.8950 6.8815e+14 6.3821e+14
4093.9075 6.8815e+14 6.3819e+14
4093.9200 6.8815e+14 6.3817e+14
4093.9325 6.8815e+14 6.3814e+14
4093.9450 6.8815e+14 6.3812e+14
4093.9575 6.8815e+14 6.3810e+14
4093.9700 6.8815e+14 6.3807e+14
4093.9825 6.8815e+14 6.3805e+14
4093.9950 6.8815e+14 6.3803e+14
4094.0075 6.8815e+14 6.3801e+14
4094.0200 6.8815e+14 6.3798e+14
4094.0325 6.8816e+14 6.3796e+14
4094.0450 6.8816e+14 6.3794e+14
4094.0575 6.8816e+14 6.3791e+14
4094.0700 6.8816e+14 6.3789e+14
4094.0825 6.8816e+14 6.3787e+14
4094.0950 6.8816e+14 6.3785e+14
4094.1075 6.8816e+14 6.3782e+14
4094.1200 6.8816e+14 6.3780e+14
4094.1325 6.8816e+14 6.3778e+14
4094.1450 6.8816e+14 6.3776e+14
4094.1575 6.8816e+14 6.3773e+14
4094.1700 6.8816e+14 6.3771e+14
4094.1825 6.8816e+14 6.3769e+14
4094.1950 6.8816e+14 6.3767e+14
4094.2075 6.8816e+14 6.3764e+14
4094.2200 6.8816e+14 6.3762e+14
4094.2325 6.8816e+14 6.3760e+14
4094.2450 6.8816e+14 6.3758e+14
4094.2575 6.8816e+14 6.3755e+14
4094.2700 6.8816e+14 6.3753e+14
4094.2825 6.8816e+14 6.3751e+14
4094.2950 6.8816e+14 6.3749e+14
4094.3075 6.8816e+14 6.3746e+14
4094.3199 6.8816e+14 6.3744e+14
4094.3324 6.8816e+14 6.3742e+14
4094.3449 6.8816e+14 6.3740e+14
4094.3574 6.8816e+14 6.3737e+14
4094.3699 6.8816e+14 6.3735e+14
4094.3824 6.8816e+14 6.3733e+14
4094.3949 6.8816e+14 6.3731e+14
4094.4074 6.8816e+14 6.3729e+14
4094.4199 6.8816e+14 6.3726e+14
4094.4324 6.8816e+14 6.3724e+14
4094.4449 6.8816e+14 6.3722e+14
4094.4574 6.8816e+14 6.3720e+14
4094.4699 6.8816e+14 6.3717e+14
4094.4824 6.8816e+14 6.3715e+14
4094.4949 6.8816e+14 6.3713e+14
4094.5074 6.8816e+14 6.3711e+14
4094.5199 6.8816e+14 6.3709e+14
4094.5324 6.8816e+14 6.3706e+14
4094.5449 6.8816e+14 6.3704e+14
4094.5574 6.8816e+14 6.3702e+14
4094.5699 6.8816e+14 6.3700e+14
4094.5824 6.8816e+14 6.3698e+14
4094.5949 6.8816e+14 6.3695e+14
4094.6074 6.8816e+14 6.3693e+14
4094.6199 6.8816e+14 6.3691e+14
4094.6324 6.8816e+14 6.3689e+14
4094.6449 6.8816e+14 6.3687e+14
4094.6574 6.8816e+14 6.3685e+14
4094.6699 6.8816e+14 6.3682e+14
4094.6824 6.8816e+14 6.3680e+14
4094.6949 6.8816e+14 6.3678e+14
4094.7074 6.8816e+14 6.3676e+14
4094.7199 6.8816e+14 6.3674e+14
4094.7324 6.8816e+14 6.3671e+14
4094.7449 6.8816e+14 6.3669e+14
4094.7574 6.8816e+14 6.3667e+14
4094.7699 6.8816e+14 6.3665e+14
4094.7824 6.8816e+14 6.3663e+14
4094.7949 6.8816e+14 6.3661e+14
4094.8074 6.8816e+14 6.3659e+14
4094.8199 6.8816e+14 6.3656e+14
4094.8324 6.8816e+14 6.3654e+14
4094.8449 6.8816e+14 6.3652e+14
4094.8574 6.8816e+14 6.3650e+14
4094.8699 6.8816e+14 6.3648e+14
4094.8824 6.8816e+14 6.3646e+14
4094.8949 6.8816e+14 6.3643e+14
4094.9074 6.8816e+14 6.3641e+14
4094.9199 6.8816e+14 6.3639e+14
4094.9323 6.8816e+14 6.3637e+14
4094.9448 6.8816e+14 6.3635e+14
4094.9573 6.8816e+14 6.3633e+14
4094.9698 6.8816e+14 6.3631e+14
4094.9823 6.8816e+14 6.3629e+14
4094.9948 6.8816e+14 6.3626e+14
4095.0073 6.8816e+14 6.3624e+14
4095.0198 6.8816e+14 6.3622e+14
4095.0323 6.8816e+14 6.3620e+14
4095.0448 6.8816e+14 6.3618e+14
4095.0573 6.8816e+14 6.3616e+14
4095.0698 6.8816e+14 6.3614e+14
4095.0823 6.8816e+14 6.3612e+14
4095.0948 6.8816e+14 6.3609e+14
4095.1073 6.8816e+14 6.3607e+14
4095.1198 6.8816e+14 6.3605e+14
4095.1323 6.8816e+14 6.3603e+14
4095.1448 6.8817e+14 6.3601e+14
4095.1573 6.8817e+14 6.3599e+14
4095.1698 6.8817e+14 6.3597e+14
4095.1823 6.8817e+14 6.3595e+14
4095.1948 6.8817e+14 6.3593e+14
4095.2073 6.8817e+14 6.3591e+14
4095.2198 6.8817e+14 6.3589e+14
4095.2323 6.8817e+14 6.3586e+14
4095.2448 6.8817e+14 6.3584e+14
4095.2573 6.8817e+14 6.3582e+14
4095.2698 6.8817e+14 6.3580e+14
4095.2823 6.8817e+14 6.3578e+14
4095.2948 6.8817e+14 6.3576e+14
4095.3073 6.8817e+14 6.3574e+14
4095.3198 6.8817e+14 6.3572e+14
4095.3323 6.8817e+14 6.3570e+14
4095.3448 6.8817e+14 6.3568e+14
4095.3573 6.8817e+14 6.3566e+14
4095.3698 6.8817e+14 6.3564e+14
4095.3823 6.8817e+14 6.3562e+14
4095.3948 6.8817e+14 6.3560e+14
4095.4073 6.8817e+14 6.3558e+14
4095.4198 6.8817e+14 6.3555e+14
4095.4323 6.8817e+14 6.3553e+14
4095.4448 6.8817e+14 6.3551e+14
4095.4573 6.8817e+14 6.3549e+14
4095.4698 6.8817e+14 6.3547e+14
4095.4823 6.8817e+14 6.3545e+14
4095.4948 6.8817e+14 6.3543e+14
4095.5073 6.8817e+14 6.3541e+14
4095.5198 6.8817e+14 6.3539e+14
4095.5323 6.8817e+14 6.3537e+14
4095.5448 6.8817e+14 6.3535e+14
4095.5572 6.8817e+14 6.3533e+14
4095.5697 6.8817e+14 6.3531e+14
4095.5822 6.8817e+14 6.3529e+14
4095.5947 6.8817e+14 6.3527e+14
4095.6072 6.8817e+14 6.3525e+14
4095.6197 6.8817e+14 6.3523e+14
4095.6322 6.8817e+14 6.3521e+14
4095.6447 6.8817e+14 6.3519e+14
4095.6572 6.8817e+14 6.3517e+14
4095.6697 6.8817e+14 6.3515e+14
4095.6822 6.8817e+14 6.3513e+14
4095.6947 6.8817e+14 6.3511e+14
4095.7072 6.8817e+14 6.3509e+14
4095.7197 6.8817e+14 6.3507e+14
4095.7322 6.8817e+14 6.3505e+14
4095.7447 6.8817e+14 6.3503e+14
4095.7572 6.8817e+14 6.3501e+14
4095.7697 6.8817e+14 6.3499e+14
4095.7822 6.8817e+14 6.3497e+14
4095.7947 6.8817e+14 6.3495e+14
4095.8072 6.8817e+14 6.3493e+14
4095.8197 6.8817e+14 6.3491e+14
4095.8322 6.8817e+14 6.3489e+14
4095.8447 6.8817e+14 6.3487e+14
4095.8572 6.8817e+14 6.3485e+14
4095.8697 6.8817e+14 6.3484e+14
4095.8822 6.8817e+14 6.3482e+14
4095.8947 6.8817e+14 6.3480e+14
4095.9072 6.8817e+14 6.3478e+14
4095.9197 6.8817e+14 6.3476e+14
4095.9322 6.8817e+14 6.3474e+14
4095.9447 6.8817e+14 6.3472e+14
4095.9572 6.8817e+14 6.3470e+14
4095.9697 6.8817e+14 6.3468e+14
4095.9822 6.8817e+14 6.3466e+14
4095.9947 6.8817e+14 6.3464e+14
4096.0072 6.8817e+14 6.3462e+14
4096.0197 6.8817e+14 6.3460e+14
4096.0322 6.8817e+14 6.3458e+14
4096.0447 6.8817e+14 6.3457e+14
4096.0572 6.8817e+14 6.3455e+14
4096.0697 6.8817e+14 6.3453e+14
4096.0822 6.8817e+14 6.3451e+14
4096.0947 6.8817e+14 6.3449e+14
4096.1072 6.8817e+14 6.3447e+14
4096.1197 6.8817e+14 6.3445e+14
4096.1322 6.8817e+14 6.3443e+14
4096.1447 6.8817e+14 6.3441e+14
4096.1572 6.8817e+14 6.3439e+14
4096.1696 6.8817e+14 6.3438e+14
4096.1821 6.8817e+14 6.3436e+14
4096.1946 6.8817e+14 6.3434e+14
4096.2071 6.8817e+14 6.3432e+14
4096.2196 6.8817e+14 6.3430e+14
4096.2321 6.8817e+14 6.3428e+14
4096.2446 6.8817e+14 6.3426e+14
4096.2571 6.8817e+14 6.3424e+14
4096.2696 6.8817e+14 6.3423e+14
4096.2821 6.8817e+14 6.3421e+14
4096.2946 6.8818e+14 6.3419e+14
4096.3071 6.8818e+14 6.3417e+14
4096.3196 6.8818e+14 6.3415e+14
4096.3321 6.8818e+14 6.3413e+14
4096.3446 6.8818e+14 6.3411e+14
4096.3571 6.8818e+14 6.3410e+14
4096.3696 6.8818e+14 6.3408e+14
4096.3821 6.8818e+14 6.3406e+14
4096.3946 6.8818e+14 6.3404e+14
4096.4071 6.8818e+14 6.3402e+14
4096.4196 6.8818e+14 6.3400e+14
4096.4321 6.8818e+14 6.3399e+14
4096.4446 6.8818e+14 6.3397e+14
4096.4571 6.8818e+14 6.3395e+14
4096.4696 6.8818e+14 6.3393e+14
4096.4821 6.8818e+14 6.3391e+14
4096.4946 6.8818e+14 6.3390e+14
4096.5071 6.8818e+14 6.3388e+14
4096.5196 6.8818e+14 6.3386e+14
4096.5321 6.8818e+14 6.3384e+14
4096.5446 6.8818e+14 6.3382e+14
4096.5571 6.8818e+14 6.3381e+14
4096.5696 6.8818e+14 6.3379e+14
4096.5821 6.8818e+14 6.3377e+14
4096.5946 6.8818e+14 6.3375e+14
4096.6071 6.8818e+14 6.3374e+14
4096.6196 6.8818e+14 6.3372e+14
4096.6321 6.8818e+14 6.3370e+14
4096.6446 6.8818e+14 6.3368e+14
4096.6571 6.8818e+14 6.3366e+14
4096.6696 6.8818e+14 6.3365e+14
4096.6821 6.8818e+14 6.3363e+14
4096.6946 6.8818e+14 6.3361e+14
4096.7071 6.8818e+14 6.3359e+14
4096.7196 6.8818e+14 6.3358e+14
4096.7321 6.8818e+14 6.3356e+14
4096.7446 6.8818e+14 6.3354e+14
4096.7571 6.8818e+14 6.3352e+14
4096.7696 6.8818e+14 6.3351e+14
4096.7820 6.8818e+14 6.3349e+14
4096.7945 6.8818e+14 6.3347e+14
4096.8070 6.8818e+14 6.3346e+14
4096.8195 6.8818e+14 6.3344e+14
4096.8320 6.8818e+14 6.3342e+14
4096.8445 6.8818e+14 6.3340e+14
4096.8570 6.8818e+14 6.3339e+14
4096.8695 6.8818e+14 6.3337e+14
4096.8820 6.8818e+14 6.3335e+14
4096.8945 6.8818e+14 6.3334e+14
4096.9070 6.8818e+14 6.3332e+14
4096.9195 6.8818e+14 6.3330e+14
4096.9320 6.8818e+14 6.3328e+14
4096.9445 6.8818e+14 6.3327e+14
4096.9570 6.8818e+14 6.3325e+14
4096.9695 6.8818e+14 6.3323e+14
4096.9820 6.8818e+14 6.3322e+14
4096.9945 6.8818e+14 6.3320e+14
4097.0070 6.8818e+14 6.3318e+14
4097.0195 6.8818e+14 6.3317e+14
4097.0320 6.8818e+14 6.3315e+14
4097.0445 6.8818e+14 6.3313e+14
4097.0570 6.8818e+14 6.3312e+14
4097.0695 6.8818e+14 6.3310e+14
4097.0820 6.8818e+14 6.3308e+14
4097.0945 6.8818e+14 6.3307e+14
4097.1070 6.8818e+14 6.3305e+14
4097.1195 6.8818e+14 6.3304e+14
4097.1320 6.8818e+14 6.3302e+14
4097.1445 6.8818e+14 6.3300e+14
4097.1570 6.8818e+14 6.3299e+14
4097.1695 6.8818e+14 6.3297e+14
4097.1820 6.8818e+14 6.3295e+14
4097.1945 6.8818e+14 6.3294e+14
4097.2070 6.8818e+14 6.3292e+14
4097.2195 6.8818e+14 6.3291e+14
4097.2320 6.8818e+14 6.3289e+14
4097.2445 6.8818e+14 6.3287e+14
4097.2570 6.8818e+14 6.3286e+14
4097.2695 6.8818e+14 6.3284e+14
4097.2820 6.8818e+14 6.3283e+14
4097.2945 6.8818e+14 6.3281e+14
4097.3070 6.8818e+14 6.3279e+14
4097.3195 6.8818e+14 6.3278e+14
4097.3320 6.8818e+14 6.3276e+14
4097.3445 6.8818e+14 6.3275e+14
4097.3570 6.8818e+14 6.3273e+14
4097.3695 6.8818e+14 6.3272e+14
4097.3820 6.8818e+14 6.3270e+14
4097.3944 6.8818e+14 6.3268e+14
4097.4069 6.8818e+14 6.3267e+14
4097.4194 6.8818e+14 6.3265e+14
4097.4319 6.8818e+14 6.3264e+14
4097.4444 6.8818e+14 6.3262e+14
4097.4569 6.8818e+14 6.3261e+14
4097.4694 6.8818e+14 6.3259e+14
4097.4819 6.8819e+14 6.3258e+14
4097.4944 6.8819e+14 6.3256e+14
4097.5069 6.8819e+14 6.3255e+14
4097.5194 6.8819e+14 6.3253e+14
4097.5319 6.8819e+14 6.3251e+14
4097.5444 6.8819e+14 6.3250e+14
4097.5569 6.8819e+14 6.3248e+14
4097.5694 6.8819e+14 6.3247e+14
4097.5819 6.8819e+14 6.3245e+14
4097.5944 6.8819e+14 6.3244e+14
4097.6069 6.8819e+14 6.3242e+14
4097.6194 6.8819e+14 6.3241e+14
4097.6319 6.8819e+14 6.3239e+14
4097.6444 6.8819e+14 6.3238e+14
4097.6569 6.8819e+14 6.3237e+14
4097.6694 6.8819e+14 6.3235e+14
4097.6819 6.8819e+14 6.3234e+14
4097.6944 6.8819e+14 6.3232e+14
4097.7069 6.8819e+14 6.3231e+14
4097.7194 6.8819e+14 6.3229e+14
4097.7319 6.8819e+14 6.3228e+14
4097.7444 6.8819e+14 6.3226e+14
4097.7569 6.8819e+14 6.3225e+14
4097.7694 6.8819e+14 6.3223e+14
4097.7819 6.8819e+14 6.3222e+14
4097.7944 6.8819e+14 6.3220e+14
4097.8069 6.8819e+14 6.3219e+14
4097.8194 6.8819e+14 6.3218e+14
4097.8319 6.8819e+14 6.3216e+14
4097.8444 6.8819e+14 6.3215e+14
4097.8569 6.8819e+14 6.3213e+14
4097.8694 6.8819e+14 6.3212e+14
4097.8819 6.8819e+14 6.3210e+14
4097.8944 6.8819e+14 6.3209e+14
4097.9069 6.8819e+14 6.3208e+14
4097.9194 6.8819e+14 6.3206e+14
4097.9319 6.8819e+14 6.3205e+14
4097.9444 6.8819e+14 6.3203e+14
4097.9569 6.8819e+14 6.3202e+14
4097.9694 6.8819e+14 6.3201e+14
4097.9819 6.8819e+14 6.3199e+14
4097.9944 6.8819e+14 6.3198e+14
4098.0069 6.8819e+14 6.3197e+14
4098.0193 6.8819e+14 6.3195e+14
4098.0318 6.8819e+14 6.3194e+14
4098.0443 6.8819e+14 6.3192e+14
4098.0568 6.8819e+14 6.3191e+14
4098.0693 6.8819e+14 6.3190e+14
4098.0818 6.8819e+14 6.3188e+14
4098.0943 6.8819e+14 6.3187e+14
4098.1068 6.8819e+14 6.3186e+14
4098.1193 6.8819e+14 6.3184e+14
4098.1318 6.8819e+14 6.3183e+14
4098.1443 6.8819e+14 6.3182e+14
4098.1568 6.8819e+14 6.3180e+14
4098.1693 6.8819e+14 6.3179e+14
4098.1818 6.8819e+14 6.3178e+14
4098.1943 6.8819e+14 6.3176e+14
4098.2068 6.8819e+14 6.3175e+14
4098.2193 6.8819e+14 6.3174e+14
4098.2318 6.8819e+14 6.3173e+14
4098.2443 6.8819e+14 6.3171e+14
4098.2568 6.8819e+14 6.3170e+14
4098.2693 6.8819e+14 6.3169e+14
4098.2818 6.8819e+14 6.3167e+14
4098.2943 6.8819e+14 6.3166e+14
4098.3068 6.8819e+14 6.3165e+14
4098.3193 6.8819e+14 6.3164e+14
4098.3318 6.8819e+14 6.3162e+14
4098.3443 6.8819e+14 6.3161e+14
4098.3568 6.8819e+14 6.3160e+14
4098.3693 6.8819e+14 6.3159e+14
4098.3818 6.8819e+14 6.3157e+14
4098.3943 6.8819e+14 6.3156e+14
4098.4068 6.8819e+14 6.3155e+14
4098.4193 6.8819e+14 6.3154e+14
4098.4318 6.8819e+14 6.3152e+14
4098.4443 6.8819e+14 6.3151e+14
4098.4568 6.8819e+14 6.3150e+14
4098.4693 6.8819e+14 6.3149e+14
4098.4818 6.8819e+14 6.3147e+14
4098.4943 6.8819e+14 6.3146e+14
4098.5068 6.8819e+14 6.3145e+14
4098.5193 6.8819e+14 6.3144e+14
4098.5318 6.8819e+14 6.3143e+14
4098.5443 6.8819e+14 6.3141e+14
4098.5568 6.8819e+14 6.3140e+14
4098.5693 6.8819e+14 6.3139e+14
4098.5818 6.8819e+14 6.3138e+14
4098.5943 6.8819e+14 6.3137e+14
4098.6068 6.8819e+14 6.3136e+14
4098.6193 6.8819e+14 6.3134e+14
4098.6317 6.8819e+14 6.3133e+14
4098.6442 6.8819e+14 6.3132e+14
4098.6567 6.8819e+14 6.3131e+14
4098.6692 6.8819e+14 6.3130e+14
4098.6817 6.8819e+14 6.3129e+14
4098.6942 6.8820e+14 6.3127e+14
4098.7067 6.8820e+14 6.3126e+14
4098.7192 6.8820e+14 6.3125e+14
4098.7317 6.8820e+14 6.3124e+14
4098.7442 6.8820e+14 6.3123e+14
4098.7567 6.8820e+14 6.3122e+14
4098.7692 6.8820e+14 6.3121e+14
4098.7817 6.8820e+14 6.3120e+14
4098.7942 6.8820e+14 6.3118e+14
4098.8067 6.8820e+14 6.3117e+14
4098.8192 6.8820e+14 6.3116e+14
4098.8317 6.8820e+14 6.3115e+14
4098.8442 6.8820e+14 6.3114e+14
4098.8567 6.8820e+14 6.3113e+14
4098.8692 6.8820e+14 6.3112e+14
4098.8817 6.8820e+14 6.3111e+14
4098.8942 6.8820e+14 6.3110e+14
4098.9067 6.8820e+14 6.3109e+14
4098.9192 6.8820e+14 6.3108e+14
4098.9317 6.8820e+14 6.3107e+14
4098.9442 6.8820e+14 6.3105e+14
4098.9567 6.8820e+14 6.3104e+14
4098.9692 6.8820e+14 6.3103e+14
4098.9817 6.8820e+14 6.3102e+14
4098.9942 6.8820e+14 6.3101e+14
4099.0067 6.8820e+14 6.3100e+14
4099.0192 6.8820e+14 6.3099e+14
4099.0317 6.8820e+14 6.3098e+14
4099.0442 6.8820e+14 6.3097e+14
4099.0567 6.8820e+14 6.3096e+14
4099.0692 6.8820e+14 6.3095e+14
4099.0817 6.8820e+14 6.3094e+14
4099.0942 6.8820e+14 6.3093e+14
4099.1067 6.8820e+14 6.3092e+14
4099.1192 6.8820e+14 6.3091e+14
4099.1317 6.8820e+14 6.3090e+14
4099.1442 6.8820e+14 6.3089e+14
4099.1567 6.8820e+14 6.3088e+14
4099.1692 6.8820e+14 6.3087e+14
4099.1817 6.8820e+14 6.3086e+14
4099.1942 6.8820e+14 6.3085e+14
4099.2067 6.8820e+14 6.3084e+14
4099.2192 6.8820e+14 6.3083e+14
4099.2317 6.8820e+14 6.3082e+14
4099.2441 6.8820e+14 6.3081e+14
4099.2566 6.8820e+14 6.3081e+14
4099.2691 6.8820e+14 6.3080e+14
4099.2816 6.8820e+14 6.3079e+14
4099.2941 6.8820e+14 6.3078e+14
4099.3066 6.8820e+14 6.3077e+14
4099.3191 6.8820e+14 6.3076e+14
4099.3316 6.8820e+14 6.3075e+14
4099.3441 6.8820e+14 6.3074e+14
4099.3566 6.8820e+14 6.3073e+14
4099.3691 6.8820e+14 6.3072e+14
4099.3816 6.8820e+14 6.3071e+14
4099.3941 6.8820e+14 6.3070e+14
4099.4066 6.8820e+14 6.3070e+14
4099.4191 6.8820e+14 6.3069e+14
4099.4316 6.8820e+14 6.3068e+14
4099.4441 6.8820e+14 6.3067e+14
4099.4566 6.8820e+14 6.3066e+14
4099.4691 6.8820e+14 6.3065e+14
4099.4816 6.8820e+14 6.3064e+14
4099.4941 6.8820e+14 6.3063e+14
4099.5066 6.8820e+14 6.3063e+14
4099.5191 6.8820e+14 6.3062e+14
4099.5316 6.8820e+14 6.3061e+14
4099.5441 6.8820e+14 6.3060e+14
4099.5566 6.8820e+14 6.3059e+14
4099.5691 6.8820e+14 6.3058e+14
4099.5816 6.8820e+14 6.3058e+14
4099.5941 6.8820e+14 6.3057e+14
4099.6066 6.8820e+14 6.3056e+14
4099.6191 6.8820e+14 6.3055e+14
4099.6316 6.8820e+14 6.3054e+14
4099.6441 6.8820e+14 6.3054e+14
4099.6566 6.8820e+14 6.3053e+14
4099.6691 6.8820e+14 6.3052e+14
4099.6816 6.8820e+14 6.3051e+14
4099.6941 6.8820e+14 6.3050e+14
4099.7066 6.8820e+14 6.3050e+14
4099.7191 6.8820e+14 6.3049e+14
4099.7316 6.8820e+14 6.3048e+14
4099.7441 6.8820e+14 6.3047e+14
4099.7566 6.8820e+14 6.3047e+14
4099.7691 6.8820e+14 6.3046e+14
4099.7816 6.8820e+14 6.3045e+14
4099.7941 6.8820e+14 6.3044e+14
4099.8066 6.8820e+14 6.3044e+14
4099.8191 6.8820e+14 6.3043e+14
4099.8316 6.8820e+14 6.3042e+14
4099.8441 6.8820e+14 6.3041e+14
4099.8565 6.8820e+14 6.3041e+14
4099.8690 6.8820e+14 6.3040e+14
4099.8815 6.8820e+14 6.3039e+14
4099.8940 6.8820e+14 6.3038e+14
4099.9065 6.8820e+14 6.3038e+14
4099.9190 6.8820e+14 6.3037e+14
4099.9315 6.8820e+14 6.3036e+14
4099.9440 6.8821e+14 6.3036e+14
4099.9565 6.8821e+14 6.3035e+14
4099.9690 6.8821e+14 6.3034e+14
4099.9815 6.8821e+14 6.3034e+14
4099.9940 6.8821e+14 6.3033e+14
4100.0065 6.8821e+14 6.3032e+14
4100.0190 6.8821e+14 6.3032e+14
4100.0315 6.8821e+14 6.3031e+14
4100.0440 6.8821e+14 6.3030e+14
4100.0565 6.8821e+14 6.3030e+14
4100.0690 6.8821e+14 6.3029e+14
4100.0815 6.8821e+14 6.3028e+14
4100.0940 6.8821e+14 6.3028e+14
4100.1065 6.8821e+14 6.3027e+14
4100.1190 6.8821e+14 6.3027e+14
4100.1315 6.8821e+14 6.3026e+14
4100.1440 6.8821e+14 6.3025e+14
4100.1565 6.8821e+14 6.3025e+14
4100.1690 6.8821e+14 6.3024e+14
4100.1815 6.8821e+14 6.3024e+14
4100.1940 6.8821e+14 6.3023e+14
4100.2065 6.8821e+14 6.3022e+14
4100.2190 6.8821e+14 6.3022e+14
4100.2315 6.8821e+14 6.3021e+14
4100.2440 6.8821e+14 6.3021e+14
4100.2565 6.8821e+14 6.3020e+14
4100.2690 6.8821e+14 6.3019e+14
4100.2815 6.8821e+14 6.3019e+14
4100.2940 6.8821e+14 6.3018e+14
4100.3065 6.8821e+14 6.3018e+14
4100.3190 6.8821e+14 6.3017e+14
4100.3315 6.8821e+14 6.3017e+14
4100.3440 6.8821e+14 6.3016e+14
4100.3565 6.8821e+14 6.3016e+14
4100.3690 6.8821e+14 6.3015e+14
4100.3815 6.8821e+14 6.3015e+14
4100.3940 6.8821e+14 6.3014e+14
4100.4065 6.8821e+14 6.3014e+14
4100.4190 6.8821e+14 6.3013e+14
4100.4315 6.8821e+14 6.3013e+14
4100.4440 6.8821e+14 6.3012e+14
4100.4565 6.8821e+14 6.3012e+14
4100.4690 6.8821e+14 6.3011e+14
4100.4814 6.8821e+14 6.3011e+14
4100.4939 6.8821e+14 6.3010e+14
4100.5064 6.8821e+14 6.3010e+14
4100.5189 6.8821e+14 6.3009e+14
4100.5314 6.8821e+14 6.3009e+14
4100.5439 6.8821e+14 6.3008e+14
4100.5564 6.8821e+14 6.3008e+14
4100.5689 6.8821e+14 6.3007e+14
4100.5814 6.8821e+14 6.3007e+14
4100.5939 6.8821e+14 6.3007e+14
4100.6064 6.8821e+14 6.3006e+14
4100.6189 6.8821e+14 6.3006e+14
4100.6314 6.8821e+14 6.3005e+14
4100.6439 6.8821e+14 6.3005e+14
4100.6564 6.8821e+14 6.3004e+14
4100.6689 6.8821e+14 6.3004e+14
4100.6814 6.8821e+14 6.3004e+14
4100.6939 6.8821e+14 6.3003e+14
4100.7064 6.8821e+14 6.3003e+14
4100.7189 6.8821e+14 6.3002e+14
4100.7314 6.8821e+14 6.3002e+14
4100.7439 6.8821e+14 6.3002e+14
4100.7564 6.8821e+14 6.3001e+14
4100.7689 6.8821e+14 6.3001e+14
4100.7814 6.8821e+14 6.3001e+14
4100.7939 6.8821e+14 6.3000e+14
4100.8064 6.8821e+14 6.3000e+14
4100.8189 6.8821e+14 6.3000e+14
4100.8314 6.8821e+14 6.2999e+14
4100.8439 6.8821e+14 6.2999e+14
4100.8564 6.8821e+14 6.2999e+14
4100.8689 6.8821e+14 6.2998e+14
4100.8814 6.8821e+14 6.2998e+14
4100.8939 6.8821e+14 6.2998e+14
4100.9064 6.8821e+14 6.2997e+14
4100.9189 6.8821e+14 6.2997e+14
4100.9314 6.8821e+14 6.2997e+14
4100.9439 6.8821e+14 6.2996e+14
4100.9564 6.8821e+14 6.2996e+14
4100.9689 6.8821e+14 6.2996e+14
4100.9814 6.8821e+14 6.2996e+14
4100.9939 6.8821e+14 6.2995e+14
4101.0064 6.8821e+14 6.2995e+14
4101.0189 6.8821e+14 6.2995e+14
4101.0314 6.8821e+14 6.2994e+14
4101.0439 6.8821e+14 6.2994e+14
4101.0564 6.8821e+14 6.2994e+14
4101.0689 6.8821e+14 6.2994e+14
4101.0814 6.8821e+14 6.2993e+14
4101.0938 6.8821e+14 6.2993e+14
4101.1063 6.8821e+14 6.2993e+14
4101.1188 6.8821e+14 6.2993e+14
4101.1313 6.8821e+14 6.2993e+14
4101.1438 6.8821e+14 6.2992e+14
4101.1563 6.8821e+14 6.2992e+14
4101.1688 6.8821e+14 6.2992e+14
4101.1813 6.8821e+14 6.2992e+14
4101.1938 6.8821e+14 6.2991e+14
4101.2063 6.8821e+14 6.2991e+14
4101.2188 6.8821e+14 6.2991e+14
4101.2313 6.8821e+14 6.2991e+14
4101.2438 6.8822e+14 6.2991e+14
4101.2563 6.8822e+14 6.2991e+14
4101.2688 6.8822e+14 6.2990e+14
4101.2813 6.8822e+14 6.2990e+14
4101.2938 6.8822e+14 6.2990e+14
4101.3063 6.8822e+14 6.2990e+14
4101.3188 6.8822e+14 6.2990e+14
4101.3313 6.8822e+14 6.2990e+14
4101.3438 6.8822e+14 6.2990e+14
4101.3563 6.8822e+14 6.2989e+14
4101.3688 6.8822e+14 6.2989e+14
4101.3813 6.8822e+14 6.2989e+14
4101.3938 6.8822e+14 6.2989e+14
4101.4063 6.8822e+14 6.2989e+14
4101.4188 6.8822e+14 6.2989e+14
4101.4313 6.8822e+14 6.2989e+14
4101.4438 6.8822e+14 6.2989e+14
4101.4563 6.8822e+14 6.2989e+14
4101.4688 6.8822e+14 6.2988e+14
4101.4813 6.8822e+14 6.2988e+14
4101.4938 6.8822e+14 6.2988e+14
4101.5063 6.8822e+14 6.2988e+14
4101.5188 6.8822e+14 6.2988e+14
4101.5313 6.8822e+14 6.2988e+14
4101.5438 6.8822e+14 6.2988e+14
4101.5563 6.8822e+14 6.2988e+14
4101.5688 6.8822e+14 6.2988e+14
4101.5813 6.8822e+14 6.2988e+14
4101.5938 6.8822e+14 6.2988e+14
4101.6063 6.8822e+14 6.2988e+14
4101.6188 6.8822e+14 6.2988e+14
4101.6313 6.8822e+14 6.2988e+14
4101.6438 6.8822e+14 6.2988e+14
4101.6563 6.8822e+14 6.2988e+14
4101.6688 6.8822e+14 6.2988e+14
4101.6813 6.8822e+14 6.2988e+14
4101.6938 6.8822e+14 6.2988e+14
4101.7062 6.8822e+14 6.2988e+14
4101.7187 6.8822e+14 6.2988e+14
4101.7312 6.8822e+14 6.2988e+14
4101.7437 6.8822e+14 6.2988e+14
4101.7562 6.8822e+14 6.2988e+14
4101.7687 6.8822e+14 6.2988e+14
4101.7812 6.8822e+14 6.2988e+14
4101.7937 6.8822e+14 6.2988e+14
4101.8062 6.8822e+14 6.2988e+14
4101.8187 6.8822e+14 6.2988e+14
4101.8312 6.8822e+14 6.2988e+14
4101.8437 6.8822e+14 6.2988e+14
4101.8562 6.8822e+14 6.2988e+14
4101.8687 6.8822e+14 6.2988e+14
4101.8812 6.8822e+14 6.2988e+14
4101.8937 6.8822e+14 6.2988e+14
4101.9062 6.8822e+14 6.2989e+14
4101.9187 6.8822e+14 6.2989e+14
4101.9312 6.8822e+14 6.2989e+14
4101.9437 6.8822e+14 6.2989e+14
4101.9562 6.8822e+14 6.2989e+14
4101.9687 6.8822e+14 6.2989e+14
4101.9812 6.8822e+14 6.2989e+14
4101.9937 6.8822e+14 6.2989e+14
4102.0062 6.8822e+14 6.2989e+14
4102.0187 6.8822e+14 6.2990e+14
4102.0312 6.8822e+14 6.2990e+14
4102.0437 6.8822e+14 6.2990e+14
4102.0562 6.8822e+14 6.2990e+14
4102.0687 6.8822e+14 6.2990e+14
4102.0812 6.8822e+14 6.2990e+14
4102.0937 6.8822e+14 6.2990e+14
4102.1062 6.8822e+14 6.2991e+14
4102.1187 6.8822e+14 6.2991e+14
4102.1312 6.8822e+14 6.2991e+14
4102.1437 6.8822e+14 6.2991e+14
4102.1562 6.8822e+14 6.2991e+14
4102.1687 6.8822e+14 6.2992e+14
4102.1812 6.8822e+14 6.2992e+14
4102.1937 6.8822e+14 6.2992e+14
4102.2062 6.8822e+14 6.2992e+14
4102.2187 6.8822e+14 6.2992e+14
4102.2312 6.8822e+14 6.2993e+14
4102.2437 6.8822e+14 6.2993e+14
4102.2562 6.8822e+14 6.2993e+14
4102.2687 6.8822e+14 6.2993e+14
4102.2812 6.8822e+14 6.2994e+14
4102.2937 6.8822e+14 6.2994e+14
4102.3062 6.8822e+14 6.2994e+14
4102.3186 6.8822e+14 6.2994e+14
4102.3311 6.8822e+14 6.2995e+14
4102.3436 6.8822e+14 6.2995e+14
4102.3561 6.8822e+14 6.2995e+14
4102.3686 6.8822e+14 6.2995e+14
4102.3811 6.8822e+14 6.2996e+14
4102.3936 6.8822e+14 6.2996e+14
4102.4061 6.8822e+14 6.2996e+14
4102.4186 6.8822e+14 6.2997e+14
4102.4311 6.8822e+14 6.2997e+14
4102.4436 6.8822e+14 6.2997e+14
4102.4561 6.8822e+14 6.2997e+14
4102.4686 6.8822e+14 6.2998e+14
4102.4811 6.8822e+14 6.2998e+14
4102.4936 6.8822e+14 6.2998e+14
4102.5061 6.8822e+14 6.2999e+14
4102.5186 6.8822e+14 6.2999e+14
4102.5311 6.8822e+14 6.2999e+14
4102.5436 6.8822e+14 6.3000e+14
4102.5561 6.8822e+14 6.3000e+14
4102.5686 6.8822e+14 6.3000e+14
4102.5811 6.8823e+14 6.3001e+14
4102.5936 6.8823e+14 6.3001e+14
4102.6061 6.8823e+14 6.3002e+14
4102.6186 6.8823e+14 6.3002e+14
4102.6311 6.8823e+14 6.3002e+14
4102.6436 6.8823e+14 6.3003e+14
4102.6561 6.8823e+14 6.3003e+14
4102.6686 6.8823e+14 6.3003e+14
4102.6811 6.8823e+14 6.3004e+14
4102.6936 6.8823e+14 6.3004e+14
4102.7061 6.8823e+14 6.3005e+14
4102.7186 6.8823e+14 6.3005e+14
4102.7311 6.8823e+14 6.3005e+14
4102.7436 6.8823e+14 6.3006e+14
4102.7561 6.8823e+14 6.3006e+14
4102.7686 6.8823e+14 6.3007e+14
4102.7811 6.8823e+14 6.3007e+14
4102.7936 6.8823e+14 6.3008e+14
4102.8061 6.8823e+14 6.3008e+14
4102.8186 6.8823e+14 6.3009e+14
4102.8311 6.8823e+14 6.3009e+14
4102.8436 6.8823e+14 6.3009e+14
4102.8561 6.8823e+14 6.3010e+14
4102.8686 6.8823e+14 6.3010e+14
4102.8811 6.8823e+14 6.3011e+14
4102.8936 6.8823e+14 6.3011e+14
4102.9061 6.8823e+14 6.3012e+14
4102.9186 6.8823e+14 6.3012e+14
4102.9310 6.8823e+14 6.3013e+14
4102.9435 6.8823e+14 6.3013e+14
4102.9560 6.8823e+14 6.3014e+14
4102.9685 6.8823e+14 6.3014e+14
4102.9810 6.8823e+14 6.3015e+14
4102.9935 6.8823e+14 6.3015e+14
4103.0060 6.8823e+14 6.3016e+14
4103.0185 6.8823e+14 6.3016e+14
4103.0310 6.8823e+14 6.3017e+14
4103.0435 6.8823e+14 6.3018e+14
4103.0560 6.8823e+14 6.3018e+14
4103.0685 6.8823e+14 6.3019e+14
4103.0810 6.8823e+14 6.3019e+14
4103.0935 6.8823e+14 6.3020e+14
4103.1060 6.8823e+14 6.3020e+14
4103.1185 6.8823e+14 6.3021e+14
4103.1310 6.8823e+14 6.3021e+14
4103.1435 6.8823e+14 6.3022e+14
4103.1560 6.8823e+14 6.3023e+14
4103.1685 6.8823e+14 6.3023e+14
4103.1810 6.8823e+14 6.3024e+14
4103.1935 6.8823e+14 6.3024e+14
4103.2060 6.8823e+14 6.3025e+14
4103.2185 6.8823e+14 6.3026e+14
4103.2310 6.8823e+14 6.3026e+14
4103.2435 6.8823e+14 6.3027e+14
4103.2560 6.8823e+14 6.3027e+14
4103.2685 6.8823e+14 6.3028e+14
4103.2810 6.8823e+14 6.3029e+14
4103.2935 6.8823e+14 6.3029e+14
4103.3060 6.8823e+14 6.3030e+14
4103.3185 6.8823e+14 6.3031e+14
4103.3310 6.8823e+14 6.3031e+14
4103.3435 6.8823e+14 6.3032e+14
4103.3560 6.8823e+14 6.3033e+14
4103.3685 6.8823e+14 6.3033e+14
4103.3810 6.8823e+14 6.3034e+14
4103.3935 6.8823e+14 6.3035e+14
4103.4060 6.8823e+14 6.3035e+14
4103.4185 6.8823e+14 6.3036e+14
4103.4310 6.8823e+14 6.3037e+14
4103.4435 6.8823e+14 6.3037e+14
4103.4560 6.8823e+14 6.3038e+14
4103.4685 6.8823e+14 6.3039e+14
4103.4810 6.8823e+14 6.3040e+14
4103.4935 6.8823e+14 6.3040e+14
4103.5060 6.8823e+14 6.3041e+14
4103.5185 6.8823e+14 6.3042e+14
4103.5310 6.8823e+14 6.3042e+14
4103.5435 6.8823e+14 6.3043e+14
4103.5559 6.8823e+14 6.3044e+14
4103.5684 6.8823e+14 6.3045e+14
4103.5809 6.8823e+14 6.3045e+14
4103.5934 6.8823e+14 6.3046e+14
4103.6059 6.8823e+14 6.3047e+14
4103.6184 6.8823e+14 6.3048e+14
4103.6309 6.8823e+14 6.3048e+14
4103.6434 6.8823e+14 6.3049e+14
4103.6559 6.8823e+14 6.3050e+14
4103.6684 6.8823e+14 6.3051e+14
4103.6809 6.8823e+14 6.3052e+14
4103.6934 6.8823e+14 6.3052e+14
4103.7059 6.8823e+14 6.3053e+14
4103.7184 6.8823e+14 6.3054e+14
4103.7309 6.8823e+14 6.3055e+14
4103.7434 6.8823e+14 6.3056e+14
4103.7559 6.8823e+14 6.3056e+14
4103.7684 6.8823e+14 6.3057e+14
4103.7809 6.8823e+14 6.3058e+14
4103.7934 6.8823e+14 6.3059e+14
4103.8059 6.8823e+14 6.3060e+14
4103.8184 6.8823e+14 6.3060e+14
4103.8309 6.8823e+14 6.3061e+14
4103.8434 6.8823e+14 6.3062e+14
4103.8559 6.8823e+14 6.3063e+14
4103.8684 6.8823e+14 6.3064e+14
4103.8809 6.8823e+14 6.3065e+14
4103.8934 6.8823e+14 6.3066e+14
4103.9059 6.8823e+14 6.3066e+14
4103.9184 6.8823e+14 6.3067e+14
4103.9309 6.8823e+14 6.3068e+14
4103.9434 6.8823e+14 6.3069e+14
4103.9559 6.8823e+14 6.3070e+14
4103.9684 6.8824e+14 6.3071e+14
4103.9809 6.8824e+14 6.3072e+14
4103.9934 6.8824e+14 6.3073e+14
4104.0059 6.8824e+14 6.3074e+14
4104.0184 6.8824e+14 6.3074e+14
4104.0309 6.8824e+14 6.3075e+14
4104.0434 6.8824e+14 6.3076e+14
4104.0559 6.8824e+14 6.3077e+14
4104.0684 6.8824e+14 6.3078e+14
4104.0809 6.8824e+14 6.3079e+14
4104.0934 6.8824e+14 6.3080e+14
4104.1059 6.8824e+14 6.3081e+14
4104.1184 6.8824e+14 6.3082e+14
4104.1309 6.8824e+14 6.3083e+14
4104.1434 6.8824e+14 6.3084e+14
4104.1559 6.8824e+14 6.3085e+14
4104.1683 6.8824e+14 6.3086e+14
4104.1808 6.8824e+14 6.3087e+14
4104.1933 6.8824e+14 6.3088e+14
4104.2058 6.8824e+14 6.3089e+14
4104.2183 6.8824e+14 6.3090e+14
4104.2308 6.8824e+14 6.3091e+14
4104.2433 6.8824e+14 6.3092e+14
4104.2558 6.8824e+14 6.3093e+14
4104.2683 6.8824e+14 6.3094e+14
4104.2808 6.8824e+14 6.3095e+14
4104.2933 6.8824e+14 6.3096e+14
4104.3058 6.8824e+14 6.3097e+14
4104.3183 6.8824e+14 6.3098e+14
4104.3308 6.8824e+14 6.3099e+14
4104.3433 6.8824e+14 6.3100e+14
4104.3558 6.8824e+14 6.3101e+14
4104.3683 6.8824e+14 6.3102e+14
4104.3808 6.8824e+14 6.3103e+14
4104.3933 6.8824e+14 6.3104e+14
4104.4058 6.8824e+14 6.3105e+14
4104.4183 6.8824e+14 6.3106e+14
4104.4308 6.8824e+14 6.3107e+14
4104.4433 6.8824e+14 6.3108e+14
4104.4558 6.8824e+14 6.3109e+14
4104.4683 6.8824e+14 6.3110e+14
4104.4808 6.8824e+14 6.3111e+14
4104.4933 6.8824e+14 6.3112e+14
4104.5058 6.8824e+14 6.3114e+14
4104.5183 6.8824e+14 6.3115e+14
4104.5308 6.8824e+14 6.3116e+14
4104.5433 6.8824e+14 6.3117e+14
4104.5558 6.8824e+14 6.3118e+14
4104.5683 6.8824e+14 6.3119e+14
4104.5808 6.8824e+14 6.3120e+14
4104.5933 6.8824e+14 6.3121e+14
4104.6058 6.8824e+14 6.3122e+14
4104.6183 6.8824e+14 6.3124e+14
4104.6308 6.8824e+14 6.3125e+14
4104.6433 6.8824e+14 6.3126e+14
4104.6558 6.8824e+14 6.3127e+14
4104.6683 6.8824e+14 6.3128e+14
4104.6808 6.8824e+14 6.3129e+14
4104.6933 6.8824e+14 6.3130e+14
4104.7058 6.8824e+14 6.3132e+14
4104.7183 6.8824e+14 6.3133e+14
4104.7308 6.8824e+14 6.3134e+14
4104.7433 6.8824e+14 6.3135e+14
4104.7558 6.8824e+14 6.3136e+14
4104.7683 6.8824e+14 6.3137e+14
4104.7807 6.8824e+14 6.3139e+14
4104.7932 6.8824e+14 6.3140e+14
4104.8057 6.8824e+14 6.3141e+14
4104.8182 6.8824e+14 6.3142e+14
4104.8307 6.8824e+14 6.3143e+14
4104.8432 6.8824e+14 6.3145e+14
4104.8557 6.8824e+14 6.3146e+14
4104.8682 6.8824e+14 6.3147e+14
4104.8807 6.8824e+14 6.3148e+14
4104.8932 6.8824e+14 6.3149e+14
4104.9057 6.8824e+14 6.3151e+14
4104.9182 6.8824e+14 6.3152e+14
4104.9307 6.8824e+14 6.3153e+14
4104.9432 6.8824e+14 6.3154e+14
4104.9557 6.8824e+14 6.3156e+14
4104.9682 6.8824e+14 6.3157e+14
4104.9807 6.8824e+14 6.3158e+14
4104.9932 6.8824e+14 6.3159e+14
4105.0057 6.8824e+14 6.3161e+14
4105.0182 6.8824e+14 6.3162e+14
4105.0307 6.8824e+14 6.3163e+14
4105.0432 6.8824e+14 6.3164e+14
4105.0557 6.8824e+14 6.3166e+14
4105.0682 6.8824e+14 6.3167e+14
4105.0807 6.8824e+14 6.3168e+14
4105.0932 6.8824e+14 6.3170e+14
4105.1057 6.8824e+14 6.3171e+14
4105.1182 6.8824e+14 6.3172e+14
4105.1307 6.8824e+14 6.3173e+14
4105.1432 6.8824e+14 6.3175e+14
4105.1557 6.8824e+14 6.3176e+14
4105.1682 6.8824e+14 6.3177e+14
4105.1807 6.8824e+14 6.3179e+14
4105.1932 6.8824e+14 6.3180e+14
4105.2057 6.8824e+14 6.3181e+14
4105.2182 6.8824e+14 6.3183e+14
4105.2307 6.8824e+14 6.3184e+14
4105.2432 6.8824e+14 6.3185e+14
4105.2557 6.8824e+14 6.3187e+14
4105.2682 6.8824e+14 6.3188e+14
4105.2807 6.8824e+14 6.3189e+14
4105.2932 6.8824e+14 6.3191e+14
4105.3057 6.8824e+14 6.3192e+14
4105.3182 6.8824e+14 6.3193e+14
4105.3307 6.8824e+14 6.3195e+14
4105.3432 6.8824e+14 6.3196e+14
4105.3557 6.8824e+14 6.3198e+14
4105.3682 6.8824e+14 6.3199e+14
4105.3807 6.8824e+14 6.3200e+14
4105.3931 6.8824e+14 6.3202e+14
4105.4056 6.8824e+14 6.3203e+14
4105.4181 6.8825e+14 6.3204e+14
4105.4306 6.8825e+14 6.3206e+14
4105.4431 6.8825e+14 6.3207e+14
4105.4556 6.8825e+14 6.3209e+14
4105.4681 6.8825e+14 6.3210e+14
4105.4806 6.8825e+14 6.3211e+14
4105.4931 6.8825e+14 6.3213e+14
4105.5056 6.8825e+14 6.3214e+14
4105.5181 6.8825e+14 6.3216e+14
4105.5306 6.8825e+14 6.3217e+14
4105.5431 6.8825e+14 6.3219e+14
4105.5556 6.8825e+14 6.3220e+14
4105.5681 6.8825e+14 6.3221e+14
4105.5806 6.8825e+14 6.3223e+14
4105.5931 6.8825e+14 6.3224e+14
4105.6056 6.8825e+14 6.3226e+14
4105.6181 6.8825e+14 6.3227e+14
4105.6306 6.8825e+14 6.3229e+14
4105.6431 6.8825e+14 6.3230e+14
4105.6556 6.8825e+14 6.3232e+14
4105.6681 6.8825e+14 6.3233e+14
4105.6806 6.8825e+14 6.3235e+14
4105.6931 6.8825e+14 6.3236e+14
4105.7056 6.8825e+14 6.3238e+14
4105.7181 6.8825e+14 6.3239e+14
4105.7306 6.8825e+14 6.3241e+14
4105.7431 6.8825e+14 6.3242e+14
4105.7556 6.8825e+14 6.3244e+14
4105.7681 6.8825e+14 6.3245e+14
4105.7806 6.8825e+14 6.3247e+14
4105.7931 6.8825e+14 6.3248e+14
4105.8056 6.8825e+14 6.3250e+14
4105.8181 6.8825e+14 6.3251e+14
4105.8306 6.8825e+14 6.3253e+14
4105.8431 6.8825e+14 6.3254e+14
4105.8556 6.8825e+14 6.3256e+14
4105.8681 6.8825e+14 6.3257e+14
4105.8806 6.8825e+14 6.3259e+14
4105.8931 6.8825e+14 6.3260e+14
4105.9056 6.8825e+14 6.3262e+14
4105.9181 6.8825e+14 6.3263e+14
4105.9306 6.8825e+14 6.3265e+14
4105.9431 6.8825e+14 6.3267e+14
4105.9556 6.8825e+14 6.3268e+14
4105.9681 6.8825e+14 6.3270e+14
4105.9806 6.8825e+14 6.3271e+14
4105.9931 6.8825e+14 6.3273e+14
4106.0056 6.8825e+14 6.3274e+14
4106.0180 6.8825e+14 6.3276e+14
4106.0305 6.8825e+14 6.3277e+14
4106.0430 6.8825e+14 6.3279e+14
4106.0555 6.8825e+14 6.3281e+14
4106.0680 6.8825e+14 6.3282e+14
4106.0805 6.8825e+14 6.3284e+14
4106.0930 6.8825e+14 6.3285e+14
4106.1055 6.8825e+14 6.3287e+14
4106.1180 6.8825e+14 6.3289e+14
4106.1305 6.8825e+14 6.3290e+14
4106.1430 6.8825e+14 6.3292e+14
4106.1555 6.8825e+14 6.3294e+14
4106.1680 6.8825e+14 6.3295e+14
4106.1805 6.8825e+14 6.3297e+14
4106.1930 6.8825e+14 6.3298e+14
4106.2055 6.8825e+14 6.3300e+14
4106.2180 6.8825e+14 6.3302e+14
4106.2305 6.8825e+14 6.3303e+14
4106.2430 6.8825e+14 6.3305e+14
4106.2555 6.8825e+14 6.3307e+14
4106.2680 6.8825e+14 6.3308e+14
4106.2805 6.8825e+14 6.3310e+14
4106.2930 6.8825e+14 6.3312e+14
4106.3055 6.8825e+14 6.3313e+14
4106.3180 6.8825e+14 6.3315e+14
4106.3305 6.8825e+14 6.3317e+14
4106.3430 6.8825e+14 6.3318e+14
4106.3555 6.8825e+14 6.3320e+14
4106.3680 6.8825e+14 6.3322e+14
4106.3805 6.8825e+14 6.3323e+14
4106.3930 6.8825e+14 6.3325e+14
4106.4055 6.8825e+14 6.3327e+14
4106.4180 6.8825e+14 6.3328e+14
4106.4305 6.8825e+14 6.3330e+14
4106.4430 6.8825e+14 6.3332e+14
4106.4555 6.8825e+14 6.3333e+14
4106.4680 6.8825e+14 6.3335e+14
4106.4805 6.8825e+14 6.3337e+14
4106.4930 6.8825e+14 6.3338e+14
4106.5055 6.8825e+14 6.3340e+14
4106.5180 6.8825e+14 6.3342e+14
4106.5305 6.8825e+14 6.3344e+14
4106.5430 6.8825e+14 6.3345e+14
4106.5555 6.8825e+14 6.3347e+14
4106.5680 6.8825e+14 6.3349e+14
4106.5805 6.8825e+14 6.3351e+14
4106.5930 6.8825e+14 6.3352e+14
4106.6055 6.8825e+14 6.3354e+14
4106.6180 6.8825e+14 6.3356e+14
4106.6304 6.8825e+14 6.3358e+14
4106.6429 6.8825e+14 6.3359e+14
4106.6554 6.8825e+14 6.3361e+14
4106.6679 6.8825e+14 6.3363e+14
4106.6804 6.8825e+14 6.3365e+14
4106.6929 6.8825e+14 6.3366e+14
4106.7054 6.8825e+14 6.3368e+14
4106.7179 6.8825e+14 6.3370e+14
4106.7304 6.8825e+14 6.3372e+14
4106.7429 6.8825e+14 6.3373e+14
4106.7554 6.8825e+14 6.3375e+14
4106.7679 6.8825e+14 6.3377e+14
4106.7804 6.8825e+14 6.3379e+14
4106.7929 6.8825e+14 6.3381e+14
4106.8054 6.8825e+14 6.3382e+14
4106.8179 6.8825e+14 6.3384e+14
4106.8304 6.8825e+14 6.3386e+14
4106.8429 6.8825e+14 6.3388e+14
4106.8554 6.8825e+14 6.3390e+14
4106.8679 6.8825e+14 6.3391e+14
4106.8804 6.8825e+14 6.3393e+14
4106.8929 6.8825e+14 6.3395e+14
4106.9054 6.8825e+14 6.3397e+14
4106.9179 6.8825e+14 6.3399e+14
4106.9304 6.8826e+14 6.3400e+14
4106.9429 6.8826e+14 6.3402e+14
4106.9554 6.8826e+14 6.3404e+14
4106.9679 6.8826e+14 6.3406e+14
4106.9804 6.8826e+14 6.3408e+14
4106.9929 6.8826e+14 6.3410e+14
4107.0054 6.8826e+14 6.3411e+14
4107.0179 6.8826e+14 6.3413e+14
4107.0304 6.8826e+14 6.3415e+14
4107.0429 6.8826e+14 6.3417e+14
4107.0554 6.8826e+14 6.3419e+14
4107.0679 6.8826e+14 6.3421e+14
4107.0804 6.8826e+14 6.3423e+14
4107.0929 6.8826e+14 6.3424e+14
4107.1054 6.8826e+14 6.3426e+14
4107.1179 6.8826e+14 6.3428e+14
4107.1304 6.8826e+14 6.3430e+14
4107.1429 6.8826e+14 6.3432e+14
4107.1554 6.8826e+14 6.3434e+14
4107.1679 6.8826e+14 6.3436e+14
4107.1804 6.8826e+14 6.3438e+14
4107.1929 6.8826e+14 6.3440e+14
4107.2054 6.8826e+14 6.3441e+14
4107.2179 6.8826e+14 6.3443e+14
4107.2304 6.8826e+14 6.3445e+14
4107.2428 6.8826e+14 6.3447e+14
4107.2553 6.8826e+14 6.3449e+14
4107.2678 6.8826e+14 6.3451e+14
4107.2803 6.8826e+14 6.3453e+14
4107.2928 6.8826e+14 6.3455e+14
4107.3053 6.8826e+14 6.3457e+14
4107.3178 6.8826e+14 6.3459e+14
4107.3303 6.8826e+14 6.3460e+14
4107.3428 6.8826e+14 6.3462e+14
4107.3553 6.8826e+14 6.3464e+14
4107.3678 6.8826e+14 6.3466e+14
4107.3803 6.8826e+14 6.3468e+14
4107.3928 6.8826e+14 6.3470e+14
4107.4053 6.8826e+14 6.3472e+14
4107.4178 6.8826e+14 6.3474e+14
4107.4303 6.8826e+14 6.3476e+14
4107.4428 6.8826e+14 6.3478e+14
4107.4553 6.8826e+14 6.3480e+14
4107.4678 6.8826e+14 6.3482e+14
4107.4803 6.8826e+14 6.3484e+14
4107.4928 6.8826e+14 6.3486e+14
4107.5053 6.8826e+14 6.3488e+14
4107.5178 6.8826e+14 6.3490e+14
4107.5303 6.8826e+14 6.3492e+14
4107.5428 6.8826e+14 6.3494e+14
4107.5553 6.8826e+14 6.3496e+14
4107.5678 6.8826e+14 6.3498e+14
4107.5803 6.8826e+14 6.3500e+14
4107.5928 6.8826e+14 6.3501e+14
4107.6053 6.8826e+14 6.3503e+14
4107.6178 6.8826e+14 6.3505e+14
4107.6303 6.8826e+14 6.3507e+14
4107.6428 6.8826e+14 6.3509e+14
4107.6553 6.8826e+14 6.3511e+14
4107.6678 6.8826e+14 6.3513e+14
4107.6803 6.8826e+14 6.3515e+14
4107.6928 6.8826e+14 6.3517e+14
4107.7053 6.8826e+14 6.3519e+14
4107.7178 6.8826e+14 6.3521e+14
4107.7303 6.8826e+14 6.3523e+14
4107.7428 6.8826e+14 6.3525e+14
4107.7553 6.8826e+14 6.3527e+14
4107.7678 6.8826e+14 6.3529e+14
4107.7803 6.8826e+14 6.3532e+14
4107.7928 6.8826e+14 6.3534e+14
4107.8053 6.8826e+14 6.3536e+14
4107.8178 6.8826e+14 6.3538e+14
4107.8303 6.8826e+14 6.3540e+14
4107.8428 6.8826e+14 6.3542e+14
4107.8552 6.8826e+14 6.3544e+14
4107.8677 6.8826e+14 6.3546e+14
4107.8802 6.8826e+14 6.3548e+14
4107.8927 6.8826e+14 6.3550e+14
4107.9052 6.8826e+14 6.3552e+14
4107.9177 6.8826e+14 6.3554e+14
4107.9302 6.8826e+14 6.3556e+14
4107.9427 6.8826e+14 6.3558e+14
4107.9552 6.8826e+14 6.3560e+14
4107.9677 6.8826e+14 6.3562e+14
4107.9802 6.8826e+14 6.3564e+14
4107.9927 6.8826e+14 6.3566e+14
4108.0052 6.8826e+14 6.3568e+14
4108.0177 6.8826e+14 6.3570e+14
4108.0302 6.8826e+14 6.3572e+14
4108.0427 6.8826e+14 6.3575e+14
4108.0552 6.8826e+14 6.3577e+14
4108.0677 6.8826e+14 6.3579e+14
4108.0802 6.8826e+14 6.3581e+14
4108.0927 6.8826e+14 6.3583e+14
4108.1052 6.8826e+14 6.3585e+14
4108.1177 6.8826e+14 6.3587e+14
4108.1302 6.8826e+14 6.3589e+14
4108.1427 6.8826e+14 6.3591e+14
4108.1552 6.8826e+14 6.3593e+14
4108.1677 6.8826e+14 6.3595e+14
4108.1802 6.8826e+14 6.3598e+14
4108.1927 6.8826e+14 6.3600e+14
4108.2052 6.8826e+14 6.3602e+14
4108.2177 6.8826e+14 6.3604e+14
4108.2302 6.8826e+14 6.3606e+14
4108.2427 6.8826e+14 6.3608e+14
4108.2552 6.8826e+14 6.3610e+14
4108.2677 6.8826e+14 6.3612e+14
4108.2802 6.8826e+14 6.3614e+14
4108.2927 6.8826e+14 6.3617e+14
4108.3052 6.8826e+14 6.3619e+14
4108.3177 6.8826e+14 6.3621e+14
4108.3302 6.8826e+14 6.3623e+14
4108.3427 6.8826e+14 6.3625e+14
4108.3552 6.8826e+14 6.3627e+14
4108.3677 6.8826e+14 6.3629e+14
4108.3802 6.8826e+14 6.3631e+14
4108.3927 6.8826e+14 6.3634e+14
4108.4052 6.8826e+14 6.3636e+14
4108.4177 6.8826e+14 6.3638e+14
4108.4302 6.8826e+14 6.3640e+14
4108.4427 6.8826e+14 6.3642e+14
4108.4552 6.8826e+14 6.3644e+14
4108.4677 6.8826e+14 6.3646e+14
4108.4801 6.8826e+14 6.3649e+14
4108.4926 6.8826e+14 6.3651e+14
4108.5051 6.8826e+14 6.3653e+14
4108.5176 6.8826e+14 6.3655e+14
4108.5301 6.8827e+14 6.3657e+14
4108.5426 6.8827e+14 6.3659e+14
4108.5551 6.8827e+14 6.3662e+14
4108.5676 6.8827e+14 6.3664e+14
4108.5801 6.8827e+14 6.3666e+14
4108.5926 6.8827e+14 6.3668e+14
4108.6051 6.8827e+14 6.3670e+14
4108.6176 6.8827e+14 6.3672e+14
4108.6301 6.8827e+14 6.3675e+14
4108.6426 6.8827e+14 6.3677e+14
4108.6551 6.8827e+14 6.3679e+14
4108.6676 6.8827e+14 6.3681e+14
4108.6801 6.8827e+14 6.3683e+14
4108.6926 6.8827e+14 6.3686e+14
4108.7051 6.8827e+14 6.3688e+14
4108.7176 6.8827e+14 6.3690e+14
4108.7301 6.8827e+14 6.3692e+14
4108.7426 6.8827e+14 6.3694e+14
4108.7551 6.8827e+14 6.3697e+14
4108.7676 6.8827e+14 6.3699e+14
4108.7801 6.8827e+14 6.3701e+14
4108.7926 6.8827e+14 6.3703e+14
4108.8051 6.8827e+14 6.3705e+14
4108.8176 6.8827e+14 6.3708e+14
4108.8301 6.8827e+14 6.3710e+14
4108.8426 6.8827e+14 6.3712e+14
4108.8551 6.8827e+14 6.3714e+14
4108.8676 6.8827e+14 6.3716e+14
4108.8801 6.8827e+14 6.3719e+14
4108.8926 6.8827e+14 6.3721e+14
4108.9051 6.8827e+14 6.3723e+14
4108.9176 6.8827e+14 6.3725e+14
4108.9301 6.8827e+14 6.3728e+14
4108.9426 6.8827e+14 6.3730e+14
4108.9551 6.8827e+14 6.3732e+14
4108.9676 6.8827e+14 6.3734e+14
4108.9801 6.8827e+14 6.3736e+14
4108.9926 6.8827e+14 6.3739e+14
4109.0051 6.8827e+14 6.3741e+14
4109.0176 6.8827e+14 6.3743e+14
4109.0301 6.8827e+14 6.3745e+14
4109.0426 6.8827e+14 6.3748e+14
4109.0551 6.8827e+14 6.3750e+14
4109.0676 6.8827e+14 6.3752e+14
4109.0801 6.8827e+14 6.3754e+14
4109.0925 6.8827e+14 6.3757e+14
4109.1050 6.8827e+14 6.3759e+14
4109.1175 6.8827e+14 6.3761e+14
4109.1300 6.8827e+14 6.3763e+14
4109.1425 6.8827e+14 6.3766e+14
4109.1550 6.8827e+14 6.3768e+14
4109.1675 6.8827e+14 6.3770e+14
4109.1800 6.8827e+14 6.3772e+14
4109.1925 6.8827e+14 6.3775e+14
4109.2050 6.8827e+14 6.3777e+14
4109.2175 6.8827e+14 6.3779e+14
4109.2300 6.8827e+14 6.3782e+14
4109.2425 6.8827e+14 6.3784e+14
4109.2550 6.8827e+14 6.3786e+14
4109.2675 6.8827e+14 6.3788e+14
4109.2800 6.8827e+14 6.3791e+14
4109.2925 6.8827e+14 6.3793e+14
4109.3050 6.8827e+14 6.3795e+14
4109.3175 6.8827e+14 6.3798e+14
4109.3300 6.8827e+14 6.3800e+14
4109.3425 6.8827e+14 6.3802e+14
4109.3550 6.8827e+14 6.3804e+14
4109.3675 6.8827e+14 6.3807e+14
4109.3800 6.8827e+14 6.3809e+14
4109.3925 6.8827e+14 6.3811e+14
4109.4050 6.8827e+14 6.3814e+14
4109.4175 6.8827e+14 6.3816e+14
4109.4300 6.8827e+14 6.3818e+14
4109.4425 6.8827e+14 6.3820e+14
4109.4550 6.8827e+14 6.3823e+14
4109.4675 6.8827e+14 6.3825e+14
4109.4800 6.8827e+14 6.3827e+14
4109.4925 6.8827e+14 6.3830e+14
4109.5050 6.8827e+14 6.3832e+14
4109.5175 6.8827e+14 6.3834e+14
4109.5300 6.8827e+14 6.3837e+14
4109.5425 6.8827e+14 6.3839e+14
4109.5550 6.8827e+14 6.3841e+14
4109.5675 6.8827e+14 6.3844e+14
4109.5800 6.8827e+14 6.3846e+14
4109.5925 6.8827e+14 6.3848e+14
4109.6050 6.8827e+14 6.3850e+14
4109.6175 6.8827e+14 6.3853e+14
4109.6300 6.8827e+14 6.3855e+14
4109.6425 6.8827e+14 6.3857e+14
4109.6550 6.8827e+14 6.3860e+14
4109.6675 6.8827e+14 6.3862e+14
4109.6800 6.8827e+14 6.3864e+14
4109.6925 6.8827e+14 6.3867e+14
4109.7049 6.8827e+14 6.3869e+14
4109.7174 6.8827e+14 6.3871e+14
4109.7299 6.8827e+14 6.3874e+14
4109.7424 6.8827e+14 6.3876e+14
4109.7549 6.8827e+14 6.3878e+14
4109.7674 6.8827e+14 6.3881e+14
4109.7799 6.8827e+14 6.3883e+14
4109.7924 6.8827e+14 6.3885e+14
4109.8049 6.8827e+14 6.3888e+14
4109.8174 6.8827e+14 6.3890e+14
4109.8299 6.8827e+14 6.3893e+14
4109.8424 6.8827e+14 6.3895e+14
4109.8549 6.8827e+14 6.3897e+14
4109.8674 6.8827e+14 6.3900e+14
4109.8799 6.8827e+14 6.3902e+14
4109.8924 6.8827e+14 6.3904e+14
4109.9049 6.8827e+14 6.3907e+14
4109.9174 6.8827e+14 6.3909e+14
4109.9299 6.8827e+14 6.3911e+14
4109.9424 6.8827e+14 6.3914e+14
4109.9549 6.8827e+14 6.3916e+14
4109.9674 6.8827e+14 6.3918e+14
4109.9799 6.8827e+14 6.3921e+14
4109.9924 6.8827e+14 6.3923e+14
4110.0049 6.8827e+14 6.3925e+14
4110.0174 6.8827e+14 6.3928e+14
4110.0299 6.8827e+14 6.3930e+14
4110.0424 6.8827e+14 6.3933e+14
4110.0549 6.8827e+14 6.3935e+14
4110.0674 6.8827e+14 6.3937e+14
4110.0799 6.8827e+14 6.3940e+14
4110.0924 6.8827e+14 6.3942e+14
4110.1049 6.8827e+14 6.3944e+14
4110.1174 6.8827e+14 6.3947e+14
4110.1299 6.8827e+14 6.3949e+14
4110.1424 6.8827e+14 6.3952e+14
4110.1549 6.8827e+14 6.3954e+14
4110.1674 6.8827e+14 6.3956e+14
4110.1799 6.8827e+14 6.3959e+14
4110.1924 6.8827e+14 6.3961e+14
4110.2049 6.8828e+14 6.3964e+14
4110.2174 6.8828e+14 6.3966e+14
4110.2299 6.8828e+14 6.3968e+14
4110.2424 6.8828e+14 6.3971e+14
4110.2549 6.8828e+14 6.3973e+14
4110.2674 6.8828e+14 6.3975e+14
4110.2799 6.8828e+14 6.3978e+14
4110.2924 6.8828e+14 6.3980e+14
4110.3049 6.8828e+14 6.3983e+14
4110.3173 6.8828e+14 6.3985e+14
4110.3298 6.8828e+14 6.3987e+14
4110.3423 6.8828e+14 6.3990e+14
4110.3548 6.8828e+14 6.3992e+14
4110.3673 6.8828e+14 6.3995e+14
4110.3798 6.8828e+14 6.3997e+14
4110.3923 6.8828e+14 6.3999e+14
4110.4048 6.8828e+14 6.4002e+14
4110.4173 6.8828e+14 6.4004e+14
4110.4298 6.8828e+14 6.4007e+14
4110.4423 6.8828e+14 6.4009e+14
4110.4548 6.8828e+14 6.4011e+14
4110.4673 6.8828e+14 6.4014e+14
4110.4798 6.8828e+14 6.4016e+14
4110.4923 6.8828e+14 6.4019e+14
4110.5048 6.8828e+14 6.4021e+14
4110.5173 6.8828e+14 6.4023e+14
4110.5298 6.8828e+14 6.4026e+14
4110.5423 6.8828e+14 6.4028e+14
4110.5548 6.8828e+14 6.4031e+14
4110.5673 6.8828e+14 6.4033e+14
4110.5798 6.8828e+14 6.4036e+14
4110.5923 6.8828e+14 6.4038e+14
4110.6048 6.8828e+14 6.4040e+14
4110.6173 6.8828e+14 6.4043e+14
4110.6298 6.8828e+14 6.4045e+14
4110.6423 6.8828e+14 6.4048e+14
4110.6548 6.8828e+14 6.4050e+14
4110.6673 6.8828e+14 6.4052e+14
4110.6798 6.8828e+14 6.4055e+14
4110.6923 6.8828e+14 6.4057e+14
4110.7048 6.8828e+14 6.4060e+14
4110.7173 6.8828e+14 6.4062e+14
4110.7298 6.8828e+14 6.4065e+14
4110.7423 6.8828e+14 6.4067e+14
4110.7548 6.8828e+14 6.4069e+14
4110.7673 6.8828e+14 6.4072e+14
4110.7798 6.8828e+14 6.4074e+14
4110.7923 6.8828e+14 6.4077e+14
4110.8048 6.8828e+14 6.4079e+14
4110.8173 6.8828e+14 6.4082e+14
4110.8298 6.8828e+14 6.4084e+14
4110.8423 6.8828e+14 6.4087e+14
4110.8548 6.8828e+14 6.4089e+14
4110.8673 6.8828e+14 6.4091e+14
4110.8798 6.8828e+14 6.4094e+14
4110.8923 6.8828e+14 6.4096e+14
4110.9048 6.8828e+14 6.4099e+14
4110.9173 6.8828e+14 6.4101e+14
4110.9297 6.8828e+14 6.4104e+14
4110.9422 6.8828e+14 6.4106e+14
4110.9547 6.8828e+14 6.4108e+14
4110.9672 6.8828e+14 6.4111e+14
4110.9797 6.8828e+14 6.4113e+14
4110.9922 6.8828e+14 6.4116e+14
4111.0047 6.8828e+14 6.4118e+14
4111.0172 6.8828e+14 6.4121e+14
4111.0297 6.8828e+14 6.4123e+14
4111.0422 6.8828e+14 6.4126e+14
4111.0547 6.8828e+14 6.4128e+14
4111.0672 6.8828e+14 6.4130e+14
4111.0797 6.8828e+14 6.4133e+14
4111.0922 6.8828e+14 6.4135e+14
4111.1047 6.8828e+14 6.4138e+14
4111.1172 6.8828e+14 6.4140e+14
4111.1297 6.8828e+14 6.4143e+14
4111.1422 6.8828e+14 6.4145e+14
4111.1547 6.8828e+14 6.4148e+14
4111.1672 6.8828e+14 6.4150e+14
4111.1797 6.8828e+14 6.4153e+14
4111.1922 6.8828e+14 6.4155e+14
4111.2047 6.8828e+14 6.4157e+14
4111.2172 6.8828e+14 6.4160e+14
4111.2297 6.8828e+14 6.4162e+14
4111.2422 6.8828e+14 6.4165e+14
4111.2547 6.8828e+14 6.4167e+14
4111.2672 6.8828e+14 6.4170e+14
4111.2797 6.8828e+14 6.4172e+14
4111.2922 6.8828e+14 6.4175e+14
4111.3047 6.8828e+14 6.4177e+14
4111.3172 6.8828e+14 6.4180e+14
4111.3297 6.8828e+14 6.4182e+14
4111.3422 6.8828e+14 6.4185e+14
4111.3547 6.8828e+14 6.4187e+14
4111.3672 6.8828e+14 6.4189e+14
4111.3797 6.8828e+14 6.4192e+14
4111.3922 6.8828e+14 6.4194e+14
4111.4047 6.8828e+14 6.4197e+14
4111.4172 6.8828e+14 6.4199e+14
4111.4297 6.8828e+14 6.4202e+14
4111.4422 6.8828e+14 6.4204e+14
4111.4547 6.8828e+14 6.4207e+14
4111.4672 6.8828e+14 6.4209e+14
4111.4797 6.8828e+14 6.4212e+14
4111.4922 6.8828e+14 6.4214e+14
4111.5047 6.8828e+14 6.4217e+14
4111.5172 6.8828e+14 6.4219e+14
4111.5297 6.8828e+14 6.4222e+14
4111.5422 6.8828e+14 6.4224e+14
4111.5546 6.8828e+14 6.4227e+14
4111.5671 6.8828e+14 6.4229e+14
4111.5796 6.8828e+14 6.4231e+14
4111.5921 6.8828e+14 6.4234e+14
4111.6046 6.8828e+14 6.4236e+14
4111.6171 6.8828e+14 6.4239e+14
4111.6296 6.8828e+14 6.4241e+14
4111.6421 6.8828e+14 6.4244e+14
4111.6546 6.8828e+14 6.4246e+14
4111.6671 6.8828e+14 6.4249e+14
4111.6796 6.8828e+14 6.4251e+14
4111.6921 6.8828e+14 6.4254e+14
4111.7046 6.8828e+14 6.4256e+14
4111.7171 6.8828e+14 6.4259e+14
4111.7296 6.8828e+14 6.4261e+14
4111.7421 6.8828e+14 6.4264e+14
4111.7546 6.8828e+14 6.4266e+14
4111.7671 6.8828e+14 6.4269e+14
4111.7796 6.8828e+14 6.4271e+14
4111.7921 6.8828e+14 6.4274e+14
4111.8046 6.8828e+14 6.4276e+14
4111.8171 6.8828e+14 6.4279e+14
4111.8296 6.8828e+14 6.4281e+14
4111.8421 6.8828e+14 6.4284e+14
4111.8546 6.8828e+14 6.4286e+14
4111.8671 6.8828e+14 6.4288e+14
4111.8796 6.8828e+14 6.4291e+14
4111.8921 6.8828e+14 6.4293e+14
4111.9046 6.8828e+14 6.4296e+14
4111.9171 6.8828e+14 6.4298e+14
4111.9296 6.8828e+14 6.4301e+14
4111.9421 6.8828e+14 6.4303e+14
4111.9546 6.8828e+14 6.4306e+14
4111.9671 6.8828e+14 6.4308e+14
4111.9796 6.8829e+14 6.4311e+14
4111.9921 6.8829e+14 6.4313e+14
4112.0046 6.8829e+14 6.4316e+14
4112.0171 6.8829e+14 6.4318e+14
4112.0296 6.8829e+14 6.4321e+14
4112.0421 6.8829e+14 6.4323e+14
4112.0546 6.8829e+14 6.4326e+14
4112.0671 6.8829e+14 6.4328e+14
4112.0796 6.8829e+14 6.4331e+14
4112.0921 6.8829e+14 6.4333e+14
4112.1046 6.8829e+14 6.4336e+14
4112.1171 6.8829e+14 6.4338e+14
4112.1296 6.8829e+14 6.4341e+14
4112.1421 6.8829e+14 6.4343e+14
4112.1546 6.8829e+14 6.4346e+14
4112.1670 6.8829e+14 6.4348e+14
4112.1795 6.8829e+14 6.4351e+14
4112.1920 6.8829e+14 6.4353e+14
4112.2045 6.8829e+14 6.4356e+14
4112.2170 6.8829e+14 6.4358e+14
4112.2295 6.8829e+14 6.4361e+14
4112.2420 6.8829e+14 6.4363e+14
4112.2545 6.8829e+14 6.4366e+14
4112.2670 6.8829e+14 6.4368e+14
4112.2795 6.8829e+14 6.4371e+14
4112.2920 6.8829e+14 6.4373e+14
4112.3045 6.8829e+14 6.4376e+14
4112.3170 6.8829e+14 6.4378e+14
4112.3295 6.8829e+14 6.4381e+14
4112.3420 6.8829e+14 6.4383e+14
4112.3545 6.8829e+14 6.4386e+14
4112.3670 6.8829e+14 6.4388e+14
4112.3795 6.8829e+14 6.4391e+14
4112.3920 6.8829e+14 6.4393e+14
4112.4045 6.8829e+14 6.4396e+14
4112.4170 6.8829e+14 6.4398e+14
4112.4295 6.8829e+14 6.4400e+14
4112.4420 6.8829e+14 6.4403e+14
4112.4545 6.8829e+14 6.4405e+14
4112.4670 6.8829e+14 6.4408e+14
4112.4795 6.8829e+14 6.4410e+14
4112.4920 6.8829e+14 6.4413e+14
4112.5045 6.8829e+14 6.4415e+14
4112.5170 6.8829e+14 6.4418e+14
4112.5295 6.8829e+14 6.4420e+14
4112.5420 6.8829e+14 6.4423e+14
4112.5545 6.8829e+14 6.4425e+14
4112.5670 6.8829e+14 6.4428e+14
4112.5795 6.8829e+14 6.4430e+14
4112.5920 6.8829e+14 6.4433e+14
4112.6045 6.8829e+14 6.4435e+14
4112.6170 6.8829e+14 6.4438e+14
4112.6295 6.8829e+14 6.4440e+14
4112.6420 6.8829e+14 6.4443e+14
4112.6545 6.8829e+14 6.4445e+14
4112.6670 6.8829e+14 6.4448e+14
4112.6795 6.8829e+14 6.4450e+14
4112.6920 6.8829e+14 6.4453e+14
4112.7045 6.8829e+14 6.4455e+14
4112.7170 6.8829e+14 6.4458e+14
4112.7295 6.8829e+14 6.4460e+14
4112.7420 6.8829e+14 6.4463e+14
4112.7545 6.8829e+14 6.4465e+14
4112.7670 6.8829e+14 6.4468e+14
4112.7794 6.8829e+14 6.4470e+14
4112.7919 6.8829e+14 6.4473e+14
4112.8044 6.8829e+14 6.4475e+14
4112.8169 6.8829e+14 6.4478e+14
4112.8294 6.8829e+14 6.4480e+14
4112.8419 6.8829e+14 6.4483e+14
4112.8544 6.8829e+14 6.4485e+14
4112.8669 6.8829e+14 6.4488e+14
4112.8794 6.8829e+14 6.4490e+14
4112.8919 6.8829e+14 6.4493e+14
4112.9044 6.8829e+14 6.4495e+14
4112.9169 6.8829e+14 6.4498e+14
4112.9294 6.8829e+14 6.4500e+14
4112.9419 6.8829e+14 6.4503e+14
4112.9544 6.8829e+14 6.4505e+14
4112.9669 6.8829e+14 6.4508e+14
4112.9794 6.8829e+14 6.4510e+14
4112.9919 6.8829e+14 6.4513e+14
4113.0044 6.8829e+14 6.4515e+14
4113.0169 6.8829e+14 6.4518e+14
4113.0294 6.8829e+14 6.4520e+14
4113.0419 6.8829e+14 6.4523e+14
4113.0544 6.8829e+14 6.4525e+14
4113.0669 6.8829e+14 6.4528e+14
4113.0794 6.8829e+14 6.4530e+14
4113.0919 6.8829e+14 6.4533e+14
4113.1044 6.8829e+14 6.4535e+14
4113.1169 6.8829e+14 6.4538e+14
4113.1294 6.8829e+14 6.4540e+14
4113.1419 6.8829e+14 6.4543e+14
4113.1544 6.8829e+14 6.4545e+14
4113.1669 6.8829e+14 6.4548e+14
4113.1794 6.8829e+14 6.4550e+14
4113.1919 6.8829e+14 6.4553e+14
4113.2044 6.8829e+14 6.4555e+14
4113.2169 6.8829e+14 6.4558e+14
4113.2294 6.8829e+14 6.4560e+14
4113.2419 6.8829e+14 6.4563e+14
4113.2544 6.8829e+14 6.4565e+14
4113.2669 6.8829e+14 6.4568e+14
4113.2794 6.8829e+14 6.4570e+14
4113.2919 6.8829e+14 6.4573e+14
4113.3044 6.8829e+14 6.4575e+14
4113.3169 6.8829e+14 6.4577e+14
4113.3294 6.8829e+14 6.4580e+14
4113.3419 6.8829e+14 6.4582e+14
4113.3544 6.8829e+14 6.4585e+14
4113.3669 6.8829e+14 6.4587e+14
4113.3794 6.8829e+14 6.4590e+14
4113.3918 6.8829e+14 6.4592e+14
4113.4043 6.8829e+14 6.4595e+14
4113.4168 6.8829e+14 6.4597e+14
4113.4293 6.8829e+14 6.4600e+14
4113.4418 6.8829e+14 6.4602e+14
4113.4543 6.8829e+14 6.4605e+14
4113.4668 6.8829e+14 6.4607e+14
4113.4793 6.8829e+14 6.4610e+14
4113.4918 6.8829e+14 6.4612e+14
4113.5043 6.8829e+14 6.4615e+14
4113.5168 6.8829e+14 6.4617e+14
4113.5293 6.8829e+14 6.4620e+14
4113.5418 6.8829e+14 6.4622e+14
4113.5543 6.8829e+14 6.4625e+14
4113.5668 6.8829e+14 6.4627e+14
4113.5793 6.8829e+14 6.4630e+14
4113.5918 6.8829e+14 6.4632e+14
4113.6043 6.8829e+14 6.4635e+14
4113.6168 6.8829e+14 6.4637e+14
4113.6293 6.8829e+14 6.4640e+14
4113.6418 6.8829e+14 6.4642e+14
4113.6543 6.8829e+14 6.4645e+14
4113.6668 6.8829e+14 6.4647e+14
4113.6793 6.8829e+14 6.4650e+14
4113.6918 6.8829e+14 6.4652e+14
4113.7043 6.8829e+14 6.4655e+14
4113.7168 6.8829e+14 6.4657e+14
4113.7293 6.8829e+14 6.4659e+14
4113.7418 6.8829e+14 6.4662e+14
4113.7543 6.8829e+14 6.4664e+14
4113.7668 6.8829e+14 6.4667e+14
4113.7793 6.8829e+14 6.4669e+14
4113.7918 6.8829e+14 6.4672e+14
4113.8043 6.8829e+14 6.4674e+14
4113.8168 6.8829e+14 6.4677e+14
4113.8293 6.8829e+14 6.4679e+14
4113.8418 6.8829e+14 6.4682e+14
4113.8543 6.8829e+14 6.4684e+14
4113.8668 6.8829e+14 6.4687e+14
4113.8793 6.8830e+14 6.4689e+14
4113.8918 6.8830e+14 6.4692e+14
4113.9043 6.8830e+14 6.4694e+14
4113.9168 6.8830e+14 6.4697e+14
4113.9293 6.8830e+14 6.4699e+14
4113.9418 6.8830e+14 6.4702e+14
4113.9543 6.8830e+14 6.4704e+14
4113.9668 6.8830e+14 6.4706e+14
4113.9793 6.8830e+14 6.4709e+14
4113.9918 6.8830e+14 6.4711e+14
4114.0043 6.8830e+14 6.4714e+14
4114.0167 6.8830e+14 6.4716e+14
4114.0292 6.8830e+14 6.4719e+14
4114.0417 6.8830e+14 6.4721e+14
4114.0542 6.8830e+14 6.4724e+14
4114.0667 6.8830e+14 6.4726e+14
4114.0792 6.8830e+14 6.4729e+14
4114.0917 6.8830e+14 6.4731e+14
4114.1042 6.8830e+14 6.4734e+14
4114.1167 6.8830e+14 6.4736e+14
4114.1292 6.8830e+14 6.4739e+14
4114.1417 6.8830e+14 6.4741e+14
4114.1542 6.8830e+14 6.4744e+14
4114.1667 6.8830e+14 6.4746e+14
4114.1792 6.8830e+14 6.4748e+14
4114.1917 6.8830e+14 6.4751e+14
