# Wavelength(Å) I_cont(erg/s/cm2/Å/sr) I_abs(erg/s/cm2/Å/sr)
4088.3458 1.2974e+15 1.5547e+14
4088.3592 1.2974e+15 1.5525e+14
4088.3725 1.2974e+15 1.5502e+14
4088.3859 1.2974e+15 1.5480e+14
4088.3992 1.2974e+15 1.5458e+14
4088.4126 1.2974e+15 1.5435e+14
4088.4260 1.2974e+15 1.5413e+14
4088.4393 1.2974e+15 1.5391e+14
4088.4527 1.2974e+15 1.5369e+14
4088.4660 1.2974e+15 1.5346e+14
4088.4794 1.2974e+15 1.5324e+14
4088.4928 1.2974e+15 1.5302e+14
4088.5061 1.2974e+15 1.5280e+14
4088.5195 1.2974e+15 1.5258e+14
4088.5328 1.2974e+15 1.5235e+14
4088.5462 1.2974e+15 1.5213e+14
4088.5596 1.2974e+15 1.5191e+14
4088.5729 1.2974e+15 1.5169e+14
4088.5863 1.2974e+15 1.5147e+14
4088.5996 1.2974e+15 1.5125e+14
4088.6130 1.2974e+15 1.5103e+14
4088.6264 1.2974e+15 1.5081e+14
4088.6397 1.2974e+15 1.5059e+14
4088.6531 1.2974e+15 1.5038e+14
4088.6665 1.2974e+15 1.5016e+14
4088.6798 1.2974e+15 1.4994e+14
4088.6932 1.2974e+15 1.4972e+14
4088.7065 1.2974e+15 1.4950e+14
4088.7199 1.2974e+15 1.4928e+14
4088.7333 1.2974e+15 1.4907e+14
4088.7466 1.2974e+15 1.4885e+14
4088.7600 1.2974e+15 1.4863e+14
4088.7733 1.2974e+15 1.4842e+14
4088.7867 1.2974e+15 1.4820e+14
4088.8001 1.2974e+15 1.4798e+14
4088.8134 1.2974e+15 1.4777e+14
4088.8268 1.2974e+15 1.4755e+14
4088.8401 1.2974e+15 1.4734e+14
4088.8535 1.2974e+15 1.4712e+14
4088.8669 1.2974e+15 1.4691e+14
4088.8802 1.2974e+15 1.4669e+14
4088.8936 1.2974e+15 1.4648e+14
4088.9069 1.2974e+15 1.4626e+14
4088.9203 1.2973e+15 1.4605e+14
4088.9337 1.2973e+15 1.4583e+14
4088.9470 1.2973e+15 1.4562e+14
4088.9604 1.2973e+15 1.4541e+14
4088.9738 1.2973e+15 1.4519e+14
4088.9871 1.2973e+15 1.4498e+14
4089.0005 1.2973e+15 1.4477e+14
4089.0138 1.2973e+15 1.4456e+14
4089.0272 1.2973e+15 1.4435e+14
4089.0406 1.2973e+15 1.4413e+14
4089.0539 1.2973e+15 1.4392e+14
4089.0673 1.2973e+15 1.4371e+14
4089.0806 1.2973e+15 1.4350e+14
4089.0940 1.2973e+15 1.4329e+14
4089.1074 1.2973e+15 1.4308e+14
4089.1207 1.2973e+15 1.4287e+14
4089.1341 1.2973e+15 1.4266e+14
4089.1474 1.2973e+15 1.4245e+14
4089.1608 1.2973e+15 1.4224e+14
4089.1742 1.2973e+15 1.4203e+14
4089.1875 1.2973e+15 1.4182e+14
4089.2009 1.2973e+15 1.4161e+14
4089.2142 1.2973e+15 1.4140e+14
4089.2276 1.2973e+15 1.4120e+14
4089.2410 1.2973e+15 1.4099e+14
4089.2543 1.2973e+15 1.4078e+14
4089.2677 1.2973e+15 1.4057e+14
4089.2811 1.2973e+15 1.4037e+14
4089.2944 1.2973e+15 1.4016e+14
4089.3078 1.2973e+15 1.3995e+14
4089.3211 1.2973e+15 1.3975e+14
4089.3345 1.2973e+15 1.3954e+14
4089.3479 1.2973e+15 1.3933e+14
4089.3612 1.2973e+15 1.3913e+14
4089.3746 1.2973e+15 1.3892e+14
4089.3879 1.2973e+15 1.3872e+14
4089.4013 1.2973e+15 1.3851e+14
4089.4147 1.2973e+15 1.3831e+14
4089.4280 1.2973e+15 1.3810e+14
4089.4414 1.2973e+15 1.3790e+14
4089.4547 1.2973e+15 1.3770e+14
4089.4681 1.2973e+15 1.3749e+14
4089.4815 1.2973e+15 1.3729e+14
4089.4948 1.2972e+15 1.3709e+14
4089.5082 1.2972e+15 1.3688e+14
4089.5215 1.2972e+15 1.3668e+14
4089.5349 1.2972e+15 1.3648e+14
4089.5483 1.2972e+15 1.3628e+14
4089.5616 1.2972e+15 1.3607e+14
4089.5750 1.2972e+15 1.3587e+14
4089.5884 1.2972e+15 1.3567e+14
4089.6017 1.2972e+15 1.3547e+14
4089.6151 1.2972e+15 1.3527e+14
4089.6284 1.2972e+15 1.3507e+14
4089.6418 1.2972e+15 1.3487e+14
4089.6552 1.2972e+15 1.3467e+14
4089.6685 1.2972e+15 1.3447e+14
4089.6819 1.2972e+15 1.3427e+14
4089.6952 1.2972e+15 1.3407e+14
4089.7086 1.2972e+15 1.3387e+14
4089.7220 1.2972e+15 1.3367e+14
4089.7353 1.2972e+15 1.3347e+14
4089.7487 1.2972e+15 1.3328e+14
4089.7620 1.2972e+15 1.3308e+14
4089.7754 1.2972e+15 1.3288e+14
4089.7888 1.2972e+15 1.3268e+14
4089.8021 1.2972e+15 1.3249e+14
4089.8155 1.2972e+15 1.3229e+14
4089.8288 1.2972e+15 1.3209e+14
4089.8422 1.2972e+15 1.3190e+14
4089.8556 1.2972e+15 1.3170e+14
4089.8689 1.2972e+15 1.3150e+14
4089.8823 1.2972e+15 1.3131e+14
4089.8957 1.2972e+15 1.3111e+14
4089.9090 1.2972e+15 1.3092e+14
4089.9224 1.2972e+15 1.3072e+14
4089.9357 1.2972e+15 1.3053e+14
4089.9491 1.2972e+15 1.3033e+14
4089.9625 1.2972e+15 1.3014e+14
4089.9758 1.2972e+15 1.2995e+14
4089.9892 1.2972e+15 1.2975e+14
4090.0025 1.2972e+15 1.2956e+14
4090.0159 1.2972e+15 1.2937e+14
4090.0293 1.2972e+15 1.2917e+14
4090.0426 1.2972e+15 1.2898e+14
4090.0560 1.2972e+15 1.2879e+14
4090.0693 1.2971e+15 1.2860e+14
4090.0827 1.2971e+15 1.2840e+14
4090.0961 1.2971e+15 1.2821e+14
4090.1094 1.2971e+15 1.2802e+14
4090.1228 1.2971e+15 1.2783e+14
4090.1361 1.2971e+15 1.2764e+14
4090.1495 1.2971e+15 1.2745e+14
4090.1629 1.2971e+15 1.2726e+14
4090.1762 1.2971e+15 1.2707e+14
4090.1896 1.2971e+15 1.2688e+14
4090.2030 1.2971e+15 1.2669e+14
4090.2163 1.2971e+15 1.2650e+14
4090.2297 1.2971e+15 1.2631e+14
4090.2430 1.2971e+15 1.2612e+14
4090.2564 1.2971e+15 1.2593e+14
4090.2698 1.2971e+15 1.2575e+14
4090.2831 1.2971e+15 1.2556e+14
4090.2965 1.2971e+15 1.2537e+14
4090.3098 1.2971e+15 1.2518e+14
4090.3232 1.2971e+15 1.2500e+14
4090.3366 1.2971e+15 1.2481e+14
4090.3499 1.2971e+15 1.2462e+14
4090.3633 1.2971e+15 1.2444e+14
4090.3766 1.2971e+15 1.2425e+14
4090.3900 1.2971e+15 1.2407e+14
4090.4034 1.2971e+15 1.2388e+14
4090.4167 1.2971e+15 1.2369e+14
4090.4301 1.2971e+15 1.2351e+14
4090.4434 1.2971e+15 1.2332e+14
4090.4568 1.2971e+15 1.2314e+14
4090.4702 1.2971e+15 1.2296e+14
4090.4835 1.2971e+15 1.2277e+14
4090.4969 1.2971e+15 1.2259e+14
4090.5103 1.2971e+15 1.2241e+14
4090.5236 1.2971e+15 1.2222e+14
4090.5370 1.2971e+15 1.2204e+14
4090.5503 1.2971e+15 1.2186e+14
4090.5637 1.2971e+15 1.2167e+14
4090.5771 1.2971e+15 1.2149e+14
4090.5904 1.2971e+15 1.2131e+14
4090.6038 1.2971e+15 1.2113e+14
4090.6171 1.2971e+15 1.2095e+14
4090.6305 1.2971e+15 1.2077e+14
4090.6439 1.2970e+15 1.2059e+14
4090.6572 1.2970e+15 1.2040e+14
4090.6706 1.2970e+15 1.2022e+14
4090.6839 1.2970e+15 1.2004e+14
4090.6973 1.2970e+15 1.1986e+14
4090.7107 1.2970e+15 1.1969e+14
4090.7240 1.2970e+15 1.1951e+14
4090.7374 1.2970e+15 1.1933e+14
4090.7508 1.2970e+15 1.1915e+14
4090.7641 1.2970e+15 1.1897e+14
4090.7775 1.2970e+15 1.1879e+14
4090.7908 1.2970e+15 1.1861e+14
4090.8042 1.2970e+15 1.1844e+14
4090.8176 1.2970e+15 1.1826e+14
4090.8309 1.2970e+15 1.1808e+14
4090.8443 1.2970e+15 1.1790e+14
4090.8576 1.2970e+15 1.1773e+14
4090.8710 1.2970e+15 1.1755e+14
4090.8844 1.2970e+15 1.1738e+14
4090.8977 1.2970e+15 1.1720e+14
4090.9111 1.2970e+15 1.1702e+14
4090.9244 1.2970e+15 1.1685e+14
4090.9378 1.2970e+15 1.1667e+14
4090.9512 1.2970e+15 1.1650e+14
4090.9645 1.2970e+15 1.1632e+14
4090.9779 1.2970e+15 1.1615e+14
4090.9912 1.2970e+15 1.1598e+14
4091.0046 1.2970e+15 1.1580e+14
4091.0180 1.2970e+15 1.1563e+14
4091.0313 1.2970e+15 1.1546e+14
4091.0447 1.2970e+15 1.1528e+14
4091.0581 1.2970e+15 1.1511e+14
4091.0714 1.2970e+15 1.1494e+14
4091.0848 1.2970e+15 1.1477e+14
4091.0981 1.2970e+15 1.1459e+14
4091.1115 1.2970e+15 1.1442e+14
4091.1249 1.2970e+15 1.1425e+14
4091.1382 1.2970e+15 1.1408e+14
4091.1516 1.2970e+15 1.1391e+14
4091.1649 1.2970e+15 1.1374e+14
4091.1783 1.2970e+15 1.1357e+14
4091.1917 1.2970e+15 1.1340e+14
4091.2050 1.2970e+15 1.1323e+14
4091.2184 1.2969e+15 1.1306e+14
4091.2317 1.2969e+15 1.1289e+14
4091.2451 1.2969e+15 1.1272e+14
4091.2585 1.2969e+15 1.1255e+14
4091.2718 1.2969e+15 1.1238e+14
4091.2852 1.2969e+15 1.1221e+14
4091.2985 1.2969e+15 1.1205e+14
4091.3119 1.2969e+15 1.1188e+14
4091.3253 1.2969e+15 1.1171e+14
4091.3386 1.2969e+15 1.1154e+14
4091.3520 1.2969e+15 1.1138e+14
4091.3654 1.2969e+15 1.1121e+14
4091.3787 1.2969e+15 1.1104e+14
4091.3921 1.2969e+15 1.1088e+14
4091.4054 1.2969e+15 1.1071e+14
4091.4188 1.2969e+15 1.1055e+14
4091.4322 1.2969e+15 1.1038e+14
4091.4455 1.2969e+15 1.1022e+14
4091.4589 1.2969e+15 1.1005e+14
4091.4722 1.2969e+15 1.0989e+14
4091.4856 1.2969e+15 1.0972e+14
4091.4990 1.2969e+15 1.0956e+14
4091.5123 1.2969e+15 1.0939e+14
4091.5257 1.2969e+15 1.0923e+14
4091.5390 1.2969e+15 1.0907e+14
4091.5524 1.2969e+15 1.0890e+14
4091.5658 1.2969e+15 1.0874e+14
4091.5791 1.2969e+15 1.0858e+14
4091.5925 1.2969e+15 1.0842e+14
4091.6058 1.2969e+15 1.0825e+14
4091.6192 1.2969e+15 1.0809e+14
4091.6326 1.2969e+15 1.0793e+14
4091.6459 1.2969e+15 1.0777e+14
4091.6593 1.2969e+15 1.0761e+14
4091.6727 1.2969e+15 1.0745e+14
4091.6860 1.2969e+15 1.0729e+14
4091.6994 1.2969e+15 1.0713e+14
4091.7127 1.2969e+15 1.0697e+14
4091.7261 1.2969e+15 1.0681e+14
4091.7395 1.2969e+15 1.0665e+14
4091.7528 1.2969e+15 1.0649e+14
4091.7662 1.2969e+15 1.0633e+14
4091.7795 1.2969e+15 1.0617e+14
4091.7929 1.2968e+15 1.0601e+14
4091.8063 1.2968e+15 1.0586e+14
4091.8196 1.2968e+15 1.0570e+14
4091.8330 1.2968e+15 1.0554e+14
4091.8463 1.2968e+15 1.0538e+14
4091.8597 1.2968e+15 1.0523e+14
4091.8731 1.2968e+15 1.0507e+14
4091.8864 1.2968e+15 1.0491e+14
4091.8998 1.2968e+15 1.0476e+14
4091.9131 1.2968e+15 1.0460e+14
4091.9265 1.2968e+15 1.0445e+14
4091.9399 1.2968e+15 1.0429e+14
4091.9532 1.2968e+15 1.0414e+14
4091.9666 1.2968e+15 1.0398e+14
4091.9800 1.2968e+15 1.0383e+14
4091.9933 1.2968e+15 1.0367e+14
4092.0067 1.2968e+15 1.0352e+14
4092.0200 1.2968e+15 1.0336e+14
4092.0334 1.2968e+15 1.0321e+14
4092.0468 1.2968e+15 1.0306e+14
4092.0601 1.2968e+15 1.0290e+14
4092.0735 1.2968e+15 1.0275e+14
4092.0868 1.2968e+15 1.0260e+14
4092.1002 1.2968e+15 1.0245e+14
4092.1136 1.2968e+15 1.0229e+14
4092.1269 1.2968e+15 1.0214e+14
4092.1403 1.2968e+15 1.0199e+14
4092.1536 1.2968e+15 1.0184e+14
4092.1670 1.2968e+15 1.0169e+14
4092.1804 1.2968e+15 1.0154e+14
4092.1937 1.2968e+15 1.0139e+14
4092.2071 1.2968e+15 1.0124e+14
4092.2204 1.2968e+15 1.0109e+14
4092.2338 1.2968e+15 1.0094e+14
4092.2472 1.2968e+15 1.0079e+14
4092.2605 1.2968e+15 1.0064e+14
4092.2739 1.2968e+15 1.0049e+14
4092.2873 1.2968e+15 1.0034e+14
4092.3006 1.2968e+15 1.0019e+14
4092.3140 1.2968e+15 1.0004e+14
4092.3273 1.2968e+15 9.9896e+13
4092.3407 1.2968e+15 9.9748e+13
4092.3541 1.2968e+15 9.9601e+13
4092.3674 1.2967e+15 9.9454e+13
4092.3808 1.2967e+15 9.9307e+13
4092.3941 1.2967e+15 9.9160e+13
4092.4075 1.2967e+15 9.9014e+13
4092.4209 1.2967e+15 9.8868e+13
4092.4342 1.2967e+15 9.8722e+13
4092.4476 1.2967e+15 9.8576e+13
4092.4609 1.2967e+15 9.8431e+13
4092.4743 1.2967e+15 9.8286e+13
4092.4877 1.2967e+15 9.8141e+13
4092.5010 1.2967e+15 9.7996e+13
4092.5144 1.2967e+15 9.7852e+13
4092.5277 1.2967e+15 9.7708e+13
4092.5411 1.2967e+15 9.7564e+13
4092.5545 1.2967e+15 9.7421e+13
4092.5678 1.2967e+15 9.7278e+13
4092.5812 1.2967e+15 9.7135e+13
4092.5946 1.2967e+15 9.6992e+13
4092.6079 1.2967e+15 9.6849e+13
4092.6213 1.2967e+15 9.6707e+13
4092.6346 1.2967e+15 9.6565e+13
4092.6480 1.2967e+15 9.6423e+13
4092.6614 1.2967e+15 9.6282e+13
4092.6747 1.2967e+15 9.6141e+13
4092.6881 1.2967e+15 9.6000e+13
4092.7014 1.2967e+15 9.5859e+13
4092.7148 1.2967e+15 9.5719e+13
4092.7282 1.2967e+15 9.5579e+13
4092.7415 1.2967e+15 9.5439e+13
4092.7549 1.2967e+15 9.5299e+13
4092.7682 1.2967e+15 9.5160e+13
4092.7816 1.2967e+15 9.5020e+13
4092.7950 1.2967e+15 9.4882e+13
4092.8083 1.2967e+15 9.4743e+13
4092.8217 1.2967e+15 9.4605e+13
4092.8350 1.2967e+15 9.4466e+13
4092.8484 1.2967e+15 9.4329e+13
4092.8618 1.2967e+15 9.4191e+13
4092.8751 1.2967e+15 9.4054e+13
4092.8885 1.2967e+15 9.3917e+13
4092.9019 1.2967e+15 9.3780e+13
4092.9152 1.2967e+15 9.3643e+13
4092.9286 1.2967e+15 9.3507e+13
4092.9419 1.2966e+15 9.3371e+13
4092.9553 1.2966e+15 9.3235e+13
4092.9687 1.2966e+15 9.3099e+13
4092.9820 1.2966e+15 9.2964e+13
4092.9954 1.2966e+15 9.2829e+13
4093.0087 1.2966e+15 9.2694e+13
4093.0221 1.2966e+15 9.2560e+13
4093.0355 1.2966e+15 9.2425e+13
4093.0488 1.2966e+15 9.2291e+13
4093.0622 1.2966e+15 9.2157e+13
4093.0755 1.2966e+15 9.2024e+13
4093.0889 1.2966e+15 9.1891e+13
4093.1023 1.2966e+15 9.1758e+13
4093.1156 1.2966e+15 9.1625e+13
4093.1290 1.2966e+15 9.1492e+13
4093.1423 1.2966e+15 9.1360e+13
4093.1557 1.2966e+15 9.1228e+13
4093.1691 1.2966e+15 9.1096e+13
4093.1824 1.2966e+15 9.0965e+13
4093.1958 1.2966e+15 9.0834e+13
4093.2092 1.2966e+15 9.0703e+13
4093.2225 1.2966e+15 9.0572e+13
4093.2359 1.2966e+15 9.0441e+13
4093.2492 1.2966e+15 9.0311e+13
4093.2626 1.2966e+15 9.0181e+13
4093.2760 1.2966e+15 9.0051e+13
4093.2893 1.2966e+15 8.9922e+13
4093.3027 1.2966e+15 8.9793e+13
4093.3160 1.2966e+15 8.9664e+13
4093.3294 1.2966e+15 8.9535e+13
4093.3428 1.2966e+15 8.9406e+13
4093.3561 1.2966e+15 8.9278e+13
4093.3695 1.2966e+15 8.9150e+13
4093.3828 1.2966e+15 8.9023e+13
4093.3962 1.2966e+15 8.8895e+13
4093.4096 1.2966e+15 8.8768e+13
4093.4229 1.2966e+15 8.8641e+13
4093.4363 1.2966e+15 8.8514e+13
4093.4497 1.2966e+15 8.8388e+13
4093.4630 1.2966e+15 8.8262e+13
4093.4764 1.2966e+15 8.8136e+13
4093.4897 1.2966e+15 8.8010e+13
4093.5031 1.2966e+15 8.7884e+13
4093.5165 1.2965e+15 8.7759e+13
4093.5298 1.2965e+15 8.7634e+13
4093.5432 1.2965e+15 8.7509e+13
4093.5565 1.2965e+15 8.7385e+13
4093.5699 1.2965e+15 8.7261e+13
4093.5833 1.2965e+15 8.7137e+13
4093.5966 1.2965e+15 8.7013e+13
4093.6100 1.2965e+15 8.6890e+13
4093.6233 1.2965e+15 8.6766e+13
4093.6367 1.2965e+15 8.6644e+13
4093.6501 1.2965e+15 8.6521e+13
4093.6634 1.2965e+15 8.6398e+13
4093.6768 1.2965e+15 8.6276e+13
4093.6901 1.2965e+15 8.6154e+13
4093.7035 1.2965e+15 8.6032e+13
4093.7169 1.2965e+15 8.5911e+13
4093.7302 1.2965e+15 8.5790e+13
4093.7436 1.2965e+15 8.5669e+13
4093.7570 1.2965e+15 8.5548e+13
4093.7703 1.2965e+15 8.5428e+13
4093.7837 1.2965e+15 8.5307e+13
4093.7970 1.2965e+15 8.5187e+13
4093.8104 1.2965e+15 8.5068e+13
4093.8238 1.2965e+15 8.4948e+13
4093.8371 1.2965e+15 8.4829e+13
4093.8505 1.2965e+15 8.4710e+13
4093.8638 1.2965e+15 8.4591e+13
4093.8772 1.2965e+15 8.4473e+13
4093.8906 1.2965e+15 8.4354e+13
4093.9039 1.2965e+15 8.4236e+13
4093.9173 1.2965e+15 8.4119e+13
4093.9306 1.2965e+15 8.4001e+13
4093.9440 1.2965e+15 8.3884e+13
4093.9574 1.2965e+15 8.3767e+13
4093.9707 1.2965e+15 8.3650e+13
4093.9841 1.2965e+15 8.3533e+13
4093.9974 1.2965e+15 8.3417e+13
4094.0108 1.2965e+15 8.3301e+13
4094.0242 1.2965e+15 8.3185e+13
4094.0375 1.2965e+15 8.3070e+13
4094.0509 1.2965e+15 8.2955e+13
4094.0643 1.2965e+15 8.2839e+13
4094.0776 1.2964e+15 8.2725e+13
4094.0910 1.2964e+15 8.2610e+13
4094.1043 1.2964e+15 8.2496e+13
4094.1177 1.2964e+15 8.2382e+13
4094.1311 1.2964e+15 8.2268e+13
4094.1444 1.2964e+15 8.2154e+13
4094.1578 1.2964e+15 8.2041e+13
4094.1711 1.2964e+15 8.1928e+13
4094.1845 1.2964e+15 8.1815e+13
4094.1979 1.2964e+15 8.1702e+13
4094.2112 1.2964e+15 8.1590e+13
4094.2246 1.2964e+15 8.1478e+13
4094.2379 1.2964e+15 8.1366e+13
4094.2513 1.2964e+15 8.1254e+13
4094.2647 1.2964e+15 8.1143e+13
4094.2780 1.2964e+15 8.1032e+13
4094.2914 1.2964e+15 8.0921e+13
4094.3047 1.2964e+15 8.0810e+13
4094.3181 1.2964e+15 8.0700e+13
4094.3315 1.2964e+15 8.0589e+13
4094.3448 1.2964e+15 8.0479e+13
4094.3582 1.2964e+15 8.0370e+13
4094.3716 1.2964e+15 8.0260e+13
4094.3849 1.2964e+15 8.0151e+13
4094.3983 1.2964e+15 8.0042e+13
4094.4116 1.2964e+15 7.9933e+13
4094.4250 1.2964e+15 7.9825e+13
4094.4384 1.2964e+15 7.9717e+13
4094.4517 1.2964e+15 7.9609e+13
4094.4651 1.2964e+15 7.9501e+13
4094.4784 1.2964e+15 7.9393e+13
4094.4918 1.2964e+15 7.9286e+13
4094.5052 1.2964e+15 7.9179e+13
4094.5185 1.2964e+15 7.9072e+13
4094.5319 1.2964e+15 7.8965e+13
4094.5452 1.2964e+15 7.8859e+13
4094.5586 1.2964e+15 7.8753e+13
4094.5720 1.2964e+15 7.8647e+13
4094.5853 1.2964e+15 7.8541e+13
4094.5987 1.2964e+15 7.8436e+13
4094.6120 1.2964e+15 7.8331e+13
4094.6254 1.2964e+15 7.8226e+13
4094.6388 1.2964e+15 7.8121e+13
4094.6521 1.2963e+15 7.8017e+13
4094.6655 1.2963e+15 7.7913e+13
4094.6789 1.2963e+15 7.7809e+13
4094.6922 1.2963e+15 7.7705e+13
4094.7056 1.2963e+15 7.7602e+13
4094.7189 1.2963e+15 7.7498e+13
4094.7323 1.2963e+15 7.7395e+13
4094.7457 1.2963e+15 7.7292e+13
4094.7590 1.2963e+15 7.7190e+13
4094.7724 1.2963e+15 7.7088e+13
4094.7857 1.2963e+15 7.6986e+13
4094.7991 1.2963e+15 7.6884e+13
4094.8125 1.2963e+15 7.6782e+13
4094.8258 1.2963e+15 7.6681e+13
4094.8392 1.2963e+15 7.6580e+13
4094.8525 1.2963e+15 7.6479e+13
4094.8659 1.2963e+15 7.6378e+13
4094.8793 1.2963e+15 7.6278e+13
4094.8926 1.2963e+15 7.6178e+13
4094.9060 1.2963e+15 7.6078e+13
4094.9193 1.2963e+15 7.5978e+13
4094.9327 1.2963e+15 7.5878e+13
4094.9461 1.2963e+15 7.5779e+13
4094.9594 1.2963e+15 7.5680e+13
4094.9728 1.2963e+15 7.5581e+13
4094.9862 1.2963e+15 7.5483e+13
4094.9995 1.2963e+15 7.5385e+13
4095.0129 1.2963e+15 7.5287e+13
4095.0262 1.2963e+15 7.5189e+13
4095.0396 1.2963e+15 7.5091e+13
4095.0530 1.2963e+15 7.4994e+13
4095.0663 1.2963e+15 7.4897e+13
4095.0797 1.2963e+15 7.4800e+13
4095.0930 1.2963e+15 7.4703e+13
4095.1064 1.2963e+15 7.4607e+13
4095.1198 1.2963e+15 7.4510e+13
4095.1331 1.2963e+15 7.4414e+13
4095.1465 1.2963e+15 7.4319e+13
4095.1598 1.2963e+15 7.4223e+13
4095.1732 1.2963e+15 7.4128e+13
4095.1866 1.2963e+15 7.4033e+13
4095.1999 1.2963e+15 7.3938e+13
4095.2133 1.2963e+15 7.3843e+13
4095.2266 1.2962e+15 7.3749e+13
4095.2400 1.2962e+15 7.3655e+13
4095.2534 1.2962e+15 7.3561e+13
4095.2667 1.2962e+15 7.3467e+13
4095.2801 1.2962e+15 7.3374e+13
4095.2935 1.2962e+15 7.3281e+13
4095.3068 1.2962e+15 7.3188e+13
4095.3202 1.2962e+15 7.3095e+13
4095.3335 1.2962e+15 7.3003e+13
4095.3469 1.2962e+15 7.2910e+13
4095.3603 1.2962e+15 7.2818e+13
4095.3736 1.2962e+15 7.2726e+13
4095.3870 1.2962e+15 7.2635e+13
4095.4003 1.2962e+15 7.2543e+13
4095.4137 1.2962e+15 7.2452e+13
4095.4271 1.2962e+15 7.2361e+13
4095.4404 1.2962e+15 7.2271e+13
4095.4538 1.2962e+15 7.2180e+13
4095.4671 1.2962e+15 7.2090e+13
4095.4805 1.2962e+15 7.2000e+13
4095.4939 1.2962e+15 7.1910e+13
4095.5072 1.2962e+15 7.1821e+13
4095.5206 1.2962e+15 7.1731e+13
4095.5339 1.2962e+15 7.1642e+13
4095.5473 1.2962e+15 7.1554e+13
4095.5607 1.2962e+15 7.1465e+13
4095.5740 1.2962e+15 7.1377e+13
4095.5874 1.2962e+15 7.1288e+13
4095.6008 1.2962e+15 7.1200e+13
4095.6141 1.2962e+15 7.1113e+13
4095.6275 1.2962e+15 7.1025e+13
4095.6408 1.2962e+15 7.0938e+13
4095.6542 1.2962e+15 7.0851e+13
4095.6676 1.2962e+15 7.0764e+13
4095.6809 1.2962e+15 7.0677e+13
4095.6943 1.2962e+15 7.0591e+13
4095.7076 1.2962e+15 7.0505e+13
4095.7210 1.2962e+15 7.0419e+13
4095.7344 1.2962e+15 7.0333e+13
4095.7477 1.2962e+15 7.0248e+13
4095.7611 1.2962e+15 7.0163e+13
4095.7744 1.2962e+15 7.0078e+13
4095.7878 1.2962e+15 6.9993e+13
4095.8012 1.2961e+15 6.9908e+13
4095.8145 1.2961e+15 6.9824e+13
4095.8279 1.2961e+15 6.9740e+13
4095.8412 1.2961e+15 6.9656e+13
4095.8546 1.2961e+15 6.9572e+13
4095.8680 1.2961e+15 6.9489e+13
4095.8813 1.2961e+15 6.9405e+13
4095.8947 1.2961e+15 6.9322e+13
4095.9081 1.2961e+15 6.9240e+13
4095.9214 1.2961e+15 6.9157e+13
4095.9348 1.2961e+15 6.9075e+13
4095.9481 1.2961e+15 6.8992e+13
4095.9615 1.2961e+15 6.8911e+13
4095.9749 1.2961e+15 6.8829e+13
4095.9882 1.2961e+15 6.8747e+13
4096.0016 1.2961e+15 6.8666e+13
4096.0149 1.2961e+15 6.8585e+13
4096.0283 1.2961e+15 6.8504e+13
4096.0417 1.2961e+15 6.8424e+13
4096.0550 1.2961e+15 6.8343e+13
4096.0684 1.2961e+15 6.8263e+13
4096.0817 1.2961e+15 6.8183e+13
4096.0951 1.2961e+15 6.8104e+13
4096.1085 1.2961e+15 6.8024e+13
4096.1218 1.2961e+15 6.7945e+13
4096.1352 1.2961e+15 6.7866e+13
4096.1486 1.2961e+15 6.7787e+13
4096.1619 1.2961e+15 6.7708e+13
4096.1753 1.2961e+15 6.7630e+13
4096.1886 1.2961e+15 6.7552e+13
4096.2020 1.2961e+15 6.7474e+13
4096.2154 1.2961e+15 6.7396e+13
4096.2287 1.2961e+15 6.7319e+13
4096.2421 1.2961e+15 6.7241e+13
4096.2554 1.2961e+15 6.7164e+13
4096.2688 1.2961e+15 6.7087e+13
4096.2822 1.2961e+15 6.7011e+13
4096.2955 1.2961e+15 6.6934e+13
4096.3089 1.2961e+15 6.6858e+13
4096.3222 1.2961e+15 6.6782e+13
4096.3356 1.2961e+15 6.6706e+13
4096.3490 1.2961e+15 6.6631e+13
4096.3623 1.2960e+15 6.6555e+13
4096.3757 1.2960e+15 6.6480e+13
4096.3890 1.2960e+15 6.6405e+13
4096.4024 1.2960e+15 6.6331e+13
4096.4158 1.2960e+15 6.6256e+13
4096.4291 1.2960e+15 6.6182e+13
4096.4425 1.2960e+15 6.6108e+13
4096.4559 1.2960e+15 6.6034e+13
4096.4692 1.2960e+15 6.5960e+13
4096.4826 1.2960e+15 6.5887e+13
4096.4959 1.2960e+15 6.5814e+13
4096.5093 1.2960e+15 6.5741e+13
4096.5227 1.2960e+15 6.5668e+13
4096.5360 1.2960e+15 6.5595e+13
4096.5494 1.2960e+15 6.5523e+13
4096.5627 1.2960e+15 6.5451e+13
4096.5761 1.2960e+15 6.5379e+13
4096.5895 1.2960e+15 6.5307e+13
4096.6028 1.2960e+15 6.5236e+13
4096.6162 1.2960e+15 6.5165e+13
4096.6295 1.2960e+15 6.5093e+13
4096.6429 1.2960e+15 6.5023e+13
4096.6563 1.2960e+15 6.4952e+13
4096.6696 1.2960e+15 6.4882e+13
4096.6830 1.2960e+15 6.4811e+13
4096.6963 1.2960e+15 6.4741e+13
4096.7097 1.2960e+15 6.4672e+13
4096.7231 1.2960e+15 6.4602e+13
4096.7364 1.2960e+15 6.4533e+13
4096.7498 1.2960e+15 6.4463e+13
4096.7632 1.2960e+15 6.4395e+13
4096.7765 1.2960e+15 6.4326e+13
4096.7899 1.2960e+15 6.4257e+13
4096.8032 1.2960e+15 6.4189e+13
4096.8166 1.2960e+15 6.4121e+13
4096.8300 1.2960e+15 6.4053e+13
4096.8433 1.2960e+15 6.3985e+13
4096.8567 1.2960e+15 6.3918e+13
4096.8700 1.2960e+15 6.3851e+13
4096.8834 1.2960e+15 6.3783e+13
4096.8968 1.2960e+15 6.3717e+13
4096.9101 1.2960e+15 6.3650e+13
4096.9235 1.2960e+15 6.3584e+13
4096.9368 1.2959e+15 6.3517e+13
4096.9502 1.2959e+15 6.3451e+13
4096.9636 1.2959e+15 6.3386e+13
4096.9769 1.2959e+15 6.3320e+13
4096.9903 1.2959e+15 6.3255e+13
4097.0036 1.2959e+15 6.3189e+13
4097.0170 1.2959e+15 6.3124e+13
4097.0304 1.2959e+15 6.3060e+13
4097.0437 1.2959e+15 6.2995e+13
4097.0571 1.2959e+15 6.2931e+13
4097.0705 1.2959e+15 6.2867e+13
4097.0838 1.2959e+15 6.2803e+13
4097.0972 1.2959e+15 6.2739e+13
4097.1105 1.2959e+15 6.2675e+13
4097.1239 1.2959e+15 6.2612e+13
4097.1373 1.2959e+15 6.2549e+13
4097.1506 1.2959e+15 6.2486e+13
4097.1640 1.2959e+15 6.2423e+13
4097.1773 1.2959e+15 6.2361e+13
4097.1907 1.2959e+15 6.2299e+13
4097.2041 1.2959e+15 6.2236e+13
4097.2174 1.2959e+15 6.2175e+13
4097.2308 1.2959e+15 6.2113e+13
4097.2441 1.2959e+15 6.2051e+13
4097.2575 1.2959e+15 6.1990e+13
4097.2709 1.2959e+15 6.1929e+13
4097.2842 1.2959e+15 6.1868e+13
4097.2976 1.2959e+15 6.1808e+13
4097.3109 1.2959e+15 6.1747e+13
4097.3243 1.2959e+15 6.1687e+13
4097.3377 1.2959e+15 6.1627e+13
4097.3510 1.2959e+15 6.1567e+13
4097.3644 1.2959e+15 6.1507e+13
4097.3778 1.2959e+15 6.1448e+13
4097.3911 1.2959e+15 6.1389e+13
4097.4045 1.2959e+15 6.1330e+13
4097.4178 1.2959e+15 6.1271e+13
4097.4312 1.2959e+15 6.1212e+13
4097.4446 1.2959e+15 6.1154e+13
4097.4579 1.2959e+15 6.1096e+13
4097.4713 1.2959e+15 6.1038e+13
4097.4846 1.2959e+15 6.0980e+13
4097.4980 1.2959e+15 6.0922e+13
4097.5114 1.2958e+15 6.0865e+13
4097.5247 1.2958e+15 6.0808e+13
4097.5381 1.2958e+15 6.0751e+13
4097.5514 1.2958e+15 6.0694e+13
4097.5648 1.2958e+15 6.0637e+13
4097.5782 1.2958e+15 6.0581e+13
4097.5915 1.2958e+15 6.0525e+13
4097.6049 1.2958e+15 6.0469e+13
4097.6182 1.2958e+15 6.0413e+13
4097.6316 1.2958e+15 6.0357e+13
4097.6450 1.2958e+15 6.0302e+13
4097.6583 1.2958e+15 6.0247e+13
4097.6717 1.2958e+15 6.0192e+13
4097.6851 1.2958e+15 6.0137e+13
4097.6984 1.2958e+15 6.0082e+13
4097.7118 1.2958e+15 6.0028e+13
4097.7251 1.2958e+15 5.9974e+13
4097.7385 1.2958e+15 5.9920e+13
4097.7519 1.2958e+15 5.9866e+13
4097.7652 1.2958e+15 5.9812e+13
4097.7786 1.2958e+15 5.9759e+13
4097.7919 1.2958e+15 5.9705e+13
4097.8053 1.2958e+15 5.9652e+13
4097.8187 1.2958e+15 5.9600e+13
4097.8320 1.2958e+15 5.9547e+13
4097.8454 1.2958e+15 5.9495e+13
4097.8587 1.2958e+15 5.9442e+13
4097.8721 1.2958e+15 5.9390e+13
4097.8855 1.2958e+15 5.9339e+13
4097.8988 1.2958e+15 5.9287e+13
4097.9122 1.2958e+15 5.9235e+13
4097.9255 1.2958e+15 5.9184e+13
4097.9389 1.2958e+15 5.9133e+13
4097.9523 1.2958e+15 5.9082e+13
4097.9656 1.2958e+15 5.9032e+13
4097.9790 1.2958e+15 5.8981e+13
4097.9924 1.2958e+15 5.8931e+13
4098.0057 1.2958e+15 5.8881e+13
4098.0191 1.2958e+15 5.8831e+13
4098.0324 1.2958e+15 5.8781e+13
4098.0458 1.2958e+15 5.8732e+13
4098.0592 1.2958e+15 5.8683e+13
4098.0725 1.2957e+15 5.8633e+13
4098.0859 1.2957e+15 5.8585e+13
4098.0992 1.2957e+15 5.8536e+13
4098.1126 1.2957e+15 5.8487e+13
4098.1260 1.2957e+15 5.8439e+13
4098.1393 1.2957e+15 5.8391e+13
4098.1527 1.2957e+15 5.8343e+13
4098.1660 1.2957e+15 5.8295e+13
4098.1794 1.2957e+15 5.8248e+13
4098.1928 1.2957e+15 5.8200e+13
4098.2061 1.2957e+15 5.8153e+13
4098.2195 1.2957e+15 5.8106e+13
4098.2328 1.2957e+15 5.8059e+13
4098.2462 1.2957e+15 5.8013e+13
4098.2596 1.2957e+15 5.7966e+13
4098.2729 1.2957e+15 5.7920e+13
4098.2863 1.2957e+15 5.7874e+13
4098.2997 1.2957e+15 5.7829e+13
4098.3130 1.2957e+15 5.7783e+13
4098.3264 1.2957e+15 5.7737e+13
4098.3397 1.2957e+15 5.7692e+13
4098.3531 1.2957e+15 5.7647e+13
4098.3665 1.2957e+15 5.7602e+13
4098.3798 1.2957e+15 5.7558e+13
4098.3932 1.2957e+15 5.7513e+13
4098.4065 1.2957e+15 5.7469e+13
4098.4199 1.2957e+15 5.7425e+13
4098.4333 1.2957e+15 5.7381e+13
4098.4466 1.2957e+15 5.7337e+13
4098.4600 1.2957e+15 5.7294e+13
4098.4733 1.2957e+15 5.7251e+13
4098.4867 1.2957e+15 5.7207e+13
4098.5001 1.2957e+15 5.7164e+13
4098.5134 1.2957e+15 5.7122e+13
4098.5268 1.2957e+15 5.7079e+13
4098.5401 1.2957e+15 5.7037e+13
4098.5535 1.2957e+15 5.6995e+13
4098.5669 1.2957e+15 5.6953e+13
4098.5802 1.2957e+15 5.6911e+13
4098.5936 1.2957e+15 5.6869e+13
4098.6070 1.2957e+15 5.6828e+13
4098.6203 1.2957e+15 5.6787e+13
4098.6337 1.2957e+15 5.6746e+13
4098.6470 1.2956e+15 5.6705e+13
4098.6604 1.2956e+15 5.6664e+13
4098.6738 1.2956e+15 5.6624e+13
4098.6871 1.2956e+15 5.6583e+13
4098.7005 1.2956e+15 5.6543e+13
4098.7138 1.2956e+15 5.6503e+13
4098.7272 1.2956e+15 5.6464e+13
4098.7406 1.2956e+15 5.6424e+13
4098.7539 1.2956e+15 5.6385e+13
4098.7673 1.2956e+15 5.6345e+13
4098.7806 1.2956e+15 5.6306e+13
4098.7940 1.2956e+15 5.6268e+13
4098.8074 1.2956e+15 5.6229e+13
4098.8207 1.2956e+15 5.6191e+13
4098.8341 1.2956e+15 5.6152e+13
4098.8474 1.2956e+15 5.6114e+13
4098.8608 1.2956e+15 5.6077e+13
4098.8742 1.2956e+15 5.6039e+13
4098.8875 1.2956e+15 5.6001e+13
4098.9009 1.2956e+15 5.5964e+13
4098.9143 1.2956e+15 5.5927e+13
4098.9276 1.2956e+15 5.5890e+13
4098.9410 1.2956e+15 5.5853e+13
4098.9543 1.2956e+15 5.5817e+13
4098.9677 1.2956e+15 5.5780e+13
4098.9811 1.2956e+15 5.5744e+13
4098.9944 1.2956e+15 5.5708e+13
4099.0078 1.2956e+15 5.5673e+13
4099.0211 1.2956e+15 5.5637e+13
4099.0345 1.2956e+15 5.5601e+13
4099.0479 1.2956e+15 5.5566e+13
4099.0612 1.2956e+15 5.5531e+13
4099.0746 1.2956e+15 5.5496e+13
4099.0879 1.2956e+15 5.5462e+13
4099.1013 1.2956e+15 5.5427e+13
4099.1147 1.2956e+15 5.5393e+13
4099.1280 1.2956e+15 5.5359e+13
4099.1414 1.2956e+15 5.5325e+13
4099.1548 1.2956e+15 5.5291e+13
4099.1681 1.2956e+15 5.5257e+13
4099.1815 1.2956e+15 5.5224e+13
4099.1948 1.2956e+15 5.5191e+13
4099.2082 1.2955e+15 5.5158e+13
4099.2216 1.2955e+15 5.5125e+13
4099.2349 1.2955e+15 5.5092e+13
4099.2483 1.2955e+15 5.5060e+13
4099.2616 1.2955e+15 5.5027e+13
4099.2750 1.2955e+15 5.4995e+13
4099.2884 1.2955e+15 5.4963e+13
4099.3017 1.2955e+15 5.4931e+13
4099.3151 1.2955e+15 5.4900e+13
4099.3284 1.2955e+15 5.4868e+13
4099.3418 1.2955e+15 5.4837e+13
4099.3552 1.2955e+15 5.4806e+13
4099.3685 1.2955e+15 5.4775e+13
4099.3819 1.2955e+15 5.4745e+13
4099.3952 1.2955e+15 5.4714e+13
4099.4086 1.2955e+15 5.4684e+13
4099.4220 1.2955e+15 5.4654e+13
4099.4353 1.2955e+15 5.4624e+13
4099.4487 1.2955e+15 5.4594e+13
4099.4621 1.2955e+15 5.4565e+13
4099.4754 1.2955e+15 5.4535e+13
4099.4888 1.2955e+15 5.4506e+13
4099.5021 1.2955e+15 5.4477e+13
4099.5155 1.2955e+15 5.4448e+13
4099.5289 1.2955e+15 5.4419e+13
4099.5422 1.2955e+15 5.4391e+13
4099.5556 1.2955e+15 5.4363e+13
4099.5689 1.2955e+15 5.4334e+13
4099.5823 1.2955e+15 5.4307e+13
4099.5957 1.2955e+15 5.4279e+13
4099.6090 1.2955e+15 5.4251e+13
4099.6224 1.2955e+15 5.4224e+13
4099.6357 1.2955e+15 5.4197e+13
4099.6491 1.2955e+15 5.4169e+13
4099.6625 1.2955e+15 5.4143e+13
4099.6758 1.2955e+15 5.4116e+13
4099.6892 1.2955e+15 5.4089e+13
4099.7025 1.2955e+15 5.4063e+13
4099.7159 1.2955e+15 5.4037e+13
4099.7293 1.2955e+15 5.4011e+13
4099.7426 1.2955e+15 5.3985e+13
4099.7560 1.2955e+15 5.3960e+13
4099.7694 1.2955e+15 5.3934e+13
4099.7827 1.2954e+15 5.3909e+13
4099.7961 1.2954e+15 5.3884e+13
4099.8094 1.2954e+15 5.3859e+13
4099.8228 1.2954e+15 5.3834e+13
4099.8362 1.2954e+15 5.3810e+13
4099.8495 1.2954e+15 5.3785e+13
4099.8629 1.2954e+15 5.3761e+13
4099.8762 1.2954e+15 5.3737e+13
4099.8896 1.2954e+15 5.3713e+13
4099.9030 1.2954e+15 5.3690e+13
4099.9163 1.2954e+15 5.3666e+13
4099.9297 1.2954e+15 5.3643e+13
4099.9430 1.2954e+15 5.3620e+13
4099.9564 1.2954e+15 5.3597e+13
4099.9698 1.2954e+15 5.3574e+13
4099.9831 1.2954e+15 5.3552e+13
4099.9965 1.2954e+15 5.3529e+13
4100.0098 1.2954e+15 5.3507e+13
4100.0232 1.2954e+15 5.3485e+13
4100.0366 1.2954e+15 5.3463e+13
4100.0499 1.2954e+15 5.3441e+13
4100.0633 1.2954e+15 5.3420e+13
4100.0767 1.2954e+15 5.3399e+13
4100.0900 1.2954e+15 5.3377e+13
4100.1034 1.2954e+15 5.3356e+13
4100.1167 1.2954e+15 5.3336e+13
4100.1301 1.2954e+15 5.3315e+13
4100.1435 1.2954e+15 5.3295e+13
4100.1568 1.2954e+15 5.3274e+13
4100.1702 1.2954e+15 5.3254e+13
4100.1835 1.2954e+15 5.3234e+13
4100.1969 1.2954e+15 5.3215e+13
4100.2103 1.2954e+15 5.3195e+13
4100.2236 1.2954e+15 5.3176e+13
4100.2370 1.2954e+15 5.3156e+13
4100.2503 1.2954e+15 5.3137e+13
4100.2637 1.2954e+15 5.3119e+13
4100.2771 1.2954e+15 5.3100e+13
4100.2904 1.2954e+15 5.3081e+13
4100.3038 1.2954e+15 5.3063e+13
4100.3171 1.2954e+15 5.3045e+13
4100.3305 1.2954e+15 5.3027e+13
4100.3439 1.2953e+15 5.3009e+13
4100.3572 1.2953e+15 5.2992e+13
4100.3706 1.2953e+15 5.2974e+13
4100.3840 1.2953e+15 5.2957e+13
4100.3973 1.2953e+15 5.2940e+13
4100.4107 1.2953e+15 5.2923e+13
4100.4240 1.2953e+15 5.2906e+13
4100.4374 1.2953e+15 5.2889e+13
4100.4508 1.2953e+15 5.2873e+13
4100.4641 1.2953e+15 5.2857e+13
4100.4775 1.2953e+15 5.2841e+13
4100.4908 1.2953e+15 5.2825e+13
4100.5042 1.2953e+15 5.2809e+13
4100.5176 1.2953e+15 5.2794e+13
4100.5309 1.2953e+15 5.2778e+13
4100.5443 1.2953e+15 5.2763e+13
4100.5576 1.2953e+15 5.2748e+13
4100.5710 1.2953e+15 5.2733e+13
4100.5844 1.2953e+15 5.2719e+13
4100.5977 1.2953e+15 5.2704e+13
4100.6111 1.2953e+15 5.2690e+13
4100.6244 1.2953e+15 5.2676e+13
4100.6378 1.2953e+15 5.2662e+13
4100.6512 1.2953e+15 5.2648e+13
4100.6645 1.2953e+15 5.2635e+13
4100.6779 1.2953e+15 5.2621e+13
4100.6913 1.2953e+15 5.2608e+13
4100.7046 1.2953e+15 5.2595e+13
4100.7180 1.2953e+15 5.2582e+13
4100.7313 1.2953e+15 5.2569e+13
4100.7447 1.2953e+15 5.2557e+13
4100.7581 1.2953e+15 5.2544e+13
4100.7714 1.2953e+15 5.2532e+13
4100.7848 1.2953e+15 5.2520e+13
4100.7981 1.2953e+15 5.2508e+13
4100.8115 1.2953e+15 5.2496e+13
4100.8249 1.2953e+15 5.2485e+13
4100.8382 1.2953e+15 5.2474e+13
4100.8516 1.2953e+15 5.2462e+13
4100.8649 1.2953e+15 5.2452e+13
4100.8783 1.2953e+15 5.2441e+13
4100.8917 1.2953e+15 5.2430e+13
4100.9050 1.2953e+15 5.2420e+13
4100.9184 1.2952e+15 5.2409e+13
4100.9317 1.2952e+15 5.2399e+13
4100.9451 1.2952e+15 5.2389e+13
4100.9585 1.2952e+15 5.2379e+13
4100.9718 1.2952e+15 5.2370e+13
4100.9852 1.2952e+15 5.2360e+13
4100.9986 1.2952e+15 5.2351e+13
4101.0119 1.2952e+15 5.2342e+13
4101.0253 1.2952e+15 5.2333e+13
4101.0386 1.2952e+15 5.2324e+13
4101.0520 1.2952e+15 5.2316e+13
4101.0654 1.2952e+15 5.2308e+13
4101.0787 1.2952e+15 5.2299e+13
4101.0921 1.2952e+15 5.2291e+13
4101.1054 1.2952e+15 5.2283e+13
4101.1188 1.2952e+15 5.2276e+13
4101.1322 1.2952e+15 5.2268e+13
4101.1455 1.2952e+15 5.2261e+13
4101.1589 1.2952e+15 5.2254e+13
4101.1722 1.2952e+15 5.2247e+13
4101.1856 1.2952e+15 5.2240e+13
4101.1990 1.2952e+15 5.2233e+13
4101.2123 1.2952e+15 5.2227e+13
4101.2257 1.2952e+15 5.2220e+13
4101.2390 1.2952e+15 5.2214e+13
4101.2524 1.2952e+15 5.2208e+13
4101.2658 1.2952e+15 5.2203e+13
4101.2791 1.2952e+15 5.2197e+13
4101.2925 1.2952e+15 5.2192e+13
4101.3059 1.2952e+15 5.2186e+13
4101.3192 1.2952e+15 5.2181e+13
4101.3326 1.2952e+15 5.2176e+13
4101.3459 1.2952e+15 5.2171e+13
4101.3593 1.2952e+15 5.2167e+13
4101.3727 1.2952e+15 5.2162e+13
4101.3860 1.2952e+15 5.2158e+13
4101.3994 1.2952e+15 5.2154e+13
4101.4127 1.2952e+15 5.2150e+13
4101.4261 1.2952e+15 5.2147e+13
4101.4395 1.2952e+15 5.2143e+13
4101.4528 1.2952e+15 5.2140e+13
4101.4662 1.2952e+15 5.2136e+13
4101.4795 1.2951e+15 5.2133e+13
4101.4929 1.2951e+15 5.2131e+13
4101.5063 1.2951e+15 5.2128e+13
4101.5196 1.2951e+15 5.2125e+13
4101.5330 1.2951e+15 5.2123e+13
4101.5463 1.2951e+15 5.2121e+13
4101.5597 1.2951e+15 5.2119e+13
4101.5731 1.2951e+15 5.2117e+13
4101.5864 1.2951e+15 5.2115e+13
4101.5998 1.2951e+15 5.2114e+13
4101.6132 1.2951e+15 5.2113e+13
4101.6265 1.2951e+15 5.2112e+13
4101.6399 1.2951e+15 5.2111e+13
4101.6532 1.2951e+15 5.2110e+13
4101.6666 1.2951e+15 5.2109e+13
4101.6800 1.2951e+15 5.2109e+13
4101.6933 1.2951e+15 5.2108e+13
4101.7067 1.2951e+15 5.2108e+13
4101.7200 1.2951e+15 5.2108e+13
4101.7334 1.2951e+15 5.2109e+13
4101.7468 1.2951e+15 5.2109e+13
4101.7601 1.2951e+15 5.2110e+13
4101.7735 1.2951e+15 5.2110e+13
4101.7868 1.2951e+15 5.2111e+13
4101.8002 1.2951e+15 5.2113e+13
4101.8136 1.2951e+15 5.2114e+13
4101.8269 1.2951e+15 5.2115e+13
4101.8403 1.2951e+15 5.2117e+13
4101.8537 1.2951e+15 5.2119e+13
4101.8670 1.2951e+15 5.2121e+13
4101.8804 1.2951e+15 5.2123e+13
4101.8937 1.2951e+15 5.2125e+13
4101.9071 1.2951e+15 5.2128e+13
4101.9205 1.2951e+15 5.2130e+13
4101.9338 1.2951e+15 5.2133e+13
4101.9472 1.2951e+15 5.2136e+13
4101.9605 1.2951e+15 5.2139e+13
4101.9739 1.2951e+15 5.2143e+13
4101.9873 1.2951e+15 5.2146e+13
4102.0006 1.2951e+15 5.2150e+13
4102.0140 1.2951e+15 5.2154e+13
4102.0273 1.2951e+15 5.2158e+13
4102.0407 1.2950e+15 5.2162e+13
4102.0541 1.2950e+15 5.2166e+13
4102.0674 1.2950e+15 5.2171e+13
4102.0808 1.2950e+15 5.2176e+13
4102.0941 1.2950e+15 5.2181e+13
4102.1075 1.2950e+15 5.2186e+13
4102.1209 1.2950e+15 5.2191e+13
4102.1342 1.2950e+15 5.2196e+13
4102.1476 1.2950e+15 5.2202e+13
4102.1610 1.2950e+15 5.2208e+13
4102.1743 1.2950e+15 5.2214e+13
4102.1877 1.2950e+15 5.2220e+13
4102.2010 1.2950e+15 5.2226e+13
4102.2144 1.2950e+15 5.2233e+13
4102.2278 1.2950e+15 5.2239e+13
4102.2411 1.2950e+15 5.2246e+13
4102.2545 1.2950e+15 5.2253e+13
4102.2678 1.2950e+15 5.2260e+13
4102.2812 1.2950e+15 5.2267e+13
4102.2946 1.2950e+15 5.2275e+13
4102.3079 1.2950e+15 5.2283e+13
4102.3213 1.2950e+15 5.2290e+13
4102.3346 1.2950e+15 5.2298e+13
4102.3480 1.2950e+15 5.2307e+13
4102.3614 1.2950e+15 5.2315e+13
4102.3747 1.2950e+15 5.2324e+13
4102.3881 1.2950e+15 5.2332e+13
4102.4014 1.2950e+15 5.2341e+13
4102.4148 1.2950e+15 5.2350e+13
4102.4282 1.2950e+15 5.2359e+13
4102.4415 1.2950e+15 5.2369e+13
4102.4549 1.2950e+15 5.2378e+13
4102.4683 1.2950e+15 5.2388e+13
4102.4816 1.2950e+15 5.2398e+13
4102.4950 1.2950e+15 5.2408e+13
4102.5083 1.2950e+15 5.2418e+13
4102.5217 1.2950e+15 5.2429e+13
4102.5351 1.2950e+15 5.2440e+13
4102.5484 1.2950e+15 5.2450e+13
4102.5618 1.2950e+15 5.2461e+13
4102.5751 1.2950e+15 5.2472e+13
4102.5885 1.2950e+15 5.2484e+13
4102.6019 1.2950e+15 5.2495e+13
4102.6152 1.2949e+15 5.2507e+13
4102.6286 1.2949e+15 5.2519e+13
4102.6419 1.2949e+15 5.2531e+13
4102.6553 1.2949e+15 5.2543e+13
4102.6687 1.2949e+15 5.2555e+13
4102.6820 1.2949e+15 5.2568e+13
4102.6954 1.2949e+15 5.2581e+13
4102.7087 1.2949e+15 5.2593e+13
4102.7221 1.2949e+15 5.2606e+13
4102.7355 1.2949e+15 5.2620e+13
4102.7488 1.2949e+15 5.2633e+13
4102.7622 1.2949e+15 5.2647e+13
4102.7756 1.2949e+15 5.2660e+13
4102.7889 1.2949e+15 5.2674e+13
4102.8023 1.2949e+15 5.2688e+13
4102.8156 1.2949e+15 5.2703e+13
4102.8290 1.2949e+15 5.2717e+13
4102.8424 1.2949e+15 5.2732e+13
4102.8557 1.2949e+15 5.2747e+13
4102.8691 1.2949e+15 5.2762e+13
4102.8824 1.2949e+15 5.2777e+13
4102.8958 1.2949e+15 5.2792e+13
4102.9092 1.2949e+15 5.2808e+13
4102.9225 1.2949e+15 5.2823e+13
4102.9359 1.2949e+15 5.2839e+13
4102.9492 1.2949e+15 5.2855e+13
4102.9626 1.2949e+15 5.2871e+13
4102.9760 1.2949e+15 5.2888e+13
4102.9893 1.2949e+15 5.2904e+13
4103.0027 1.2949e+15 5.2921e+13
4103.0160 1.2949e+15 5.2938e+13
4103.0294 1.2949e+15 5.2955e+13
4103.0428 1.2949e+15 5.2972e+13
4103.0561 1.2949e+15 5.2990e+13
4103.0695 1.2949e+15 5.3007e+13
4103.0829 1.2949e+15 5.3025e+13
4103.0962 1.2949e+15 5.3043e+13
4103.1096 1.2949e+15 5.3061e+13
4103.1229 1.2949e+15 5.3079e+13
4103.1363 1.2949e+15 5.3098e+13
4103.1497 1.2949e+15 5.3116e+13
4103.1630 1.2949e+15 5.3135e+13
4103.1764 1.2948e+15 5.3154e+13
4103.1897 1.2948e+15 5.3173e+13
4103.2031 1.2948e+15 5.3193e+13
4103.2165 1.2948e+15 5.3212e+13
4103.2298 1.2948e+15 5.3232e+13
4103.2432 1.2948e+15 5.3252e+13
4103.2565 1.2948e+15 5.3272e+13
4103.2699 1.2948e+15 5.3292e+13
4103.2833 1.2948e+15 5.3313e+13
4103.2966 1.2948e+15 5.3333e+13
4103.3100 1.2948e+15 5.3354e+13
4103.3233 1.2948e+15 5.3375e+13
4103.3367 1.2948e+15 5.3396e+13
4103.3501 1.2948e+15 5.3417e+13
4103.3634 1.2948e+15 5.3439e+13
4103.3768 1.2948e+15 5.3461e+13
4103.3902 1.2948e+15 5.3482e+13
4103.4035 1.2948e+15 5.3504e+13
4103.4169 1.2948e+15 5.3527e+13
4103.4302 1.2948e+15 5.3549e+13
4103.4436 1.2948e+15 5.3571e+13
4103.4570 1.2948e+15 5.3594e+13
4103.4703 1.2948e+15 5.3617e+13
4103.4837 1.2948e+15 5.3640e+13
4103.4970 1.2948e+15 5.3663e+13
4103.5104 1.2948e+15 5.3687e+13
4103.5238 1.2948e+15 5.3710e+13
4103.5371 1.2948e+15 5.3734e+13
4103.5505 1.2948e+15 5.3758e+13
4103.5638 1.2948e+15 5.3782e+13
4103.5772 1.2948e+15 5.3807e+13
4103.5906 1.2948e+15 5.3831e+13
4103.6039 1.2948e+15 5.3856e+13
4103.6173 1.2948e+15 5.3881e+13
4103.6306 1.2948e+15 5.3906e+13
4103.6440 1.2948e+15 5.3931e+13
4103.6574 1.2948e+15 5.3956e+13
4103.6707 1.2948e+15 5.3982e+13
4103.6841 1.2948e+15 5.4008e+13
4103.6975 1.2948e+15 5.4034e+13
4103.7108 1.2948e+15 5.4060e+13
4103.7242 1.2948e+15 5.4086e+13
4103.7375 1.2947e+15 5.4113e+13
4103.7509 1.2947e+15 5.4139e+13
4103.7643 1.2947e+15 5.4166e+13
4103.7776 1.2947e+15 5.4193e+13
4103.7910 1.2947e+15 5.4220e+13
4103.8043 1.2947e+15 5.4248e+13
4103.8177 1.2947e+15 5.4275e+13
4103.8311 1.2947e+15 5.4303e+13
4103.8444 1.2947e+15 5.4331e+13
4103.8578 1.2947e+15 5.4359e+13
4103.8711 1.2947e+15 5.4387e+13
4103.8845 1.2947e+15 5.4416e+13
4103.8979 1.2947e+15 5.4444e+13
4103.9112 1.2947e+15 5.4473e+13
4103.9246 1.2947e+15 5.4502e+13
4103.9379 1.2947e+15 5.4531e+13
4103.9513 1.2947e+15 5.4561e+13
4103.9647 1.2947e+15 5.4590e+13
4103.9780 1.2947e+15 5.4620e+13
4103.9914 1.2947e+15 5.4650e+13
4104.0048 1.2947e+15 5.4680e+13
4104.0181 1.2947e+15 5.4710e+13
4104.0315 1.2947e+15 5.4741e+13
4104.0448 1.2947e+15 5.4771e+13
4104.0582 1.2947e+15 5.4802e+13
4104.0716 1.2947e+15 5.4833e+13
4104.0849 1.2947e+15 5.4864e+13
4104.0983 1.2947e+15 5.4895e+13
4104.1116 1.2947e+15 5.4927e+13
4104.1250 1.2947e+15 5.4959e+13
4104.1384 1.2947e+15 5.4991e+13
4104.1517 1.2947e+15 5.5023e+13
4104.1651 1.2947e+15 5.5055e+13
4104.1784 1.2947e+15 5.5087e+13
4104.1918 1.2947e+15 5.5120e+13
4104.2052 1.2947e+15 5.5153e+13
4104.2185 1.2947e+15 5.5186e+13
4104.2319 1.2947e+15 5.5219e+13
4104.2452 1.2947e+15 5.5252e+13
4104.2586 1.2947e+15 5.5286e+13
4104.2720 1.2947e+15 5.5320e+13
4104.2853 1.2947e+15 5.5354e+13
4104.2987 1.2946e+15 5.5388e+13
4104.3121 1.2946e+15 5.5422e+13
4104.3254 1.2946e+15 5.5456e+13
4104.3388 1.2946e+15 5.5491e+13
4104.3521 1.2946e+15 5.5526e+13
4104.3655 1.2946e+15 5.5561e+13
4104.3789 1.2946e+15 5.5596e+13
4104.3922 1.2946e+15 5.5632e+13
4104.4056 1.2946e+15 5.5667e+13
4104.4189 1.2946e+15 5.5703e+13
4104.4323 1.2946e+15 5.5739e+13
4104.4457 1.2946e+15 5.5775e+13
4104.4590 1.2946e+15 5.5811e+13
4104.4724 1.2946e+15 5.5848e+13
4104.4857 1.2946e+15 5.5885e+13
4104.4991 1.2946e+15 5.5921e+13
4104.5125 1.2946e+15 5.5958e+13
4104.5258 1.2946e+15 5.5996e+13
4104.5392 1.2946e+15 5.6033e+13
4104.5526 1.2946e+15 5.6071e+13
4104.5659 1.2946e+15 5.6109e+13
4104.5793 1.2946e+15 5.6147e+13
4104.5926 1.2946e+15 5.6185e+13
4104.6060 1.2946e+15 5.6223e+13
4104.6194 1.2946e+15 5.6262e+13
4104.6327 1.2946e+15 5.6300e+13
4104.6461 1.2946e+15 5.6339e+13
4104.6594 1.2946e+15 5.6378e+13
4104.6728 1.2946e+15 5.6418e+13
4104.6862 1.2946e+15 5.6457e+13
4104.6995 1.2946e+15 5.6497e+13
4104.7129 1.2946e+15 5.6537e+13
4104.7262 1.2946e+15 5.6577e+13
4104.7396 1.2946e+15 5.6617e+13
4104.7530 1.2946e+15 5.6657e+13
4104.7663 1.2946e+15 5.6698e+13
4104.7797 1.2946e+15 5.6739e+13
4104.7930 1.2946e+15 5.6780e+13
4104.8064 1.2946e+15 5.6821e+13
4104.8198 1.2946e+15 5.6862e+13
4104.8331 1.2946e+15 5.6904e+13
4104.8465 1.2946e+15 5.6946e+13
4104.8599 1.2945e+15 5.6988e+13
4104.8732 1.2945e+15 5.7030e+13
4104.8866 1.2945e+15 5.7072e+13
4104.8999 1.2945e+15 5.7115e+13
4104.9133 1.2945e+15 5.7157e+13
4104.9267 1.2945e+15 5.7200e+13
4104.9400 1.2945e+15 5.7243e+13
4104.9534 1.2945e+15 5.7286e+13
4104.9667 1.2945e+15 5.7330e+13
4104.9801 1.2945e+15 5.7374e+13
4104.9935 1.2945e+15 5.7417e+13
4105.0068 1.2945e+15 5.7461e+13
4105.0202 1.2945e+15 5.7506e+13
4105.0335 1.2945e+15 5.7550e+13
4105.0469 1.2945e+15 5.7595e+13
4105.0603 1.2945e+15 5.7639e+13
4105.0736 1.2945e+15 5.7684e+13
4105.0870 1.2945e+15 5.7729e+13
4105.1003 1.2945e+15 5.7775e+13
4105.1137 1.2945e+15 5.7820e+13
4105.1271 1.2945e+15 5.7866e+13
4105.1404 1.2945e+15 5.7912e+13
4105.1538 1.2945e+15 5.7958e+13
4105.1672 1.2945e+15 5.8005e+13
4105.1805 1.2945e+15 5.8051e+13
4105.1939 1.2945e+15 5.8098e+13
4105.2072 1.2945e+15 5.8145e+13
4105.2206 1.2945e+15 5.8192e+13
4105.2340 1.2945e+15 5.8239e+13
4105.2473 1.2945e+15 5.8286e+13
4105.2607 1.2945e+15 5.8334e+13
4105.2740 1.2945e+15 5.8382e+13
4105.2874 1.2945e+15 5.8430e+13
4105.3008 1.2945e+15 5.8478e+13
4105.3141 1.2945e+15 5.8527e+13
4105.3275 1.2945e+15 5.8575e+13
4105.3408 1.2945e+15 5.8624e+13
4105.3542 1.2945e+15 5.8673e+13
4105.3676 1.2945e+15 5.8722e+13
4105.3809 1.2945e+15 5.8772e+13
4105.3943 1.2945e+15 5.8821e+13
4105.4076 1.2945e+15 5.8871e+13
4105.4210 1.2945e+15 5.8921e+13
4105.4344 1.2944e+15 5.8971e+13
4105.4477 1.2944e+15 5.9022e+13
4105.4611 1.2944e+15 5.9072e+13
4105.4745 1.2944e+15 5.9123e+13
4105.4878 1.2944e+15 5.9174e+13
4105.5012 1.2944e+15 5.9225e+13
4105.5145 1.2944e+15 5.9277e+13
4105.5279 1.2944e+15 5.9328e+13
4105.5413 1.2944e+15 5.9380e+13
4105.5546 1.2944e+15 5.9432e+13
4105.5680 1.2944e+15 5.9484e+13
4105.5813 1.2944e+15 5.9537e+13
4105.5947 1.2944e+15 5.9589e+13
4105.6081 1.2944e+15 5.9642e+13
4105.6214 1.2944e+15 5.9695e+13
4105.6348 1.2944e+15 5.9748e+13
4105.6481 1.2944e+15 5.9801e+13
4105.6615 1.2944e+15 5.9855e+13
4105.6749 1.2944e+15 5.9908e+13
4105.6882 1.2944e+15 5.9962e+13
4105.7016 1.2944e+15 6.0017e+13
4105.7149 1.2944e+15 6.0071e+13
4105.7283 1.2944e+15 6.0125e+13
4105.7417 1.2944e+15 6.0180e+13
4105.7550 1.2944e+15 6.0235e+13
4105.7684 1.2944e+15 6.0290e+13
4105.7818 1.2944e+15 6.0345e+13
4105.7951 1.2944e+15 6.0401e+13
4105.8085 1.2944e+15 6.0457e+13
4105.8218 1.2944e+15 6.0513e+13
4105.8352 1.2944e+15 6.0569e+13
4105.8486 1.2944e+15 6.0625e+13
4105.8619 1.2944e+15 6.0682e+13
4105.8753 1.2944e+15 6.0738e+13
4105.8886 1.2944e+15 6.0795e+13
4105.9020 1.2944e+15 6.0852e+13
4105.9154 1.2944e+15 6.0910e+13
4105.9287 1.2944e+15 6.0967e+13
4105.9421 1.2944e+15 6.1025e+13
4105.9554 1.2944e+15 6.1083e+13
4105.9688 1.2944e+15 6.1141e+13
4105.9822 1.2944e+15 6.1199e+13
4105.9955 1.2943e+15 6.1258e+13
4106.0089 1.2943e+15 6.1317e+13
4106.0222 1.2943e+15 6.1376e+13
4106.0356 1.2943e+15 6.1435e+13
4106.0490 1.2943e+15 6.1494e+13
4106.0623 1.2943e+15 6.1554e+13
4106.0757 1.2943e+15 6.1613e+13
4106.0891 1.2943e+15 6.1673e+13
4106.1024 1.2943e+15 6.1733e+13
4106.1158 1.2943e+15 6.1794e+13
4106.1291 1.2943e+15 6.1854e+13
4106.1425 1.2943e+15 6.1915e+13
4106.1559 1.2943e+15 6.1976e+13
4106.1692 1.2943e+15 6.2037e+13
4106.1826 1.2943e+15 6.2099e+13
4106.1959 1.2943e+15 6.2160e+13
4106.2093 1.2943e+15 6.2222e+13
4106.2227 1.2943e+15 6.2284e+13
4106.2360 1.2943e+15 6.2346e+13
4106.2494 1.2943e+15 6.2408e+13
4106.2627 1.2943e+15 6.2471e+13
4106.2761 1.2943e+15 6.2534e+13
4106.2895 1.2943e+15 6.2597e+13
4106.3028 1.2943e+15 6.2660e+13
4106.3162 1.2943e+15 6.2724e+13
4106.3295 1.2943e+15 6.2787e+13
4106.3429 1.2943e+15 6.2851e+13
4106.3563 1.2943e+15 6.2915e+13
4106.3696 1.2943e+15 6.2979e+13
4106.3830 1.2943e+15 6.3044e+13
4106.3964 1.2943e+15 6.3108e+13
4106.4097 1.2943e+15 6.3173e+13
4106.4231 1.2943e+15 6.3238e+13
4106.4364 1.2943e+15 6.3304e+13
4106.4498 1.2943e+15 6.3369e+13
4106.4632 1.2943e+15 6.3435e+13
4106.4765 1.2943e+15 6.3501e+13
4106.4899 1.2943e+15 6.3567e+13
4106.5032 1.2943e+15 6.3633e+13
4106.5166 1.2943e+15 6.3700e+13
4106.5300 1.2943e+15 6.3766e+13
4106.5433 1.2943e+15 6.3833e+13
4106.5567 1.2942e+15 6.3900e+13
4106.5700 1.2942e+15 6.3968e+13
4106.5834 1.2942e+15 6.4035e+13
4106.5968 1.2942e+15 6.4103e+13
4106.6101 1.2942e+15 6.4171e+13
4106.6235 1.2942e+15 6.4239e+13
4106.6368 1.2942e+15 6.4308e+13
4106.6502 1.2942e+15 6.4376e+13
4106.6636 1.2942e+15 6.4445e+13
4106.6769 1.2942e+15 6.4514e+13
4106.6903 1.2942e+15 6.4584e+13
4106.7037 1.2942e+15 6.4653e+13
4106.7170 1.2942e+15 6.4723e+13
4106.7304 1.2942e+15 6.4793e+13
4106.7437 1.2942e+15 6.4863e+13
4106.7571 1.2942e+15 6.4933e+13
4106.7705 1.2942e+15 6.5003e+13
4106.7838 1.2942e+15 6.5074e+13
4106.7972 1.2942e+15 6.5145e+13
4106.8105 1.2942e+15 6.5216e+13
4106.8239 1.2942e+15 6.5288e+13
4106.8373 1.2942e+15 6.5359e+13
4106.8506 1.2942e+15 6.5431e+13
4106.8640 1.2942e+15 6.5503e+13
4106.8773 1.2942e+15 6.5575e+13
4106.8907 1.2942e+15 6.5648e+13
4106.9041 1.2942e+15 6.5720e+13
4106.9174 1.2942e+15 6.5793e+13
4106.9308 1.2942e+15 6.5866e+13
4106.9441 1.2942e+15 6.5939e+13
4106.9575 1.2942e+15 6.6013e+13
4106.9709 1.2942e+15 6.6087e+13
4106.9842 1.2942e+15 6.6161e+13
4106.9976 1.2942e+15 6.6235e+13
4107.0110 1.2942e+15 6.6309e+13
4107.0243 1.2942e+15 6.6384e+13
4107.0377 1.2942e+15 6.6458e+13
4107.0510 1.2942e+15 6.6533e+13
4107.0644 1.2942e+15 6.6609e+13
4107.0778 1.2942e+15 6.6684e+13
4107.0911 1.2942e+15 6.6760e+13
4107.1045 1.2942e+15 6.6836e+13
4107.1178 1.2941e+15 6.6912e+13
4107.1312 1.2941e+15 6.6988e+13
4107.1446 1.2941e+15 6.7064e+13
4107.1579 1.2941e+15 6.7141e+13
4107.1713 1.2941e+15 6.7218e+13
4107.1846 1.2941e+15 6.7295e+13
4107.1980 1.2941e+15 6.7373e+13
4107.2114 1.2941e+15 6.7450e+13
4107.2247 1.2941e+15 6.7528e+13
4107.2381 1.2941e+15 6.7606e+13
4107.2514 1.2941e+15 6.7684e+13
4107.2648 1.2941e+15 6.7763e+13
4107.2782 1.2941e+15 6.7841e+13
4107.2915 1.2941e+15 6.7920e+13
4107.3049 1.2941e+15 6.7999e+13
4107.3183 1.2941e+15 6.8079e+13
4107.3316 1.2941e+15 6.8158e+13
4107.3450 1.2941e+15 6.8238e+13
4107.3583 1.2941e+15 6.8318e+13
4107.3717 1.2941e+15 6.8398e+13
4107.3851 1.2941e+15 6.8479e+13
4107.3984 1.2941e+15 6.8559e+13
4107.4118 1.2941e+15 6.8640e+13
4107.4251 1.2941e+15 6.8721e+13
4107.4385 1.2941e+15 6.8803e+13
4107.4519 1.2941e+15 6.8884e+13
4107.4652 1.2941e+15 6.8966e+13
4107.4786 1.2941e+15 6.9048e+13
4107.4919 1.2941e+15 6.9130e+13
4107.5053 1.2941e+15 6.9213e+13
4107.5187 1.2941e+15 6.9295e+13
4107.5320 1.2941e+15 6.9378e+13
4107.5454 1.2941e+15 6.9461e+13
4107.5588 1.2941e+15 6.9544e+13
4107.5721 1.2941e+15 6.9628e+13
4107.5855 1.2941e+15 6.9712e+13
4107.5988 1.2941e+15 6.9796e+13
4107.6122 1.2941e+15 6.9880e+13
4107.6256 1.2941e+15 6.9964e+13
4107.6389 1.2941e+15 7.0049e+13
4107.6523 1.2941e+15 7.0134e+13
4107.6656 1.2941e+15 7.0219e+13
4107.6790 1.2940e+15 7.0304e+13
4107.6924 1.2940e+15 7.0390e+13
4107.7057 1.2940e+15 7.0475e+13
4107.7191 1.2940e+15 7.0561e+13
4107.7324 1.2940e+15 7.0648e+13
4107.7458 1.2940e+15 7.0734e+13
4107.7592 1.2940e+15 7.0821e+13
4107.7725 1.2940e+15 7.0907e+13
4107.7859 1.2940e+15 7.0995e+13
4107.7992 1.2940e+15 7.1082e+13
4107.8126 1.2940e+15 7.1169e+13
4107.8260 1.2940e+15 7.1257e+13
4107.8393 1.2940e+15 7.1345e+13
4107.8527 1.2940e+15 7.1433e+13
4107.8661 1.2940e+15 7.1522e+13
4107.8794 1.2940e+15 7.1611e+13
4107.8928 1.2940e+15 7.1699e+13
4107.9061 1.2940e+15 7.1789e+13
4107.9195 1.2940e+15 7.1878e+13
4107.9329 1.2940e+15 7.1968e+13
4107.9462 1.2940e+15 7.2057e+13
4107.9596 1.2940e+15 7.2147e+13
4107.9729 1.2940e+15 7.2238e+13
4107.9863 1.2940e+15 7.2328e+13
4107.9997 1.2940e+15 7.2419e+13
4108.0130 1.2940e+15 7.2510e+13
4108.0264 1.2940e+15 7.2601e+13
4108.0397 1.2940e+15 7.2692e+13
4108.0531 1.2940e+15 7.2784e+13
4108.0665 1.2940e+15 7.2876e+13
4108.0798 1.2940e+15 7.2968e+13
4108.0932 1.2940e+15 7.3060e+13
4108.1065 1.2940e+15 7.3153e+13
4108.1199 1.2940e+15 7.3246e+13
4108.1333 1.2940e+15 7.3339e+13
4108.1466 1.2940e+15 7.3432e+13
4108.1600 1.2940e+15 7.3525e+13
4108.1734 1.2940e+15 7.3619e+13
4108.1867 1.2940e+15 7.3713e+13
4108.2001 1.2940e+15 7.3807e+13
4108.2134 1.2940e+15 7.3901e+13
4108.2268 1.2940e+15 7.3996e+13
4108.2402 1.2939e+15 7.4091e+13
4108.2535 1.2939e+15 7.4186e+13
4108.2669 1.2939e+15 7.4281e+13
4108.2802 1.2939e+15 7.4377e+13
4108.2936 1.2939e+15 7.4472e+13
4108.3070 1.2939e+15 7.4568e+13
4108.3203 1.2939e+15 7.4665e+13
4108.3337 1.2939e+15 7.4761e+13
4108.3470 1.2939e+15 7.4858e+13
4108.3604 1.2939e+15 7.4955e+13
4108.3738 1.2939e+15 7.5052e+13
4108.3871 1.2939e+15 7.5149e+13
4108.4005 1.2939e+15 7.5247e+13
4108.4138 1.2939e+15 7.5345e+13
4108.4272 1.2939e+15 7.5443e+13
4108.4406 1.2939e+15 7.5541e+13
4108.4539 1.2939e+15 7.5640e+13
4108.4673 1.2939e+15 7.5738e+13
4108.4807 1.2939e+15 7.5837e+13
4108.4940 1.2939e+15 7.5937e+13
4108.5074 1.2939e+15 7.6036e+13
4108.5207 1.2939e+15 7.6136e+13
4108.5341 1.2939e+15 7.6236e+13
4108.5475 1.2939e+15 7.6336e+13
4108.5608 1.2939e+15 7.6436e+13
4108.5742 1.2939e+15 7.6537e+13
4108.5875 1.2939e+15 7.6638e+13
4108.6009 1.2939e+15 7.6739e+13
4108.6143 1.2939e+15 7.6840e+13
4108.6276 1.2939e+15 7.6942e+13
4108.6410 1.2939e+15 7.7044e+13
4108.6543 1.2939e+15 7.7146e+13
4108.6677 1.2939e+15 7.7248e+13
4108.6811 1.2939e+15 7.7351e+13
4108.6944 1.2939e+15 7.7453e+13
4108.7078 1.2939e+15 7.7556e+13
4108.7211 1.2939e+15 7.7660e+13
4108.7345 1.2939e+15 7.7763e+13
4108.7479 1.2939e+15 7.7867e+13
4108.7612 1.2939e+15 7.7971e+13
4108.7746 1.2939e+15 7.8075e+13
4108.7880 1.2939e+15 7.8179e+13
4108.8013 1.2938e+15 7.8284e+13
4108.8147 1.2938e+15 7.8389e+13
4108.8280 1.2938e+15 7.8494e+13
4108.8414 1.2938e+15 7.8600e+13
4108.8548 1.2938e+15 7.8705e+13
4108.8681 1.2938e+15 7.8811e+13
4108.8815 1.2938e+15 7.8917e+13
4108.8948 1.2938e+15 7.9023e+13
4108.9082 1.2938e+15 7.9130e+13
4108.9216 1.2938e+15 7.9237e+13
4108.9349 1.2938e+15 7.9344e+13
4108.9483 1.2938e+15 7.9451e+13
4108.9616 1.2938e+15 7.9559e+13
4108.9750 1.2938e+15 7.9666e+13
4108.9884 1.2938e+15 7.9774e+13
4109.0017 1.2938e+15 7.9883e+13
4109.0151 1.2938e+15 7.9991e+13
4109.0284 1.2938e+15 8.0100e+13
4109.0418 1.2938e+15 8.0209e+13
4109.0552 1.2938e+15 8.0318e+13
4109.0685 1.2938e+15 8.0427e+13
4109.0819 1.2938e+15 8.0537e+13
4109.0953 1.2938e+15 8.0647e+13
4109.1086 1.2938e+15 8.0757e+13
4109.1220 1.2938e+15 8.0868e+13
4109.1353 1.2938e+15 8.0978e+13
4109.1487 1.2938e+15 8.1089e+13
4109.1621 1.2938e+15 8.1200e+13
4109.1754 1.2938e+15 8.1312e+13
4109.1888 1.2938e+15 8.1423e+13
4109.2021 1.2938e+15 8.1535e+13
4109.2155 1.2938e+15 8.1647e+13
4109.2289 1.2938e+15 8.1760e+13
4109.2422 1.2938e+15 8.1872e+13
4109.2556 1.2938e+15 8.1985e+13
4109.2689 1.2938e+15 8.2098e+13
4109.2823 1.2938e+15 8.2211e+13
4109.2957 1.2938e+15 8.2325e+13
4109.3090 1.2938e+15 8.2439e+13
4109.3224 1.2938e+15 8.2553e+13
4109.3357 1.2938e+15 8.2667e+13
4109.3491 1.2937e+15 8.2781e+13
4109.3625 1.2937e+15 8.2896e+13
4109.3758 1.2937e+15 8.3011e+13
4109.3892 1.2937e+15 8.3126e+13
4109.4026 1.2937e+15 8.3242e+13
4109.4159 1.2937e+15 8.3358e+13
4109.4293 1.2937e+15 8.3474e+13
4109.4426 1.2937e+15 8.3590e+13
4109.4560 1.2937e+15 8.3706e+13
4109.4694 1.2937e+15 8.3823e+13
4109.4827 1.2937e+15 8.3940e+13
4109.4961 1.2937e+15 8.4057e+13
4109.5094 1.2937e+15 8.4175e+13
4109.5228 1.2937e+15 8.4292e+13
4109.5362 1.2937e+15 8.4410e+13
4109.5495 1.2937e+15 8.4529e+13
4109.5629 1.2937e+15 8.4647e+13
4109.5762 1.2937e+15 8.4766e+13
4109.5896 1.2937e+15 8.4885e+13
4109.6030 1.2937e+15 8.5004e+13
4109.6163 1.2937e+15 8.5123e+13
4109.6297 1.2937e+15 8.5243e+13
4109.6430 1.2937e+15 8.5363e+13
4109.6564 1.2937e+15 8.5483e+13
4109.6698 1.2937e+15 8.5603e+13
4109.6831 1.2937e+15 8.5724e+13
4109.6965 1.2937e+15 8.5845e+13
4109.7099 1.2937e+15 8.5966e+13
4109.7232 1.2937e+15 8.6087e+13
4109.7366 1.2937e+15 8.6209e+13
4109.7499 1.2937e+15 8.6331e+13
4109.7633 1.2937e+15 8.6453e+13
4109.7767 1.2937e+15 8.6575e+13
4109.7900 1.2937e+15 8.6698e+13
4109.8034 1.2937e+15 8.6821e+13
4109.8167 1.2937e+15 8.6944e+13
4109.8301 1.2937e+15 8.7067e+13
4109.8435 1.2937e+15 8.7191e+13
4109.8568 1.2937e+15 8.7315e+13
4109.8702 1.2937e+15 8.7439e+13
4109.8835 1.2937e+15 8.7563e+13
4109.8969 1.2937e+15 8.7688e+13
4109.9103 1.2936e+15 8.7813e+13
4109.9236 1.2936e+15 8.7938e+13
4109.9370 1.2936e+15 8.8063e+13
4109.9503 1.2936e+15 8.8189e+13
4109.9637 1.2936e+15 8.8315e+13
4109.9771 1.2936e+15 8.8441e+13
4109.9904 1.2936e+15 8.8567e+13
4110.0038 1.2936e+15 8.8694e+13
4110.0172 1.2936e+15 8.8821e+13
4110.0305 1.2936e+15 8.8948e+13
4110.0439 1.2936e+15 8.9075e+13
4110.0572 1.2936e+15 8.9203e+13
4110.0706 1.2936e+15 8.9331e+13
4110.0840 1.2936e+15 8.9459e+13
4110.0973 1.2936e+15 8.9587e+13
4110.1107 1.2936e+15 8.9716e+13
4110.1240 1.2936e+15 8.9844e+13
4110.1374 1.2936e+15 8.9974e+13
4110.1508 1.2936e+15 9.0103e+13
4110.1641 1.2936e+15 9.0233e+13
4110.1775 1.2936e+15 9.0362e+13
4110.1908 1.2936e+15 9.0493e+13
4110.2042 1.2936e+15 9.0623e+13
4110.2176 1.2936e+15 9.0753e+13
4110.2309 1.2936e+15 9.0884e+13
4110.2443 1.2936e+15 9.1015e+13
4110.2577 1.2936e+15 9.1147e+13
4110.2710 1.2936e+15 9.1278e+13
4110.2844 1.2936e+15 9.1410e+13
4110.2977 1.2936e+15 9.1542e+13
4110.3111 1.2936e+15 9.1675e+13
4110.3245 1.2936e+15 9.1807e+13
4110.3378 1.2936e+15 9.1940e+13
4110.3512 1.2936e+15 9.2074e+13
4110.3645 1.2936e+15 9.2207e+13
4110.3779 1.2936e+15 9.2341e+13
4110.3913 1.2936e+15 9.2474e+13
4110.4046 1.2936e+15 9.2609e+13
4110.4180 1.2936e+15 9.2743e+13
4110.4313 1.2936e+15 9.2878e+13
4110.4447 1.2936e+15 9.3013e+13
4110.4581 1.2936e+15 9.3148e+13
4110.4714 1.2935e+15 9.3283e+13
4110.4848 1.2935e+15 9.3419e+13
4110.4981 1.2935e+15 9.3555e+13
4110.5115 1.2935e+15 9.3691e+13
4110.5249 1.2935e+15 9.3827e+13
4110.5382 1.2935e+15 9.3964e+13
4110.5516 1.2935e+15 9.4101e+13
4110.5650 1.2935e+15 9.4238e+13
4110.5783 1.2935e+15 9.4376e+13
4110.5917 1.2935e+15 9.4513e+13
4110.6050 1.2935e+15 9.4651e+13
4110.6184 1.2935e+15 9.4789e+13
4110.6318 1.2935e+15 9.4928e+13
4110.6451 1.2935e+15 9.5067e+13
4110.6585 1.2935e+15 9.5206e+13
4110.6718 1.2935e+15 9.5345e+13
4110.6852 1.2935e+15 9.5484e+13
4110.6986 1.2935e+15 9.5624e+13
4110.7119 1.2935e+15 9.5764e+13
4110.7253 1.2935e+15 9.5904e+13
4110.7386 1.2935e+15 9.6045e+13
4110.7520 1.2935e+15 9.6185e+13
4110.7654 1.2935e+15 9.6326e+13
4110.7787 1.2935e+15 9.6468e+13
4110.7921 1.2935e+15 9.6609e+13
4110.8054 1.2935e+15 9.6751e+13
4110.8188 1.2935e+15 9.6893e+13
4110.8322 1.2935e+15 9.7035e+13
4110.8455 1.2935e+15 9.7178e+13
4110.8589 1.2935e+15 9.7321e+13
4110.8723 1.2935e+15 9.7464e+13
4110.8856 1.2935e+15 9.7607e+13
4110.8990 1.2935e+15 9.7751e+13
4110.9123 1.2935e+15 9.7894e+13
4110.9257 1.2935e+15 9.8039e+13
4110.9391 1.2935e+15 9.8183e+13
4110.9524 1.2935e+15 9.8327e+13
4110.9658 1.2935e+15 9.8472e+13
4110.9791 1.2935e+15 9.8617e+13
4110.9925 1.2935e+15 9.8763e+13
4111.0059 1.2935e+15 9.8908e+13
4111.0192 1.2935e+15 9.9054e+13
4111.0326 1.2934e+15 9.9200e+13
4111.0459 1.2934e+15 9.9347e+13
4111.0593 1.2934e+15 9.9493e+13
4111.0727 1.2934e+15 9.9640e+13
4111.0860 1.2934e+15 9.9788e+13
4111.0994 1.2934e+15 9.9935e+13
4111.1127 1.2934e+15 1.0008e+14
4111.1261 1.2934e+15 1.0023e+14
4111.1395 1.2934e+15 1.0038e+14
4111.1528 1.2934e+15 1.0053e+14
4111.1662 1.2934e+15 1.0068e+14
4111.1796 1.2934e+15 1.0082e+14
4111.1929 1.2934e+15 1.0097e+14
4111.2063 1.2934e+15 1.0112e+14
4111.2196 1.2934e+15 1.0127e+14
4111.2330 1.2934e+15 1.0142e+14
4111.2464 1.2934e+15 1.0157e+14
4111.2597 1.2934e+15 1.0172e+14
4111.2731 1.2934e+15 1.0187e+14
4111.2864 1.2934e+15 1.0203e+14
4111.2998 1.2934e+15 1.0218e+14
4111.3132 1.2934e+15 1.0233e+14
4111.3265 1.2934e+15 1.0248e+14
4111.3399 1.2934e+15 1.0263e+14
4111.3532 1.2934e+15 1.0278e+14
4111.3666 1.2934e+15 1.0294e+14
4111.3800 1.2934e+15 1.0309e+14
4111.3933 1.2934e+15 1.0324e+14
4111.4067 1.2934e+15 1.0340e+14
4111.4200 1.2934e+15 1.0355e+14
4111.4334 1.2934e+15 1.0370e+14
4111.4468 1.2934e+15 1.0386e+14
4111.4601 1.2934e+15 1.0401e+14
4111.4735 1.2934e+15 1.0417e+14
4111.4869 1.2934e+15 1.0432e+14
4111.5002 1.2934e+15 1.0448e+14
4111.5136 1.2934e+15 1.0463e+14
4111.5269 1.2934e+15 1.0479e+14
4111.5403 1.2934e+15 1.0494e+14
4111.5537 1.2934e+15 1.0510e+14
4111.5670 1.2934e+15 1.0526e+14
4111.5804 1.2934e+15 1.0541e+14
4111.5937 1.2933e+15 1.0557e+14
4111.6071 1.2933e+15 1.0573e+14
4111.6205 1.2933e+15 1.0589e+14
4111.6338 1.2933e+15 1.0604e+14
4111.6472 1.2933e+15 1.0620e+14
4111.6605 1.2933e+15 1.0636e+14
4111.6739 1.2933e+15 1.0652e+14
4111.6873 1.2933e+15 1.0668e+14
4111.7006 1.2933e+15 1.0684e+14
4111.7140 1.2933e+15 1.0700e+14
4111.7273 1.2933e+15 1.0715e+14
4111.7407 1.2933e+15 1.0731e+14
4111.7541 1.2933e+15 1.0747e+14
4111.7674 1.2933e+15 1.0764e+14
4111.7808 1.2933e+15 1.0780e+14
4111.7942 1.2933e+15 1.0796e+14
4111.8075 1.2933e+15 1.0812e+14
4111.8209 1.2933e+15 1.0828e+14
4111.8342 1.2933e+15 1.0844e+14
4111.8476 1.2933e+15 1.0860e+14
4111.8610 1.2933e+15 1.0876e+14
4111.8743 1.2933e+15 1.0893e+14
4111.8877 1.2933e+15 1.0909e+14
4111.9010 1.2933e+15 1.0925e+14
4111.9144 1.2933e+15 1.0942e+14
4111.9278 1.2933e+15 1.0958e+14
4111.9411 1.2933e+15 1.0974e+14
4111.9545 1.2933e+15 1.0991e+14
4111.9678 1.2933e+15 1.1007e+14
4111.9812 1.2933e+15 1.1024e+14
4111.9946 1.2933e+15 1.1040e+14
4112.0079 1.2933e+15 1.1057e+14
4112.0213 1.2933e+15 1.1073e+14
4112.0346 1.2933e+15 1.1090e+14
4112.0480 1.2933e+15 1.1106e+14
4112.0614 1.2933e+15 1.1123e+14
4112.0747 1.2933e+15 1.1139e+14
4112.0881 1.2933e+15 1.1156e+14
4112.1015 1.2933e+15 1.1173e+14
4112.1148 1.2933e+15 1.1190e+14
4112.1282 1.2933e+15 1.1206e+14
4112.1415 1.2932e+15 1.1223e+14
4112.1549 1.2932e+15 1.1240e+14
4112.1683 1.2932e+15 1.1257e+14
4112.1816 1.2932e+15 1.1273e+14
4112.1950 1.2932e+15 1.1290e+14
4112.2083 1.2932e+15 1.1307e+14
4112.2217 1.2932e+15 1.1324e+14
4112.2351 1.2932e+15 1.1341e+14
4112.2484 1.2932e+15 1.1358e+14
4112.2618 1.2932e+15 1.1375e+14
4112.2751 1.2932e+15 1.1392e+14
4112.2885 1.2932e+15 1.1409e+14
4112.3019 1.2932e+15 1.1426e+14
4112.3152 1.2932e+15 1.1443e+14
4112.3286 1.2932e+15 1.1460e+14
4112.3419 1.2932e+15 1.1478e+14
4112.3553 1.2932e+15 1.1495e+14
4112.3687 1.2932e+15 1.1512e+14
4112.3820 1.2932e+15 1.1529e+14
4112.3954 1.2932e+15 1.1546e+14
4112.4088 1.2932e+15 1.1564e+14
4112.4221 1.2932e+15 1.1581e+14
4112.4355 1.2932e+15 1.1598e+14
4112.4488 1.2932e+15 1.1616e+14
4112.4622 1.2932e+15 1.1633e+14
4112.4756 1.2932e+15 1.1651e+14
4112.4889 1.2932e+15 1.1668e+14
4112.5023 1.2932e+15 1.1685e+14
4112.5156 1.2932e+15 1.1703e+14
4112.5290 1.2932e+15 1.1720e+14
4112.5424 1.2932e+15 1.1738e+14
4112.5557 1.2932e+15 1.1756e+14
4112.5691 1.2932e+15 1.1773e+14
4112.5824 1.2932e+15 1.1791e+14
4112.5958 1.2932e+15 1.1808e+14
4112.6092 1.2932e+15 1.1826e+14
4112.6225 1.2932e+15 1.1844e+14
4112.6359 1.2932e+15 1.1861e+14
4112.6492 1.2932e+15 1.1879e+14
4112.6626 1.2932e+15 1.1897e+14
4112.6760 1.2932e+15 1.1915e+14
4112.6893 1.2932e+15 1.1933e+14
4112.7027 1.2931e+15 1.1951e+14
4112.7161 1.2931e+15 1.1968e+14
4112.7294 1.2931e+15 1.1986e+14
4112.7428 1.2931e+15 1.2004e+14
4112.7561 1.2931e+15 1.2022e+14
4112.7695 1.2931e+15 1.2040e+14
4112.7829 1.2931e+15 1.2058e+14
4112.7962 1.2931e+15 1.2076e+14
4112.8096 1.2931e+15 1.2094e+14
4112.8229 1.2931e+15 1.2112e+14
4112.8363 1.2931e+15 1.2130e+14
4112.8497 1.2931e+15 1.2149e+14
4112.8630 1.2931e+15 1.2167e+14
4112.8764 1.2931e+15 1.2185e+14
4112.8897 1.2931e+15 1.2203e+14
4112.9031 1.2931e+15 1.2221e+14
4112.9165 1.2931e+15 1.2240e+14
4112.9298 1.2931e+15 1.2258e+14
4112.9432 1.2931e+15 1.2276e+14
4112.9566 1.2931e+15 1.2295e+14
4112.9699 1.2931e+15 1.2313e+14
4112.9833 1.2931e+15 1.2331e+14
4112.9966 1.2931e+15 1.2350e+14
4113.0100 1.2931e+15 1.2368e+14
4113.0234 1.2931e+15 1.2387e+14
4113.0367 1.2931e+15 1.2405e+14
4113.0501 1.2931e+15 1.2424e+14
4113.0634 1.2931e+15 1.2442e+14
4113.0768 1.2931e+15 1.2461e+14
4113.0902 1.2931e+15 1.2480e+14
4113.1035 1.2931e+15 1.2498e+14
4113.1169 1.2931e+15 1.2517e+14
4113.1302 1.2931e+15 1.2535e+14
4113.1436 1.2931e+15 1.2554e+14
4113.1570 1.2931e+15 1.2573e+14
4113.1703 1.2931e+15 1.2592e+14
4113.1837 1.2931e+15 1.2610e+14
4113.1970 1.2931e+15 1.2629e+14
4113.2104 1.2931e+15 1.2648e+14
4113.2238 1.2931e+15 1.2667e+14
4113.2371 1.2931e+15 1.2686e+14
4113.2505 1.2931e+15 1.2705e+14
4113.2639 1.2930e+15 1.2724e+14
4113.2772 1.2930e+15 1.2743e+14
4113.2906 1.2930e+15 1.2762e+14
4113.3039 1.2930e+15 1.2781e+14
4113.3173 1.2930e+15 1.2800e+14
4113.3307 1.2930e+15 1.2819e+14
4113.3440 1.2930e+15 1.2838e+14
4113.3574 1.2930e+15 1.2857e+14
4113.3707 1.2930e+15 1.2876e+14
4113.3841 1.2930e+15 1.2895e+14
4113.3975 1.2930e+15 1.2915e+14
4113.4108 1.2930e+15 1.2934e+14
4113.4242 1.2930e+15 1.2953e+14
4113.4375 1.2930e+15 1.2972e+14
4113.4509 1.2930e+15 1.2992e+14
4113.4643 1.2930e+15 1.3011e+14
4113.4776 1.2930e+15 1.3030e+14
4113.4910 1.2930e+15 1.3050e+14
4113.5043 1.2930e+15 1.3069e+14
4113.5177 1.2930e+15 1.3088e+14
4113.5311 1.2930e+15 1.3108e+14
4113.5444 1.2930e+15 1.3127e+14
4113.5578 1.2930e+15 1.3147e+14
4113.5712 1.2930e+15 1.3166e+14
4113.5845 1.2930e+15 1.3186e+14
4113.5979 1.2930e+15 1.3206e+14
4113.6112 1.2930e+15 1.3225e+14
4113.6246 1.2930e+15 1.3245e+14
4113.6380 1.2930e+15 1.3264e+14
4113.6513 1.2930e+15 1.3284e+14
4113.6647 1.2930e+15 1.3304e+14
4113.6780 1.2930e+15 1.3324e+14
4113.6914 1.2930e+15 1.3343e+14
4113.7048 1.2930e+15 1.3363e+14
4113.7181 1.2930e+15 1.3383e+14
4113.7315 1.2930e+15 1.3403e+14
4113.7448 1.2930e+15 1.3423e+14
4113.7582 1.2930e+15 1.3443e+14
4113.7716 1.2930e+15 1.3462e+14
4113.7849 1.2930e+15 1.3482e+14
4113.7983 1.2930e+15 1.3502e+14
4113.8116 1.2929e+15 1.3522e+14
4113.8250 1.2929e+15 1.3542e+14
4113.8384 1.2929e+15 1.3562e+14
4113.8517 1.2929e+15 1.3582e+14
4113.8651 1.2929e+15 1.3603e+14
4113.8785 1.2929e+15 1.3623e+14
4113.8918 1.2929e+15 1.3643e+14
4113.9052 1.2929e+15 1.3663e+14
4113.9185 1.2929e+15 1.3683e+14
4113.9319 1.2929e+15 1.3703e+14
4113.9453 1.2929e+15 1.3724e+14
4113.9586 1.2929e+15 1.3744e+14
4113.9720 1.2929e+15 1.3764e+14
4113.9853 1.2929e+15 1.3785e+14
4113.9987 1.2929e+15 1.3805e+14
4114.0121 1.2929e+15 1.3825e+14
4114.0254 1.2929e+15 1.3846e+14
4114.0388 1.2929e+15 1.3866e+14
4114.0521 1.2929e+15 1.3886e+14
4114.0655 1.2929e+15 1.3907e+14
4114.0789 1.2929e+15 1.3927e+14
4114.0922 1.2929e+15 1.3948e+14
4114.1056 1.2929e+15 1.3969e+14
4114.1189 1.2929e+15 1.3989e+14
4114.1323 1.2929e+15 1.4010e+14
4114.1457 1.2929e+15 1.4030e+14
4114.1590 1.2929e+15 1.4051e+14
4114.1724 1.2929e+15 1.4072e+14
4114.1858 1.2929e+15 1.4092e+14
4114.1991 1.2929e+15 1.4113e+14
4114.2125 1.2929e+15 1.4134e+14
4114.2258 1.2929e+15 1.4155e+14
4114.2392 1.2929e+15 1.4175e+14
4114.2526 1.2929e+15 1.4196e+14
4114.2659 1.2929e+15 1.4217e+14
4114.2793 1.2929e+15 1.4238e+14
4114.2926 1.2929e+15 1.4259e+14
4114.3060 1.2929e+15 1.4280e+14
4114.3194 1.2929e+15 1.4301e+14
4114.3327 1.2929e+15 1.4322e+14
4114.3461 1.2929e+15 1.4343e+14
4114.3594 1.2929e+15 1.4364e+14
4114.3728 1.2928e+15 1.4385e+14
4114.3862 1.2928e+15 1.4406e+14
4114.3995 1.2928e+15 1.4427e+14
4114.4129 1.2928e+15 1.4448e+14
4114.4262 1.2928e+15 1.4469e+14
4114.4396 1.2928e+15 1.4490e+14
4114.4530 1.2928e+15 1.4511e+14
4114.4663 1.2928e+15 1.4533e+14
4114.4797 1.2928e+15 1.4554e+14
4114.4931 1.2928e+15 1.4575e+14
4114.5064 1.2928e+15 1.4597e+14
4114.5198 1.2928e+15 1.4618e+14
4114.5331 1.2928e+15 1.4639e+14
4114.5465 1.2928e+15 1.4661e+14
4114.5599 1.2928e+15 1.4682e+14
4114.5732 1.2928e+15 1.4703e+14
4114.5866 1.2928e+15 1.4725e+14
4114.5999 1.2928e+15 1.4746e+14
4114.6133 1.2928e+15 1.4768e+14
4114.6267 1.2928e+15 1.4789e+14
4114.6400 1.2928e+15 1.4811e+14
4114.6534 1.2928e+15 1.4832e+14
4114.6667 1.2928e+15 1.4854e+14
4114.6801 1.2928e+15 1.4876e+14
4114.6935 1.2928e+15 1.4897e+14
4114.7068 1.2928e+15 1.4919e+14
4114.7202 1.2928e+15 1.4941e+14
4114.7335 1.2928e+15 1.4962e+14
4114.7469 1.2928e+15 1.4984e+14
4114.7603 1.2928e+15 1.5006e+14
4114.7736 1.2928e+15 1.5028e+14
4114.7870 1.2928e+15 1.5049e+14
4114.8004 1.2928e+15 1.5071e+14
4114.8137 1.2928e+15 1.5093e+14
4114.8271 1.2928e+15 1.5115e+14
4114.8404 1.2928e+15 1.5137e+14
4114.8538 1.2928e+15 1.5159e+14
4114.8672 1.2928e+15 1.5181e+14
4114.8805 1.2928e+15 1.5203e+14
4114.8939 1.2928e+15 1.5225e+14
4114.9072 1.2928e+15 1.5247e+14
4114.9206 1.2928e+15 1.5269e+14
4114.9340 1.2927e+15 1.5291e+14
4114.9473 1.2927e+15 1.5313e+14
4114.9607 1.2927e+15 1.5335e+14
4114.9740 1.2927e+15 1.5357e+14
4114.9874 1.2927e+15 1.5379e+14
4115.0008 1.2927e+15 1.5402e+14
4115.0141 1.2927e+15 1.5424e+14
4115.0275 1.2927e+15 1.5446e+14
4115.0408 1.2927e+15 1.5468e+14
4115.0542 1.2927e+15 1.5491e+14
