# Wavelength(Å) I_cont(erg/s/cm2/Å/sr) I_abs(erg/s/cm2/Å/sr)
4091.1426 9.1712e+13 9.1712e+13
4091.1531 9.1712e+13 9.1712e+13
4091.1637 9.1713e+13 9.1713e+13
4091.1743 9.1713e+13 9.1713e+13
4091.1848 9.1714e+13 9.1714e+13
4091.1954 9.1714e+13 9.1714e+13
4091.2059 9.1715e+13 9.1715e+13
4091.2165 9.1715e+13 9.1715e+13
4091.2271 9.1716e+13 9.1716e+13
4091.2376 9.1716e+13 9.1716e+13
4091.2482 9.1717e+13 9.1717e+13
4091.2588 9.1717e+13 9.1717e+13
4091.2693 9.1718e+13 9.1718e+13
4091.2799 9.1718e+13 9.1718e+13
4091.2904 9.1719e+13 9.1719e+13
4091.3010 9.1719e+13 9.1719e+13
4091.3116 9.1720e+13 9.1720e+13
4091.3221 9.1720e+13 9.1720e+13
4091.3327 9.1721e+13 9.1721e+13
4091.3433 9.1721e+13 9.1721e+13
4091.3538 9.1722e+13 9.1721e+13
4091.3644 9.1722e+13 9.1722e+13
4091.3749 9.1723e+13 9.1722e+13
4091.3855 9.1723e+13 9.1723e+13
4091.3961 9.1723e+13 9.1723e+13
4091.4066 9.1724e+13 9.1724e+13
4091.4172 9.1724e+13 9.1724e+13
4091.4278 9.1725e+13 9.1725e+13
4091.4383 9.1725e+13 9.1725e+13
4091.4489 9.1726e+13 9.1726e+13
4091.4595 9.1726e+13 9.1726e+13
4091.4700 9.1727e+13 9.1727e+13
4091.4806 9.1727e+13 9.1727e+13
4091.4911 9.1728e+13 9.1728e+13
4091.5017 9.1728e+13 9.1728e+13
4091.5123 9.1729e+13 9.1729e+13
4091.5228 9.1729e+13 9.1729e+13
4091.5334 9.1730e+13 9.1730e+13
4091.5440 9.1730e+13 9.1730e+13
4091.5545 9.1731e+13 9.1731e+13
4091.5651 9.1731e+13 9.1731e+13
4091.5756 9.1732e+13 9.1732e+13
4091.5862 9.1732e+13 9.1732e+13
4091.5968 9.1733e+13 9.1733e+13
4091.6073 9.1733e+13 9.1733e+13
4091.6179 9.1734e+13 9.1734e+13
4091.6285 9.1734e+13 9.1734e+13
4091.6390 9.1735e+13 9.1735e+13
4091.6496 9.1735e+13 9.1735e+13
4091.6601 9.1736e+13 9.1735e+13
4091.6707 9.1736e+13 9.1736e+13
4091.6813 9.1737e+13 9.1736e+13
4091.6918 9.1737e+13 9.1737e+13
4091.7024 9.1737e+13 9.1737e+13
4091.7130 9.1738e+13 9.1738e+13
4091.7235 9.1738e+13 9.1738e+13
4091.7341 9.1739e+13 9.1739e+13
4091.7446 9.1739e+13 9.1739e+13
4091.7552 9.1740e+13 9.1740e+13
4091.7658 9.1740e+13 9.1740e+13
4091.7763 9.1741e+13 9.1741e+13
4091.7869 9.1741e+13 9.1741e+13
4091.7975 9.1742e+13 9.1742e+13
4091.8080 9.1742e+13 9.1742e+13
4091.8186 9.1743e+13 9.1743e+13
4091.8291 9.1743e+13 9.1743e+13
4091.8397 9.1744e+13 9.1744e+13
4091.8503 9.1744e+13 9.1744e+13
4091.8608 9.1745e+13 9.1745e+13
4091.8714 9.1745e+13 9.1745e+13
4091.8820 9.1746e+13 9.1746e+13
4091.8925 9.1746e+13 9.1746e+13
4091.9031 9.1747e+13 9.1747e+13
4091.9136 9.1747e+13 9.1747e+13
4091.9242 9.1748e+13 9.1748e+13
4091.9348 9.1748e+13 9.1748e+13
4091.9453 9.1749e+13 9.1749e+13
4091.9559 9.1749e+13 9.1749e+13
4091.9665 9.1750e+13 9.1749e+13
4091.9770 9.1750e+13 9.1750e+13
4091.9876 9.1751e+13 9.1750e+13
4091.9981 9.1751e+13 9.1751e+13
4092.0087 9.1751e+13 9.1751e+13
4092.0193 9.1752e+13 9.1752e+13
4092.0298 9.1752e+13 9.1752e+13
4092.0404 9.1753e+13 9.1753e+13
4092.0510 9.1753e+13 9.1753e+13
4092.0615 9.1754e+13 9.1754e+13
4092.0721 9.1754e+13 9.1754e+13
4092.0827 9.1755e+13 9.1755e+13
4092.0932 9.1755e+13 9.1755e+13
4092.1038 9.1756e+13 9.1756e+13
4092.1143 9.1756e+13 9.1756e+13
4092.1249 9.1757e+13 9.1757e+13
4092.1355 9.1757e+13 9.1757e+13
4092.1460 9.1758e+13 9.1758e+13
4092.1566 9.1758e+13 9.1758e+13
4092.1672 9.1759e+13 9.1759e+13
4092.1777 9.1759e+13 9.1759e+13
4092.1883 9.1760e+13 9.1760e+13
4092.1988 9.1760e+13 9.1760e+13
4092.2094 9.1761e+13 9.1761e+13
4092.2200 9.1761e+13 9.1761e+13
4092.2305 9.1762e+13 9.1762e+13
4092.2411 9.1762e+13 9.1762e+13
4092.2517 9.1763e+13 9.1763e+13
4092.2622 9.1763e+13 9.1763e+13
4092.2728 9.1764e+13 9.1763e+13
4092.2833 9.1764e+13 9.1764e+13
4092.2939 9.1765e+13 9.1764e+13
4092.3045 9.1765e+13 9.1765e+13
4092.3150 9.1765e+13 9.1765e+13
4092.3256 9.1766e+13 9.1766e+13
4092.3362 9.1766e+13 9.1766e+13
4092.3467 9.1767e+13 9.1767e+13
4092.3573 9.1767e+13 9.1767e+13
4092.3678 9.1768e+13 9.1768e+13
4092.3784 9.1768e+13 9.1768e+13
4092.3890 9.1769e+13 9.1769e+13
4092.3995 9.1769e+13 9.1769e+13
4092.4101 9.1770e+13 9.1770e+13
4092.4207 9.1770e+13 9.1770e+13
4092.4312 9.1771e+13 9.1771e+13
4092.4418 9.1771e+13 9.1771e+13
4092.4523 9.1772e+13 9.1772e+13
4092.4629 9.1772e+13 9.1772e+13
4092.4735 9.1773e+13 9.1773e+13
4092.4840 9.1773e+13 9.1773e+13
4092.4946 9.1774e+13 9.1774e+13
4092.5052 9.1774e+13 9.1774e+13
4092.5157 9.1775e+13 9.1775e+13
4092.5263 9.1775e+13 9.1775e+13
4092.5368 9.1776e+13 9.1776e+13
4092.5474 9.1776e+13 9.1776e+13
4092.5580 9.1777e+13 9.1777e+13
4092.5685 9.1777e+13 9.1777e+13
4092.5791 9.1778e+13 9.1777e+13
4092.5897 9.1778e+13 9.1778e+13
4092.6002 9.1779e+13 9.1778e+13
4092.6108 9.1779e+13 9.1779e+13
4092.6213 9.1779e+13 9.1779e+13
4092.6319 9.1780e+13 9.1780e+13
4092.6425 9.1780e+13 9.1780e+13
4092.6530 9.1781e+13 9.1781e+13
4092.6636 9.1781e+13 9.1781e+13
4092.6742 9.1782e+13 9.1782e+13
4092.6847 9.1782e+13 9.1782e+13
4092.6953 9.1783e+13 9.1783e+13
4092.7059 9.1783e+13 9.1783e+13
4092.7164 9.1784e+13 9.1784e+13
4092.7270 9.1784e+13 9.1784e+13
4092.7375 9.1785e+13 9.1785e+13
4092.7481 9.1785e+13 9.1785e+13
4092.7587 9.1786e+13 9.1786e+13
4092.7692 9.1786e+13 9.1786e+13
4092.7798 9.1787e+13 9.1787e+13
4092.7904 9.1787e+13 9.1787e+13
4092.8009 9.1788e+13 9.1788e+13
4092.8115 9.1788e+13 9.1788e+13
4092.8220 9.1789e+13 9.1789e+13
4092.8326 9.1789e+13 9.1789e+13
4092.8432 9.1790e+13 9.1790e+13
4092.8537 9.1790e+13 9.1790e+13
4092.8643 9.1791e+13 9.1790e+13
4092.8749 9.1791e+13 9.1791e+13
4092.8854 9.1792e+13 9.1791e+13
4092.8960 9.1792e+13 9.1792e+13
4092.9065 9.1793e+13 9.1792e+13
4092.9171 9.1793e+13 9.1793e+13
4092.9277 9.1793e+13 9.1793e+13
4092.9382 9.1794e+13 9.1794e+13
4092.9488 9.1794e+13 9.1794e+13
4092.9594 9.1795e+13 9.1795e+13
4092.9699 9.1795e+13 9.1795e+13
4092.9805 9.1796e+13 9.1796e+13
4092.9910 9.1796e+13 9.1796e+13
4093.0016 9.1797e+13 9.1797e+13
4093.0122 9.1797e+13 9.1797e+13
4093.0227 9.1798e+13 9.1798e+13
4093.0333 9.1798e+13 9.1798e+13
4093.0439 9.1799e+13 9.1799e+13
4093.0544 9.1799e+13 9.1799e+13
4093.0650 9.1800e+13 9.1800e+13
4093.0755 9.1800e+13 9.1800e+13
4093.0861 9.1801e+13 9.1801e+13
4093.0967 9.1801e+13 9.1801e+13
4093.1072 9.1802e+13 9.1802e+13
4093.1178 9.1802e+13 9.1802e+13
4093.1284 9.1803e+13 9.1803e+13
4093.1389 9.1803e+13 9.1803e+13
4093.1495 9.1804e+13 9.1804e+13
4093.1600 9.1804e+13 9.1804e+13
4093.1706 9.1805e+13 9.1804e+13
4093.1812 9.1805e+13 9.1805e+13
4093.1917 9.1806e+13 9.1805e+13
4093.2023 9.1806e+13 9.1806e+13
4093.2129 9.1806e+13 9.1806e+13
4093.2234 9.1807e+13 9.1807e+13
4093.2340 9.1807e+13 9.1807e+13
4093.2445 9.1808e+13 9.1808e+13
4093.2551 9.1808e+13 9.1808e+13
4093.2657 9.1809e+13 9.1809e+13
4093.2762 9.1809e+13 9.1809e+13
4093.2868 9.1810e+13 9.1810e+13
4093.2974 9.1810e+13 9.1810e+13
4093.3079 9.1811e+13 9.1811e+13
4093.3185 9.1811e+13 9.1811e+13
4093.3291 9.1812e+13 9.1812e+13
4093.3396 9.1812e+13 9.1812e+13
4093.3502 9.1813e+13 9.1813e+13
4093.3607 9.1813e+13 9.1813e+13
4093.3713 9.1814e+13 9.1814e+13
4093.3819 9.1814e+13 9.1814e+13
4093.3924 9.1815e+13 9.1815e+13
4093.4030 9.1815e+13 9.1815e+13
4093.4136 9.1816e+13 9.1816e+13
4093.4241 9.1816e+13 9.1816e+13
4093.4347 9.1817e+13 9.1817e+13
4093.4452 9.1817e+13 9.1817e+13
4093.4558 9.1818e+13 9.1818e+13
4093.4664 9.1818e+13 9.1818e+13
4093.4769 9.1819e+13 9.1818e+13
4093.4875 9.1819e+13 9.1819e+13
4093.4981 9.1820e+13 9.1819e+13
4093.5086 9.1820e+13 9.1820e+13
4093.5192 9.1820e+13 9.1820e+13
4093.5297 9.1821e+13 9.1821e+13
4093.5403 9.1821e+13 9.1821e+13
4093.5509 9.1822e+13 9.1822e+13
4093.5614 9.1822e+13 9.1822e+13
4093.5720 9.1823e+13 9.1823e+13
4093.5826 9.1823e+13 9.1823e+13
4093.5931 9.1824e+13 9.1824e+13
4093.6037 9.1824e+13 9.1824e+13
4093.6142 9.1825e+13 9.1825e+13
4093.6248 9.1825e+13 9.1825e+13
4093.6354 9.1826e+13 9.1826e+13
4093.6459 9.1826e+13 9.1826e+13
4093.6565 9.1827e+13 9.1827e+13
4093.6671 9.1827e+13 9.1827e+13
4093.6776 9.1828e+13 9.1828e+13
4093.6882 9.1828e+13 9.1828e+13
4093.6987 9.1829e+13 9.1829e+13
4093.7093 9.1829e+13 9.1829e+13
4093.7199 9.1830e+13 9.1830e+13
4093.7304 9.1830e+13 9.1830e+13
4093.7410 9.1831e+13 9.1831e+13
4093.7516 9.1831e+13 9.1831e+13
4093.7621 9.1832e+13 9.1832e+13
4093.7727 9.1832e+13 9.1832e+13
4093.7832 9.1833e+13 9.1832e+13
4093.7938 9.1833e+13 9.1833e+13
4093.8044 9.1834e+13 9.1833e+13
4093.8149 9.1834e+13 9.1834e+13
4093.8255 9.1834e+13 9.1834e+13
4093.8361 9.1835e+13 9.1835e+13
4093.8466 9.1835e+13 9.1835e+13
4093.8572 9.1836e+13 9.1836e+13
4093.8677 9.1836e+13 9.1836e+13
4093.8783 9.1837e+13 9.1837e+13
4093.8889 9.1837e+13 9.1837e+13
4093.8994 9.1838e+13 9.1838e+13
4093.9100 9.1838e+13 9.1838e+13
4093.9206 9.1839e+13 9.1839e+13
4093.9311 9.1839e+13 9.1839e+13
4093.9417 9.1840e+13 9.1840e+13
4093.9523 9.1840e+13 9.1840e+13
4093.9628 9.1841e+13 9.1841e+13
4093.9734 9.1841e+13 9.1841e+13
4093.9839 9.1842e+13 9.1842e+13
4093.9945 9.1842e+13 9.1842e+13
4094.0051 9.1843e+13 9.1843e+13
4094.0156 9.1843e+13 9.1843e+13
4094.0262 9.1844e+13 9.1844e+13
4094.0368 9.1844e+13 9.1844e+13
4094.0473 9.1845e+13 9.1845e+13
4094.0579 9.1845e+13 9.1845e+13
4094.0684 9.1846e+13 9.1845e+13
4094.0790 9.1846e+13 9.1846e+13
4094.0896 9.1847e+13 9.1846e+13
4094.1001 9.1847e+13 9.1847e+13
4094.1107 9.1847e+13 9.1847e+13
4094.1213 9.1848e+13 9.1848e+13
4094.1318 9.1848e+13 9.1848e+13
4094.1424 9.1849e+13 9.1849e+13
4094.1529 9.1849e+13 9.1849e+13
4094.1635 9.1850e+13 9.1850e+13
4094.1741 9.1850e+13 9.1850e+13
4094.1846 9.1851e+13 9.1851e+13
4094.1952 9.1851e+13 9.1851e+13
4094.2058 9.1852e+13 9.1852e+13
4094.2163 9.1852e+13 9.1852e+13
4094.2269 9.1853e+13 9.1853e+13
4094.2374 9.1853e+13 9.1853e+13
4094.2480 9.1854e+13 9.1854e+13
4094.2586 9.1854e+13 9.1854e+13
4094.2691 9.1855e+13 9.1855e+13
4094.2797 9.1855e+13 9.1855e+13
4094.2903 9.1856e+13 9.1856e+13
4094.3008 9.1856e+13 9.1856e+13
4094.3114 9.1857e+13 9.1857e+13
4094.3219 9.1857e+13 9.1857e+13
4094.3325 9.1858e+13 9.1858e+13
4094.3431 9.1858e+13 9.1858e+13
4094.3536 9.1859e+13 9.1859e+13
4094.3642 9.1859e+13 9.1859e+13
4094.3748 9.1860e+13 9.1859e+13
4094.3853 9.1860e+13 9.1860e+13
4094.3959 9.1861e+13 9.1860e+13
4094.4064 9.1861e+13 9.1861e+13
4094.4170 9.1861e+13 9.1861e+13
4094.4276 9.1862e+13 9.1862e+13
4094.4381 9.1862e+13 9.1862e+13
4094.4487 9.1863e+13 9.1863e+13
4094.4593 9.1863e+13 9.1863e+13
4094.4698 9.1864e+13 9.1864e+13
4094.4804 9.1864e+13 9.1864e+13
4094.4909 9.1865e+13 9.1865e+13
4094.5015 9.1865e+13 9.1865e+13
4094.5121 9.1866e+13 9.1866e+13
4094.5226 9.1866e+13 9.1866e+13
4094.5332 9.1867e+13 9.1867e+13
4094.5438 9.1867e+13 9.1867e+13
4094.5543 9.1868e+13 9.1868e+13
4094.5649 9.1868e+13 9.1868e+13
4094.5755 9.1869e+13 9.1869e+13
4094.5860 9.1869e+13 9.1869e+13
4094.5966 9.1870e+13 9.1870e+13
4094.6071 9.1870e+13 9.1870e+13
4094.6177 9.1871e+13 9.1871e+13
4094.6283 9.1871e+13 9.1871e+13
4094.6388 9.1872e+13 9.1872e+13
4094.6494 9.1872e+13 9.1872e+13
4094.6600 9.1873e+13 9.1872e+13
4094.6705 9.1873e+13 9.1873e+13
4094.6811 9.1874e+13 9.1873e+13
4094.6916 9.1874e+13 9.1874e+13
4094.7022 9.1874e+13 9.1874e+13
4094.7128 9.1875e+13 9.1875e+13
4094.7233 9.1875e+13 9.1875e+13
4094.7339 9.1876e+13 9.1876e+13
4094.7445 9.1876e+13 9.1876e+13
4094.7550 9.1877e+13 9.1877e+13
4094.7656 9.1877e+13 9.1877e+13
4094.7761 9.1878e+13 9.1878e+13
4094.7867 9.1878e+13 9.1878e+13
4094.7973 9.1879e+13 9.1879e+13
4094.8078 9.1879e+13 9.1879e+13
4094.8184 9.1880e+13 9.1880e+13
4094.8290 9.1880e+13 9.1880e+13
4094.8395 9.1881e+13 9.1881e+13
4094.8501 9.1881e+13 9.1881e+13
4094.8606 9.1882e+13 9.1882e+13
4094.8712 9.1882e+13 9.1882e+13
4094.8818 9.1883e+13 9.1883e+13
4094.8923 9.1883e+13 9.1883e+13
4094.9029 9.1884e+13 9.1884e+13
4094.9135 9.1884e+13 9.1884e+13
4094.9240 9.1885e+13 9.1885e+13
4094.9346 9.1885e+13 9.1885e+13
4094.9451 9.1886e+13 9.1885e+13
4094.9557 9.1886e+13 9.1886e+13
4094.9663 9.1887e+13 9.1886e+13
4094.9768 9.1887e+13 9.1887e+13
4094.9874 9.1887e+13 9.1887e+13
4094.9980 9.1888e+13 9.1888e+13
4095.0085 9.1888e+13 9.1888e+13
4095.0191 9.1889e+13 9.1889e+13
4095.0296 9.1889e+13 9.1889e+13
4095.0402 9.1890e+13 9.1890e+13
4095.0508 9.1890e+13 9.1890e+13
4095.0613 9.1891e+13 9.1891e+13
4095.0719 9.1891e+13 9.1891e+13
4095.0825 9.1892e+13 9.1892e+13
4095.0930 9.1892e+13 9.1892e+13
4095.1036 9.1893e+13 9.1893e+13
4095.1141 9.1893e+13 9.1893e+13
4095.1247 9.1894e+13 9.1894e+13
4095.1353 9.1894e+13 9.1894e+13
4095.1458 9.1895e+13 9.1895e+13
4095.1564 9.1895e+13 9.1895e+13
4095.1670 9.1896e+13 9.1896e+13
4095.1775 9.1896e+13 9.1896e+13
4095.1881 9.1897e+13 9.1897e+13
4095.1987 9.1897e+13 9.1897e+13
4095.2092 9.1898e+13 9.1898e+13
4095.2198 9.1898e+13 9.1898e+13
4095.2303 9.1899e+13 9.1899e+13
4095.2409 9.1899e+13 9.1899e+13
4095.2515 9.1900e+13 9.1899e+13
4095.2620 9.1900e+13 9.1900e+13
4095.2726 9.1901e+13 9.1900e+13
4095.2832 9.1901e+13 9.1901e+13
4095.2937 9.1901e+13 9.1901e+13
4095.3043 9.1902e+13 9.1902e+13
4095.3148 9.1902e+13 9.1902e+13
4095.3254 9.1903e+13 9.1903e+13
4095.3360 9.1903e+13 9.1903e+13
4095.3465 9.1904e+13 9.1904e+13
4095.3571 9.1904e+13 9.1904e+13
4095.3677 9.1905e+13 9.1905e+13
4095.3782 9.1905e+13 9.1905e+13
4095.3888 9.1906e+13 9.1906e+13
4095.3993 9.1906e+13 9.1906e+13
4095.4099 9.1907e+13 9.1907e+13
4095.4205 9.1907e+13 9.1907e+13
4095.4310 9.1908e+13 9.1908e+13
4095.4416 9.1908e+13 9.1908e+13
4095.4522 9.1909e+13 9.1909e+13
4095.4627 9.1909e+13 9.1909e+13
4095.4733 9.1910e+13 9.1910e+13
4095.4838 9.1910e+13 9.1910e+13
4095.4944 9.1911e+13 9.1911e+13
4095.5050 9.1911e+13 9.1911e+13
4095.5155 9.1912e+13 9.1912e+13
4095.5261 9.1912e+13 9.1912e+13
4095.5367 9.1913e+13 9.1912e+13
4095.5472 9.1913e+13 9.1913e+13
4095.5578 9.1914e+13 9.1913e+13
4095.5683 9.1914e+13 9.1914e+13
4095.5789 9.1914e+13 9.1914e+13
4095.5895 9.1915e+13 9.1915e+13
4095.6000 9.1915e+13 9.1915e+13
4095.6106 9.1916e+13 9.1916e+13
4095.6212 9.1916e+13 9.1916e+13
4095.6317 9.1917e+13 9.1917e+13
4095.6423 9.1917e+13 9.1917e+13
4095.6528 9.1918e+13 9.1918e+13
4095.6634 9.1918e+13 9.1918e+13
4095.6740 9.1919e+13 9.1919e+13
4095.6845 9.1919e+13 9.1919e+13
4095.6951 9.1920e+13 9.1920e+13
4095.7057 9.1920e+13 9.1920e+13
4095.7162 9.1921e+13 9.1921e+13
4095.7268 9.1921e+13 9.1921e+13
4095.7373 9.1922e+13 9.1922e+13
4095.7479 9.1922e+13 9.1922e+13
4095.7585 9.1923e+13 9.1923e+13
4095.7690 9.1923e+13 9.1923e+13
4095.7796 9.1924e+13 9.1924e+13
4095.7902 9.1924e+13 9.1924e+13
4095.8007 9.1925e+13 9.1925e+13
4095.8113 9.1925e+13 9.1925e+13
4095.8219 9.1926e+13 9.1925e+13
4095.8324 9.1926e+13 9.1926e+13
4095.8430 9.1927e+13 9.1926e+13
4095.8535 9.1927e+13 9.1927e+13
4095.8641 9.1927e+13 9.1927e+13
4095.8747 9.1928e+13 9.1928e+13
4095.8852 9.1928e+13 9.1928e+13
4095.8958 9.1929e+13 9.1929e+13
4095.9064 9.1929e+13 9.1929e+13
4095.9169 9.1930e+13 9.1930e+13
4095.9275 9.1930e+13 9.1930e+13
4095.9380 9.1931e+13 9.1931e+13
4095.9486 9.1931e+13 9.1931e+13
4095.9592 9.1932e+13 9.1932e+13
4095.9697 9.1932e+13 9.1932e+13
4095.9803 9.1933e+13 9.1933e+13
4095.9909 9.1933e+13 9.1933e+13
4096.0014 9.1934e+13 9.1934e+13
4096.0120 9.1934e+13 9.1934e+13
4096.0225 9.1935e+13 9.1935e+13
4096.0331 9.1935e+13 9.1935e+13
4096.0437 9.1936e+13 9.1936e+13
4096.0542 9.1936e+13 9.1936e+13
4096.0648 9.1937e+13 9.1937e+13
4096.0754 9.1937e+13 9.1937e+13
4096.0859 9.1938e+13 9.1938e+13
4096.0965 9.1938e+13 9.1938e+13
4096.1070 9.1939e+13 9.1938e+13
4096.1176 9.1939e+13 9.1939e+13
4096.1282 9.1940e+13 9.1939e+13
4096.1387 9.1940e+13 9.1940e+13
4096.1493 9.1940e+13 9.1940e+13
4096.1599 9.1941e+13 9.1941e+13
4096.1704 9.1941e+13 9.1941e+13
4096.1810 9.1942e+13 9.1942e+13
4096.1915 9.1942e+13 9.1942e+13
4096.2021 9.1943e+13 9.1943e+13
4096.2127 9.1943e+13 9.1943e+13
4096.2232 9.1944e+13 9.1944e+13
4096.2338 9.1944e+13 9.1944e+13
4096.2444 9.1945e+13 9.1945e+13
4096.2549 9.1945e+13 9.1945e+13
4096.2655 9.1946e+13 9.1946e+13
4096.2760 9.1946e+13 9.1946e+13
4096.2866 9.1947e+13 9.1947e+13
4096.2972 9.1947e+13 9.1947e+13
4096.3077 9.1948e+13 9.1948e+13
4096.3183 9.1948e+13 9.1948e+13
4096.3289 9.1949e+13 9.1949e+13
4096.3394 9.1949e+13 9.1949e+13
4096.3500 9.1950e+13 9.1950e+13
4096.3605 9.1950e+13 9.1950e+13
4096.3711 9.1951e+13 9.1951e+13
4096.3817 9.1951e+13 9.1951e+13
4096.3922 9.1952e+13 9.1951e+13
4096.4028 9.1952e+13 9.1952e+13
4096.4134 9.1953e+13 9.1952e+13
4096.4239 9.1953e+13 9.1953e+13
4096.4345 9.1953e+13 9.1953e+13
4096.4451 9.1954e+13 9.1954e+13
4096.4556 9.1954e+13 9.1954e+13
4096.4662 9.1955e+13 9.1955e+13
4096.4767 9.1955e+13 9.1955e+13
4096.4873 9.1956e+13 9.1956e+13
4096.4979 9.1956e+13 9.1956e+13
4096.5084 9.1957e+13 9.1957e+13
4096.5190 9.1957e+13 9.1957e+13
4096.5296 9.1958e+13 9.1958e+13
4096.5401 9.1958e+13 9.1958e+13
4096.5507 9.1959e+13 9.1959e+13
4096.5612 9.1959e+13 9.1959e+13
4096.5718 9.1960e+13 9.1960e+13
4096.5824 9.1960e+13 9.1960e+13
4096.5929 9.1961e+13 9.1961e+13
4096.6035 9.1961e+13 9.1961e+13
4096.6141 9.1962e+13 9.1962e+13
4096.6246 9.1962e+13 9.1962e+13
4096.6352 9.1963e+13 9.1963e+13
4096.6457 9.1963e+13 9.1963e+13
4096.6563 9.1964e+13 9.1964e+13
4096.6669 9.1964e+13 9.1964e+13
4096.6774 9.1965e+13 9.1964e+13
4096.6880 9.1965e+13 9.1965e+13
4096.6986 9.1966e+13 9.1965e+13
4096.7091 9.1966e+13 9.1966e+13
4096.7197 9.1966e+13 9.1966e+13
4096.7302 9.1967e+13 9.1967e+13
4096.7408 9.1967e+13 9.1967e+13
4096.7514 9.1968e+13 9.1968e+13
4096.7619 9.1968e+13 9.1968e+13
4096.7725 9.1969e+13 9.1969e+13
4096.7831 9.1969e+13 9.1969e+13
4096.7936 9.1970e+13 9.1970e+13
4096.8042 9.1970e+13 9.1970e+13
4096.8147 9.1971e+13 9.1971e+13
4096.8253 9.1971e+13 9.1971e+13
4096.8359 9.1972e+13 9.1972e+13
4096.8464 9.1972e+13 9.1972e+13
4096.8570 9.1973e+13 9.1973e+13
4096.8676 9.1973e+13 9.1973e+13
4096.8781 9.1974e+13 9.1974e+13
4096.8887 9.1974e+13 9.1974e+13
4096.8992 9.1975e+13 9.1975e+13
4096.9098 9.1975e+13 9.1975e+13
4096.9204 9.1976e+13 9.1976e+13
4096.9309 9.1976e+13 9.1976e+13
4096.9415 9.1977e+13 9.1977e+13
4096.9521 9.1977e+13 9.1977e+13
4096.9626 9.1978e+13 9.1977e+13
4096.9732 9.1978e+13 9.1978e+13
4096.9837 9.1979e+13 9.1978e+13
4096.9943 9.1979e+13 9.1979e+13
4097.0049 9.1979e+13 9.1979e+13
4097.0154 9.1980e+13 9.1980e+13
4097.0260 9.1980e+13 9.1980e+13
4097.0366 9.1981e+13 9.1981e+13
4097.0471 9.1981e+13 9.1981e+13
4097.0577 9.1982e+13 9.1982e+13
4097.0683 9.1982e+13 9.1982e+13
4097.0788 9.1983e+13 9.1983e+13
4097.0894 9.1983e+13 9.1983e+13
4097.0999 9.1984e+13 9.1984e+13
4097.1105 9.1984e+13 9.1984e+13
4097.1211 9.1985e+13 9.1985e+13
4097.1316 9.1985e+13 9.1985e+13
4097.1422 9.1986e+13 9.1986e+13
4097.1528 9.1986e+13 9.1986e+13
4097.1633 9.1987e+13 9.1987e+13
4097.1739 9.1987e+13 9.1987e+13
4097.1844 9.1988e+13 9.1988e+13
4097.1950 9.1988e+13 9.1988e+13
4097.2056 9.1989e+13 9.1989e+13
4097.2161 9.1989e+13 9.1989e+13
4097.2267 9.1990e+13 9.1990e+13
4097.2373 9.1990e+13 9.1990e+13
4097.2478 9.1991e+13 9.1990e+13
4097.2584 9.1991e+13 9.1991e+13
4097.2689 9.1992e+13 9.1991e+13
4097.2795 9.1992e+13 9.1992e+13
4097.2901 9.1992e+13 9.1992e+13
4097.3006 9.1993e+13 9.1993e+13
4097.3112 9.1993e+13 9.1993e+13
4097.3218 9.1994e+13 9.1994e+13
4097.3323 9.1994e+13 9.1994e+13
4097.3429 9.1995e+13 9.1995e+13
4097.3534 9.1995e+13 9.1995e+13
4097.3640 9.1996e+13 9.1996e+13
4097.3746 9.1996e+13 9.1996e+13
4097.3851 9.1997e+13 9.1997e+13
4097.3957 9.1997e+13 9.1997e+13
4097.4063 9.1998e+13 9.1998e+13
4097.4168 9.1998e+13 9.1998e+13
4097.4274 9.1999e+13 9.1999e+13
4097.4379 9.1999e+13 9.1999e+13
4097.4485 9.2000e+13 9.2000e+13
4097.4591 9.2000e+13 9.2000e+13
4097.4696 9.2001e+13 9.2001e+13
4097.4802 9.2001e+13 9.2001e+13
4097.4908 9.2002e+13 9.2002e+13
4097.5013 9.2002e+13 9.2002e+13
4097.5119 9.2003e+13 9.2003e+13
4097.5224 9.2003e+13 9.2003e+13
4097.5330 9.2004e+13 9.2003e+13
4097.5436 9.2004e+13 9.2004e+13
4097.5541 9.2005e+13 9.2004e+13
4097.5647 9.2005e+13 9.2005e+13
4097.5753 9.2005e+13 9.2005e+13
4097.5858 9.2006e+13 9.2006e+13
4097.5964 9.2006e+13 9.2006e+13
4097.6069 9.2007e+13 9.2007e+13
4097.6175 9.2007e+13 9.2007e+13
4097.6281 9.2008e+13 9.2008e+13
4097.6386 9.2008e+13 9.2008e+13
4097.6492 9.2009e+13 9.2009e+13
4097.6598 9.2009e+13 9.2009e+13
4097.6703 9.2010e+13 9.2010e+13
4097.6809 9.2010e+13 9.2010e+13
4097.6915 9.2011e+13 9.2011e+13
4097.7020 9.2011e+13 9.2011e+13
4097.7126 9.2012e+13 9.2012e+13
4097.7231 9.2012e+13 9.2012e+13
4097.7337 9.2013e+13 9.2013e+13
4097.7443 9.2013e+13 9.2013e+13
4097.7548 9.2014e+13 9.2014e+13
4097.7654 9.2014e+13 9.2014e+13
4097.7760 9.2015e+13 9.2015e+13
4097.7865 9.2015e+13 9.2015e+13
4097.7971 9.2016e+13 9.2015e+13
4097.8076 9.2016e+13 9.2016e+13
4097.8182 9.2017e+13 9.2016e+13
4097.8288 9.2017e+13 9.2017e+13
4097.8393 9.2018e+13 9.2017e+13
4097.8499 9.2018e+13 9.2018e+13
4097.8605 9.2018e+13 9.2018e+13
4097.8710 9.2019e+13 9.2019e+13
4097.8816 9.2019e+13 9.2019e+13
4097.8921 9.2020e+13 9.2020e+13
4097.9027 9.2020e+13 9.2020e+13
4097.9133 9.2021e+13 9.2021e+13
4097.9238 9.2021e+13 9.2021e+13
4097.9344 9.2022e+13 9.2022e+13
4097.9450 9.2022e+13 9.2022e+13
4097.9555 9.2023e+13 9.2023e+13
4097.9661 9.2023e+13 9.2023e+13
4097.9766 9.2024e+13 9.2024e+13
4097.9872 9.2024e+13 9.2024e+13
4097.9978 9.2025e+13 9.2025e+13
4098.0083 9.2025e+13 9.2025e+13
4098.0189 9.2026e+13 9.2026e+13
4098.0295 9.2026e+13 9.2026e+13
4098.0400 9.2027e+13 9.2027e+13
4098.0506 9.2027e+13 9.2027e+13
4098.0611 9.2028e+13 9.2028e+13
4098.0717 9.2028e+13 9.2028e+13
4098.0823 9.2029e+13 9.2028e+13
4098.0928 9.2029e+13 9.2029e+13
4098.1034 9.2030e+13 9.2029e+13
4098.1140 9.2030e+13 9.2030e+13
4098.1245 9.2030e+13 9.2030e+13
4098.1351 9.2031e+13 9.2031e+13
4098.1456 9.2031e+13 9.2031e+13
4098.1562 9.2032e+13 9.2032e+13
4098.1668 9.2032e+13 9.2032e+13
4098.1773 9.2033e+13 9.2033e+13
4098.1879 9.2033e+13 9.2033e+13
4098.1985 9.2034e+13 9.2034e+13
4098.2090 9.2034e+13 9.2034e+13
4098.2196 9.2035e+13 9.2035e+13
4098.2301 9.2035e+13 9.2035e+13
4098.2407 9.2036e+13 9.2036e+13
4098.2513 9.2036e+13 9.2036e+13
4098.2618 9.2037e+13 9.2037e+13
4098.2724 9.2037e+13 9.2037e+13
4098.2830 9.2038e+13 9.2038e+13
4098.2935 9.2038e+13 9.2038e+13
4098.3041 9.2039e+13 9.2039e+13
4098.3147 9.2039e+13 9.2039e+13
4098.3252 9.2040e+13 9.2040e+13
4098.3358 9.2040e+13 9.2040e+13
4098.3463 9.2041e+13 9.2041e+13
4098.3569 9.2041e+13 9.2041e+13
4098.3675 9.2042e+13 9.2041e+13
4098.3780 9.2042e+13 9.2042e+13
4098.3886 9.2043e+13 9.2042e+13
4098.3992 9.2043e+13 9.2043e+13
4098.4097 9.2043e+13 9.2043e+13
4098.4203 9.2044e+13 9.2044e+13
4098.4308 9.2044e+13 9.2044e+13
4098.4414 9.2045e+13 9.2045e+13
4098.4520 9.2045e+13 9.2045e+13
4098.4625 9.2046e+13 9.2046e+13
4098.4731 9.2046e+13 9.2046e+13
4098.4837 9.2047e+13 9.2047e+13
4098.4942 9.2047e+13 9.2047e+13
4098.5048 9.2048e+13 9.2048e+13
4098.5153 9.2048e+13 9.2048e+13
4098.5259 9.2049e+13 9.2049e+13
4098.5365 9.2049e+13 9.2049e+13
4098.5470 9.2050e+13 9.2050e+13
4098.5576 9.2050e+13 9.2050e+13
4098.5682 9.2051e+13 9.2051e+13
4098.5787 9.2051e+13 9.2051e+13
4098.5893 9.2052e+13 9.2052e+13
4098.5998 9.2052e+13 9.2052e+13
4098.6104 9.2053e+13 9.2053e+13
4098.6210 9.2053e+13 9.2053e+13
4098.6315 9.2054e+13 9.2053e+13
4098.6421 9.2054e+13 9.2054e+13
4098.6527 9.2055e+13 9.2054e+13
4098.6632 9.2055e+13 9.2055e+13
4098.6738 9.2056e+13 9.2055e+13
4098.6843 9.2056e+13 9.2056e+13
4098.6949 9.2056e+13 9.2056e+13
4098.7055 9.2057e+13 9.2057e+13
4098.7160 9.2057e+13 9.2057e+13
4098.7266 9.2058e+13 9.2058e+13
4098.7372 9.2058e+13 9.2058e+13
4098.7477 9.2059e+13 9.2059e+13
4098.7583 9.2059e+13 9.2059e+13
4098.7688 9.2060e+13 9.2060e+13
4098.7794 9.2060e+13 9.2060e+13
4098.7900 9.2061e+13 9.2061e+13
4098.8005 9.2061e+13 9.2061e+13
4098.8111 9.2062e+13 9.2062e+13
4098.8217 9.2062e+13 9.2062e+13
4098.8322 9.2063e+13 9.2063e+13
4098.8428 9.2063e+13 9.2063e+13
4098.8533 9.2064e+13 9.2064e+13
4098.8639 9.2064e+13 9.2064e+13
4098.8745 9.2065e+13 9.2065e+13
4098.8850 9.2065e+13 9.2065e+13
4098.8956 9.2066e+13 9.2066e+13
4098.9062 9.2066e+13 9.2066e+13
4098.9167 9.2067e+13 9.2066e+13
4098.9273 9.2067e+13 9.2067e+13
4098.9379 9.2068e+13 9.2067e+13
4098.9484 9.2068e+13 9.2068e+13
4098.9590 9.2068e+13 9.2068e+13
4098.9695 9.2069e+13 9.2069e+13
4098.9801 9.2069e+13 9.2069e+13
4098.9907 9.2070e+13 9.2070e+13
4099.0012 9.2070e+13 9.2070e+13
4099.0118 9.2071e+13 9.2071e+13
4099.0224 9.2071e+13 9.2071e+13
4099.0329 9.2072e+13 9.2072e+13
4099.0435 9.2072e+13 9.2072e+13
4099.0540 9.2073e+13 9.2073e+13
4099.0646 9.2073e+13 9.2073e+13
4099.0752 9.2074e+13 9.2074e+13
4099.0857 9.2074e+13 9.2074e+13
4099.0963 9.2075e+13 9.2075e+13
4099.1069 9.2075e+13 9.2075e+13
4099.1174 9.2076e+13 9.2076e+13
4099.1280 9.2076e+13 9.2076e+13
4099.1385 9.2077e+13 9.2077e+13
4099.1491 9.2077e+13 9.2077e+13
4099.1597 9.2078e+13 9.2078e+13
4099.1702 9.2078e+13 9.2078e+13
4099.1808 9.2079e+13 9.2078e+13
4099.1914 9.2079e+13 9.2079e+13
4099.2019 9.2080e+13 9.2079e+13
4099.2125 9.2080e+13 9.2080e+13
4099.2230 9.2081e+13 9.2080e+13
4099.2336 9.2081e+13 9.2081e+13
4099.2442 9.2081e+13 9.2081e+13
4099.2547 9.2082e+13 9.2082e+13
4099.2653 9.2082e+13 9.2082e+13
4099.2759 9.2083e+13 9.2083e+13
4099.2864 9.2083e+13 9.2083e+13
4099.2970 9.2084e+13 9.2084e+13
4099.3075 9.2084e+13 9.2084e+13
4099.3181 9.2085e+13 9.2085e+13
4099.3287 9.2085e+13 9.2085e+13
4099.3392 9.2086e+13 9.2086e+13
4099.3498 9.2086e+13 9.2086e+13
4099.3604 9.2087e+13 9.2087e+13
4099.3709 9.2087e+13 9.2087e+13
4099.3815 9.2088e+13 9.2088e+13
4099.3920 9.2088e+13 9.2088e+13
4099.4026 9.2089e+13 9.2089e+13
4099.4132 9.2089e+13 9.2089e+13
4099.4237 9.2090e+13 9.2090e+13
4099.4343 9.2090e+13 9.2090e+13
4099.4449 9.2091e+13 9.2091e+13
4099.4554 9.2091e+13 9.2091e+13
4099.4660 9.2092e+13 9.2091e+13
4099.4765 9.2092e+13 9.2092e+13
4099.4871 9.2093e+13 9.2092e+13
4099.4977 9.2093e+13 9.2093e+13
4099.5082 9.2093e+13 9.2093e+13
4099.5188 9.2094e+13 9.2094e+13
4099.5294 9.2094e+13 9.2094e+13
4099.5399 9.2095e+13 9.2095e+13
4099.5505 9.2095e+13 9.2095e+13
4099.5611 9.2096e+13 9.2096e+13
4099.5716 9.2096e+13 9.2096e+13
4099.5822 9.2097e+13 9.2097e+13
4099.5927 9.2097e+13 9.2097e+13
4099.6033 9.2098e+13 9.2098e+13
4099.6139 9.2098e+13 9.2098e+13
4099.6244 9.2099e+13 9.2099e+13
4099.6350 9.2099e+13 9.2099e+13
4099.6456 9.2100e+13 9.2100e+13
4099.6561 9.2100e+13 9.2100e+13
4099.6667 9.2101e+13 9.2101e+13
4099.6772 9.2101e+13 9.2101e+13
4099.6878 9.2102e+13 9.2102e+13
4099.6984 9.2102e+13 9.2102e+13
4099.7089 9.2103e+13 9.2103e+13
4099.7195 9.2103e+13 9.2103e+13
4099.7301 9.2104e+13 9.2103e+13
4099.7406 9.2104e+13 9.2104e+13
4099.7512 9.2105e+13 9.2104e+13
4099.7617 9.2105e+13 9.2105e+13
4099.7723 9.2105e+13 9.2105e+13
4099.7829 9.2106e+13 9.2106e+13
4099.7934 9.2106e+13 9.2106e+13
4099.8040 9.2107e+13 9.2107e+13
4099.8146 9.2107e+13 9.2107e+13
4099.8251 9.2108e+13 9.2108e+13
4099.8357 9.2108e+13 9.2108e+13
4099.8462 9.2109e+13 9.2109e+13
4099.8568 9.2109e+13 9.2109e+13
4099.8674 9.2110e+13 9.2110e+13
4099.8779 9.2110e+13 9.2110e+13
4099.8885 9.2111e+13 9.2111e+13
4099.8991 9.2111e+13 9.2111e+13
4099.9096 9.2112e+13 9.2112e+13
4099.9202 9.2112e+13 9.2112e+13
4099.9307 9.2113e+13 9.2113e+13
4099.9413 9.2113e+13 9.2113e+13
4099.9519 9.2114e+13 9.2114e+13
4099.9624 9.2114e+13 9.2114e+13
4099.9730 9.2115e+13 9.2115e+13
4099.9836 9.2115e+13 9.2115e+13
4099.9941 9.2116e+13 9.2116e+13
4100.0047 9.2116e+13 9.2116e+13
4100.0152 9.2117e+13 9.2116e+13
4100.0258 9.2117e+13 9.2117e+13
4100.0364 9.2118e+13 9.2117e+13
4100.0469 9.2118e+13 9.2118e+13
4100.0575 9.2118e+13 9.2118e+13
4100.0681 9.2119e+13 9.2119e+13
4100.0786 9.2119e+13 9.2119e+13
4100.0892 9.2120e+13 9.2120e+13
4100.0997 9.2120e+13 9.2120e+13
4100.1103 9.2121e+13 9.2121e+13
4100.1209 9.2121e+13 9.2121e+13
4100.1314 9.2122e+13 9.2122e+13
4100.1420 9.2122e+13 9.2122e+13
4100.1526 9.2123e+13 9.2123e+13
4100.1631 9.2123e+13 9.2123e+13
4100.1737 9.2124e+13 9.2124e+13
4100.1843 9.2124e+13 9.2124e+13
4100.1948 9.2125e+13 9.2125e+13
4100.2054 9.2125e+13 9.2125e+13
4100.2159 9.2126e+13 9.2126e+13
4100.2265 9.2126e+13 9.2126e+13
4100.2371 9.2127e+13 9.2127e+13
4100.2476 9.2127e+13 9.2127e+13
4100.2582 9.2128e+13 9.2128e+13
4100.2688 9.2128e+13 9.2128e+13
4100.2793 9.2129e+13 9.2128e+13
4100.2899 9.2129e+13 9.2129e+13
4100.3004 9.2130e+13 9.2129e+13
4100.3110 9.2130e+13 9.2130e+13
4100.3216 9.2130e+13 9.2130e+13
4100.3321 9.2131e+13 9.2131e+13
4100.3427 9.2131e+13 9.2131e+13
4100.3533 9.2132e+13 9.2132e+13
4100.3638 9.2132e+13 9.2132e+13
4100.3744 9.2133e+13 9.2133e+13
4100.3849 9.2133e+13 9.2133e+13
4100.3955 9.2134e+13 9.2134e+13
4100.4061 9.2134e+13 9.2134e+13
4100.4166 9.2135e+13 9.2135e+13
4100.4272 9.2135e+13 9.2135e+13
4100.4378 9.2136e+13 9.2136e+13
4100.4483 9.2136e+13 9.2136e+13
4100.4589 9.2137e+13 9.2137e+13
4100.4694 9.2137e+13 9.2137e+13
4100.4800 9.2138e+13 9.2138e+13
4100.4906 9.2138e+13 9.2138e+13
4100.5011 9.2139e+13 9.2139e+13
4100.5117 9.2139e+13 9.2139e+13
4100.5223 9.2140e+13 9.2140e+13
4100.5328 9.2140e+13 9.2140e+13
4100.5434 9.2141e+13 9.2140e+13
4100.5539 9.2141e+13 9.2141e+13
4100.5645 9.2142e+13 9.2141e+13
4100.5751 9.2142e+13 9.2142e+13
4100.5856 9.2142e+13 9.2142e+13
4100.5962 9.2143e+13 9.2143e+13
4100.6068 9.2143e+13 9.2143e+13
4100.6173 9.2144e+13 9.2144e+13
4100.6279 9.2144e+13 9.2144e+13
4100.6384 9.2145e+13 9.2145e+13
4100.6490 9.2145e+13 9.2145e+13
4100.6596 9.2146e+13 9.2146e+13
4100.6701 9.2146e+13 9.2146e+13
4100.6807 9.2147e+13 9.2147e+13
4100.6913 9.2147e+13 9.2147e+13
4100.7018 9.2148e+13 9.2148e+13
4100.7124 9.2148e+13 9.2148e+13
4100.7229 9.2149e+13 9.2149e+13
4100.7335 9.2149e+13 9.2149e+13
4100.7441 9.2150e+13 9.2150e+13
4100.7546 9.2150e+13 9.2150e+13
4100.7652 9.2151e+13 9.2151e+13
4100.7758 9.2151e+13 9.2151e+13
4100.7863 9.2152e+13 9.2152e+13
4100.7969 9.2152e+13 9.2152e+13
4100.8075 9.2153e+13 9.2152e+13
4100.8180 9.2153e+13 9.2153e+13
4100.8286 9.2154e+13 9.2153e+13
4100.8391 9.2154e+13 9.2154e+13
4100.8497 9.2154e+13 9.2154e+13
4100.8603 9.2155e+13 9.2155e+13
4100.8708 9.2155e+13 9.2155e+13
4100.8814 9.2156e+13 9.2156e+13
4100.8920 9.2156e+13 9.2156e+13
4100.9025 9.2157e+13 9.2157e+13
4100.9131 9.2157e+13 9.2157e+13
4100.9236 9.2158e+13 9.2158e+13
4100.9342 9.2158e+13 9.2158e+13
4100.9448 9.2159e+13 9.2159e+13
4100.9553 9.2159e+13 9.2159e+13
4100.9659 9.2160e+13 9.2160e+13
4100.9765 9.2160e+13 9.2160e+13
4100.9870 9.2161e+13 9.2161e+13
4100.9976 9.2161e+13 9.2161e+13
4101.0081 9.2162e+13 9.2162e+13
4101.0187 9.2162e+13 9.2162e+13
4101.0293 9.2163e+13 9.2163e+13
4101.0398 9.2163e+13 9.2163e+13
4101.0504 9.2164e+13 9.2164e+13
4101.0610 9.2164e+13 9.2164e+13
4101.0715 9.2165e+13 9.2164e+13
4101.0821 9.2165e+13 9.2165e+13
4101.0926 9.2166e+13 9.2165e+13
4101.1032 9.2166e+13 9.2166e+13
4101.1138 9.2167e+13 9.2166e+13
4101.1243 9.2167e+13 9.2167e+13
4101.1349 9.2167e+13 9.2167e+13
4101.1455 9.2168e+13 9.2168e+13
4101.1560 9.2168e+13 9.2168e+13
4101.1666 9.2169e+13 9.2169e+13
4101.1771 9.2169e+13 9.2169e+13
4101.1877 9.2170e+13 9.2170e+13
4101.1983 9.2170e+13 9.2170e+13
4101.2088 9.2171e+13 9.2171e+13
4101.2194 9.2171e+13 9.2171e+13
4101.2300 9.2172e+13 9.2172e+13
4101.2405 9.2172e+13 9.2172e+13
4101.2511 9.2173e+13 9.2173e+13
4101.2616 9.2173e+13 9.2173e+13
4101.2722 9.2174e+13 9.2174e+13
4101.2828 9.2174e+13 9.2174e+13
4101.2933 9.2175e+13 9.2175e+13
4101.3039 9.2175e+13 9.2175e+13
4101.3145 9.2176e+13 9.2176e+13
4101.3250 9.2176e+13 9.2176e+13
4101.3356 9.2177e+13 9.2177e+13
4101.3461 9.2177e+13 9.2177e+13
4101.3567 9.2178e+13 9.2177e+13
4101.3673 9.2178e+13 9.2178e+13
4101.3778 9.2179e+13 9.2178e+13
4101.3884 9.2179e+13 9.2179e+13
4101.3990 9.2179e+13 9.2179e+13
4101.4095 9.2180e+13 9.2180e+13
4101.4201 9.2180e+13 9.2180e+13
4101.4307 9.2181e+13 9.2181e+13
4101.4412 9.2181e+13 9.2181e+13
4101.4518 9.2182e+13 9.2182e+13
4101.4623 9.2182e+13 9.2182e+13
4101.4729 9.2183e+13 9.2183e+13
4101.4835 9.2183e+13 9.2183e+13
4101.4940 9.2184e+13 9.2184e+13
4101.5046 9.2184e+13 9.2184e+13
4101.5152 9.2185e+13 9.2185e+13
4101.5257 9.2185e+13 9.2185e+13
4101.5363 9.2186e+13 9.2186e+13
4101.5468 9.2186e+13 9.2186e+13
4101.5574 9.2187e+13 9.2187e+13
4101.5680 9.2187e+13 9.2187e+13
4101.5785 9.2188e+13 9.2188e+13
4101.5891 9.2188e+13 9.2188e+13
4101.5997 9.2189e+13 9.2189e+13
4101.6102 9.2189e+13 9.2189e+13
4101.6208 9.2190e+13 9.2189e+13
4101.6313 9.2190e+13 9.2190e+13
4101.6419 9.2191e+13 9.2190e+13
4101.6525 9.2191e+13 9.2191e+13
4101.6630 9.2191e+13 9.2191e+13
4101.6736 9.2192e+13 9.2192e+13
4101.6842 9.2192e+13 9.2192e+13
4101.6947 9.2193e+13 9.2193e+13
4101.7053 9.2193e+13 9.2193e+13
4101.7158 9.2194e+13 9.2194e+13
4101.7264 9.2194e+13 9.2194e+13
4101.7370 9.2195e+13 9.2195e+13
4101.7475 9.2195e+13 9.2195e+13
4101.7581 9.2196e+13 9.2196e+13
4101.7687 9.2196e+13 9.2196e+13
4101.7792 9.2197e+13 9.2197e+13
4101.7898 9.2197e+13 9.2197e+13
4101.8003 9.2198e+13 9.2198e+13
4101.8109 9.2198e+13 9.2198e+13
4101.8215 9.2199e+13 9.2199e+13
4101.8320 9.2199e+13 9.2199e+13
4101.8426 9.2200e+13 9.2200e+13
4101.8532 9.2200e+13 9.2200e+13
4101.8637 9.2201e+13 9.2201e+13
4101.8743 9.2201e+13 9.2201e+13
4101.8848 9.2202e+13 9.2201e+13
4101.8954 9.2202e+13 9.2202e+13
4101.9060 9.2203e+13 9.2202e+13
4101.9165 9.2203e+13 9.2203e+13
4101.9271 9.2203e+13 9.2203e+13
4101.9377 9.2204e+13 9.2204e+13
4101.9482 9.2204e+13 9.2204e+13
4101.9588 9.2205e+13 9.2205e+13
4101.9693 9.2205e+13 9.2205e+13
4101.9799 9.2206e+13 9.2206e+13
4101.9905 9.2206e+13 9.2206e+13
4102.0010 9.2207e+13 9.2207e+13
4102.0116 9.2207e+13 9.2207e+13
4102.0222 9.2208e+13 9.2208e+13
4102.0327 9.2208e+13 9.2208e+13
4102.0433 9.2209e+13 9.2209e+13
4102.0539 9.2209e+13 9.2209e+13
4102.0644 9.2210e+13 9.2210e+13
4102.0750 9.2210e+13 9.2210e+13
4102.0855 9.2211e+13 9.2211e+13
4102.0961 9.2211e+13 9.2211e+13
4102.1067 9.2212e+13 9.2212e+13
4102.1172 9.2212e+13 9.2212e+13
4102.1278 9.2213e+13 9.2213e+13
4102.1384 9.2213e+13 9.2213e+13
4102.1489 9.2214e+13 9.2213e+13
4102.1595 9.2214e+13 9.2214e+13
4102.1700 9.2215e+13 9.2214e+13
4102.1806 9.2215e+13 9.2215e+13
4102.1912 9.2215e+13 9.2215e+13
4102.2017 9.2216e+13 9.2216e+13
4102.2123 9.2216e+13 9.2216e+13
4102.2229 9.2217e+13 9.2217e+13
4102.2334 9.2217e+13 9.2217e+13
4102.2440 9.2218e+13 9.2218e+13
4102.2545 9.2218e+13 9.2218e+13
4102.2651 9.2219e+13 9.2219e+13
4102.2757 9.2219e+13 9.2219e+13
4102.2862 9.2220e+13 9.2220e+13
4102.2968 9.2220e+13 9.2220e+13
4102.3074 9.2221e+13 9.2221e+13
4102.3179 9.2221e+13 9.2221e+13
4102.3285 9.2222e+13 9.2222e+13
4102.3390 9.2222e+13 9.2222e+13
4102.3496 9.2223e+13 9.2223e+13
4102.3602 9.2223e+13 9.2223e+13
4102.3707 9.2224e+13 9.2224e+13
4102.3813 9.2224e+13 9.2224e+13
4102.3919 9.2225e+13 9.2224e+13
4102.4024 9.2225e+13 9.2225e+13
4102.4130 9.2226e+13 9.2225e+13
4102.4235 9.2226e+13 9.2226e+13
4102.4341 9.2227e+13 9.2226e+13
4102.4447 9.2227e+13 9.2227e+13
4102.4552 9.2227e+13 9.2227e+13
4102.4658 9.2228e+13 9.2228e+13
4102.4764 9.2228e+13 9.2228e+13
4102.4869 9.2229e+13 9.2229e+13
4102.4975 9.2229e+13 9.2229e+13
4102.5080 9.2230e+13 9.2230e+13
4102.5186 9.2230e+13 9.2230e+13
4102.5292 9.2231e+13 9.2231e+13
4102.5397 9.2231e+13 9.2231e+13
4102.5503 9.2232e+13 9.2232e+13
4102.5609 9.2232e+13 9.2232e+13
4102.5714 9.2233e+13 9.2233e+13
4102.5820 9.2233e+13 9.2233e+13
4102.5925 9.2234e+13 9.2234e+13
4102.6031 9.2234e+13 9.2234e+13
4102.6137 9.2235e+13 9.2235e+13
4102.6242 9.2235e+13 9.2235e+13
4102.6348 9.2236e+13 9.2236e+13
4102.6454 9.2236e+13 9.2236e+13
4102.6559 9.2237e+13 9.2236e+13
4102.6665 9.2237e+13 9.2237e+13
4102.6771 9.2238e+13 9.2237e+13
4102.6876 9.2238e+13 9.2238e+13
4102.6982 9.2238e+13 9.2238e+13
4102.7087 9.2239e+13 9.2239e+13
4102.7193 9.2239e+13 9.2239e+13
4102.7299 9.2240e+13 9.2240e+13
4102.7404 9.2240e+13 9.2240e+13
4102.7510 9.2241e+13 9.2241e+13
4102.7616 9.2241e+13 9.2241e+13
4102.7721 9.2242e+13 9.2242e+13
4102.7827 9.2242e+13 9.2242e+13
4102.7932 9.2243e+13 9.2243e+13
4102.8038 9.2243e+13 9.2243e+13
4102.8144 9.2244e+13 9.2244e+13
4102.8249 9.2244e+13 9.2244e+13
4102.8355 9.2245e+13 9.2245e+13
4102.8461 9.2245e+13 9.2245e+13
4102.8566 9.2246e+13 9.2246e+13
4102.8672 9.2246e+13 9.2246e+13
4102.8777 9.2247e+13 9.2247e+13
4102.8883 9.2247e+13 9.2247e+13
4102.8989 9.2248e+13 9.2248e+13
4102.9094 9.2248e+13 9.2248e+13
4102.9200 9.2249e+13 9.2248e+13
4102.9306 9.2249e+13 9.2249e+13
4102.9411 9.2250e+13 9.2249e+13
4102.9517 9.2250e+13 9.2250e+13
4102.9622 9.2250e+13 9.2250e+13
4102.9728 9.2251e+13 9.2251e+13
4102.9834 9.2251e+13 9.2251e+13
4102.9939 9.2252e+13 9.2252e+13
4103.0045 9.2252e+13 9.2252e+13
4103.0151 9.2253e+13 9.2253e+13
4103.0256 9.2253e+13 9.2253e+13
4103.0362 9.2254e+13 9.2254e+13
4103.0467 9.2254e+13 9.2254e+13
4103.0573 9.2255e+13 9.2255e+13
4103.0679 9.2255e+13 9.2255e+13
4103.0784 9.2256e+13 9.2256e+13
4103.0890 9.2256e+13 9.2256e+13
4103.0996 9.2257e+13 9.2257e+13
4103.1101 9.2257e+13 9.2257e+13
4103.1207 9.2258e+13 9.2258e+13
4103.1312 9.2258e+13 9.2258e+13
4103.1418 9.2259e+13 9.2259e+13
4103.1524 9.2259e+13 9.2259e+13
4103.1629 9.2260e+13 9.2260e+13
4103.1735 9.2260e+13 9.2260e+13
4103.1841 9.2261e+13 9.2260e+13
4103.1946 9.2261e+13 9.2261e+13
4103.2052 9.2262e+13 9.2261e+13
4103.2157 9.2262e+13 9.2262e+13
4103.2263 9.2262e+13 9.2262e+13
4103.2369 9.2263e+13 9.2263e+13
4103.2474 9.2263e+13 9.2263e+13
4103.2580 9.2264e+13 9.2264e+13
4103.2686 9.2264e+13 9.2264e+13
4103.2791 9.2265e+13 9.2265e+13
4103.2897 9.2265e+13 9.2265e+13
4103.3003 9.2266e+13 9.2266e+13
4103.3108 9.2266e+13 9.2266e+13
4103.3214 9.2267e+13 9.2267e+13
4103.3319 9.2267e+13 9.2267e+13
4103.3425 9.2268e+13 9.2268e+13
4103.3531 9.2268e+13 9.2268e+13
4103.3636 9.2269e+13 9.2269e+13
4103.3742 9.2269e+13 9.2269e+13
4103.3848 9.2270e+13 9.2270e+13
4103.3953 9.2270e+13 9.2270e+13
4103.4059 9.2271e+13 9.2271e+13
4103.4164 9.2271e+13 9.2271e+13
4103.4270 9.2272e+13 9.2272e+13
4103.4376 9.2272e+13 9.2272e+13
4103.4481 9.2273e+13 9.2272e+13
4103.4587 9.2273e+13 9.2273e+13
4103.4693 9.2274e+13 9.2273e+13
4103.4798 9.2274e+13 9.2274e+13
4103.4904 9.2274e+13 9.2274e+13
4103.5009 9.2275e+13 9.2275e+13
4103.5115 9.2275e+13 9.2275e+13
4103.5221 9.2276e+13 9.2276e+13
4103.5326 9.2276e+13 9.2276e+13
4103.5432 9.2277e+13 9.2277e+13
4103.5538 9.2277e+13 9.2277e+13
4103.5643 9.2278e+13 9.2278e+13
4103.5749 9.2278e+13 9.2278e+13
4103.5854 9.2279e+13 9.2279e+13
4103.5960 9.2279e+13 9.2279e+13
4103.6066 9.2280e+13 9.2280e+13
4103.6171 9.2280e+13 9.2280e+13
4103.6277 9.2281e+13 9.2281e+13
4103.6383 9.2281e+13 9.2281e+13
4103.6488 9.2282e+13 9.2282e+13
4103.6594 9.2282e+13 9.2282e+13
4103.6699 9.2283e+13 9.2283e+13
4103.6805 9.2283e+13 9.2283e+13
4103.6911 9.2284e+13 9.2283e+13
4103.7016 9.2284e+13 9.2284e+13
4103.7122 9.2285e+13 9.2284e+13
4103.7228 9.2285e+13 9.2285e+13
4103.7333 9.2285e+13 9.2285e+13
4103.7439 9.2286e+13 9.2286e+13
4103.7544 9.2286e+13 9.2286e+13
4103.7650 9.2287e+13 9.2287e+13
4103.7756 9.2287e+13 9.2287e+13
4103.7861 9.2288e+13 9.2288e+13
4103.7967 9.2288e+13 9.2288e+13
4103.8073 9.2289e+13 9.2289e+13
4103.8178 9.2289e+13 9.2289e+13
4103.8284 9.2290e+13 9.2290e+13
4103.8389 9.2290e+13 9.2290e+13
4103.8495 9.2291e+13 9.2291e+13
4103.8601 9.2291e+13 9.2291e+13
4103.8706 9.2292e+13 9.2292e+13
4103.8812 9.2292e+13 9.2292e+13
4103.8918 9.2293e+13 9.2293e+13
4103.9023 9.2293e+13 9.2293e+13
4103.9129 9.2294e+13 9.2294e+13
4103.9235 9.2294e+13 9.2294e+13
4103.9340 9.2295e+13 9.2295e+13
4103.9446 9.2295e+13 9.2295e+13
4103.9551 9.2296e+13 9.2295e+13
4103.9657 9.2296e+13 9.2296e+13
4103.9763 9.2297e+13 9.2296e+13
4103.9868 9.2297e+13 9.2297e+13
4103.9974 9.2297e+13 9.2297e+13
4104.0080 9.2298e+13 9.2298e+13
4104.0185 9.2298e+13 9.2298e+13
4104.0291 9.2299e+13 9.2299e+13
4104.0396 9.2299e+13 9.2299e+13
4104.0502 9.2300e+13 9.2300e+13
4104.0608 9.2300e+13 9.2300e+13
4104.0713 9.2301e+13 9.2301e+13
4104.0819 9.2301e+13 9.2301e+13
4104.0925 9.2302e+13 9.2302e+13
4104.1030 9.2302e+13 9.2302e+13
4104.1136 9.2303e+13 9.2303e+13
4104.1241 9.2303e+13 9.2303e+13
4104.1347 9.2304e+13 9.2304e+13
4104.1453 9.2304e+13 9.2304e+13
4104.1558 9.2305e+13 9.2305e+13
4104.1664 9.2305e+13 9.2305e+13
4104.1770 9.2306e+13 9.2306e+13
4104.1875 9.2306e+13 9.2306e+13
4104.1981 9.2307e+13 9.2307e+13
4104.2086 9.2307e+13 9.2307e+13
4104.2192 9.2308e+13 9.2307e+13
4104.2298 9.2308e+13 9.2308e+13
4104.2403 9.2309e+13 9.2308e+13
4104.2509 9.2309e+13 9.2309e+13
4104.2615 9.2309e+13 9.2309e+13
4104.2720 9.2310e+13 9.2310e+13
4104.2826 9.2310e+13 9.2310e+13
4104.2931 9.2311e+13 9.2311e+13
4104.3037 9.2311e+13 9.2311e+13
4104.3143 9.2312e+13 9.2312e+13
4104.3248 9.2312e+13 9.2312e+13
4104.3354 9.2313e+13 9.2313e+13
4104.3460 9.2313e+13 9.2313e+13
4104.3565 9.2314e+13 9.2314e+13
4104.3671 9.2314e+13 9.2314e+13
4104.3776 9.2315e+13 9.2315e+13
4104.3882 9.2315e+13 9.2315e+13
4104.3988 9.2316e+13 9.2316e+13
4104.4093 9.2316e+13 9.2316e+13
4104.4199 9.2317e+13 9.2317e+13
4104.4305 9.2317e+13 9.2317e+13
4104.4410 9.2318e+13 9.2318e+13
4104.4516 9.2318e+13 9.2318e+13
4104.4621 9.2319e+13 9.2318e+13
4104.4727 9.2319e+13 9.2319e+13
4104.4833 9.2320e+13 9.2319e+13
4104.4938 9.2320e+13 9.2320e+13
4104.5044 9.2320e+13 9.2320e+13
4104.5150 9.2321e+13 9.2321e+13
4104.5255 9.2321e+13 9.2321e+13
4104.5361 9.2322e+13 9.2322e+13
4104.5467 9.2322e+13 9.2322e+13
4104.5572 9.2323e+13 9.2323e+13
4104.5678 9.2323e+13 9.2323e+13
4104.5783 9.2324e+13 9.2324e+13
4104.5889 9.2324e+13 9.2324e+13
4104.5995 9.2325e+13 9.2325e+13
4104.6100 9.2325e+13 9.2325e+13
4104.6206 9.2326e+13 9.2326e+13
4104.6312 9.2326e+13 9.2326e+13
4104.6417 9.2327e+13 9.2327e+13
4104.6523 9.2327e+13 9.2327e+13
4104.6628 9.2328e+13 9.2328e+13
4104.6734 9.2328e+13 9.2328e+13
4104.6840 9.2329e+13 9.2329e+13
4104.6945 9.2329e+13 9.2329e+13
4104.7051 9.2330e+13 9.2330e+13
4104.7157 9.2330e+13 9.2330e+13
4104.7262 9.2331e+13 9.2330e+13
4104.7368 9.2331e+13 9.2331e+13
4104.7473 9.2332e+13 9.2331e+13
4104.7579 9.2332e+13 9.2332e+13
4104.7685 9.2332e+13 9.2332e+13
4104.7790 9.2333e+13 9.2333e+13
4104.7896 9.2333e+13 9.2333e+13
4104.8002 9.2334e+13 9.2334e+13
4104.8107 9.2334e+13 9.2334e+13
4104.8213 9.2335e+13 9.2335e+13
4104.8318 9.2335e+13 9.2335e+13
4104.8424 9.2336e+13 9.2336e+13
4104.8530 9.2336e+13 9.2336e+13
4104.8635 9.2337e+13 9.2337e+13
4104.8741 9.2337e+13 9.2337e+13
4104.8847 9.2338e+13 9.2338e+13
4104.8952 9.2338e+13 9.2338e+13
4104.9058 9.2339e+13 9.2339e+13
4104.9163 9.2339e+13 9.2339e+13
4104.9269 9.2340e+13 9.2340e+13
4104.9375 9.2340e+13 9.2340e+13
4104.9480 9.2341e+13 9.2341e+13
4104.9586 9.2341e+13 9.2341e+13
4104.9692 9.2342e+13 9.2341e+13
4104.9797 9.2342e+13 9.2342e+13
4104.9903 9.2343e+13 9.2342e+13
4105.0008 9.2343e+13 9.2343e+13
4105.0114 9.2343e+13 9.2343e+13
4105.0220 9.2344e+13 9.2344e+13
4105.0325 9.2344e+13 9.2344e+13
4105.0431 9.2345e+13 9.2345e+13
4105.0537 9.2345e+13 9.2345e+13
4105.0642 9.2346e+13 9.2346e+13
4105.0748 9.2346e+13 9.2346e+13
4105.0853 9.2347e+13 9.2347e+13
4105.0959 9.2347e+13 9.2347e+13
4105.1065 9.2348e+13 9.2348e+13
4105.1170 9.2348e+13 9.2348e+13
4105.1276 9.2349e+13 9.2349e+13
4105.1382 9.2349e+13 9.2349e+13
4105.1487 9.2350e+13 9.2350e+13
4105.1593 9.2350e+13 9.2350e+13
4105.1699 9.2351e+13 9.2351e+13
4105.1804 9.2351e+13 9.2351e+13
4105.1910 9.2352e+13 9.2352e+13
4105.2015 9.2352e+13 9.2352e+13
4105.2121 9.2353e+13 9.2353e+13
4105.2227 9.2353e+13 9.2353e+13
4105.2332 9.2354e+13 9.2353e+13
4105.2438 9.2354e+13 9.2354e+13
4105.2544 9.2355e+13 9.2354e+13
4105.2649 9.2355e+13 9.2355e+13
4105.2755 9.2355e+13 9.2355e+13
4105.2860 9.2356e+13 9.2356e+13
4105.2966 9.2356e+13 9.2356e+13
4105.3072 9.2357e+13 9.2357e+13
4105.3177 9.2357e+13 9.2357e+13
4105.3283 9.2358e+13 9.2358e+13
4105.3389 9.2358e+13 9.2358e+13
4105.3494 9.2359e+13 9.2359e+13
4105.3600 9.2359e+13 9.2359e+13
4105.3705 9.2360e+13 9.2360e+13
4105.3811 9.2360e+13 9.2360e+13
4105.3917 9.2361e+13 9.2361e+13
4105.4022 9.2361e+13 9.2361e+13
4105.4128 9.2362e+13 9.2362e+13
4105.4234 9.2362e+13 9.2362e+13
4105.4339 9.2363e+13 9.2363e+13
4105.4445 9.2363e+13 9.2363e+13
4105.4550 9.2364e+13 9.2364e+13
4105.4656 9.2364e+13 9.2364e+13
4105.4762 9.2365e+13 9.2364e+13
4105.4867 9.2365e+13 9.2365e+13
4105.4973 9.2366e+13 9.2365e+13
4105.5079 9.2366e+13 9.2366e+13
4105.5184 9.2366e+13 9.2366e+13
4105.5290 9.2367e+13 9.2367e+13
4105.5395 9.2367e+13 9.2367e+13
4105.5501 9.2368e+13 9.2368e+13
4105.5607 9.2368e+13 9.2368e+13
4105.5712 9.2369e+13 9.2369e+13
4105.5818 9.2369e+13 9.2369e+13
4105.5924 9.2370e+13 9.2370e+13
4105.6029 9.2370e+13 9.2370e+13
4105.6135 9.2371e+13 9.2371e+13
4105.6240 9.2371e+13 9.2371e+13
4105.6346 9.2372e+13 9.2372e+13
4105.6452 9.2372e+13 9.2372e+13
4105.6557 9.2373e+13 9.2373e+13
4105.6663 9.2373e+13 9.2373e+13
4105.6769 9.2374e+13 9.2374e+13
4105.6874 9.2374e+13 9.2374e+13
4105.6980 9.2375e+13 9.2375e+13
4105.7085 9.2375e+13 9.2375e+13
4105.7191 9.2376e+13 9.2375e+13
4105.7297 9.2376e+13 9.2376e+13
4105.7402 9.2377e+13 9.2376e+13
4105.7508 9.2377e+13 9.2377e+13
4105.7614 9.2377e+13 9.2377e+13
4105.7719 9.2378e+13 9.2378e+13
4105.7825 9.2378e+13 9.2378e+13
4105.7931 9.2379e+13 9.2379e+13
4105.8036 9.2379e+13 9.2379e+13
4105.8142 9.2380e+13 9.2380e+13
4105.8247 9.2380e+13 9.2380e+13
4105.8353 9.2381e+13 9.2381e+13
4105.8459 9.2381e+13 9.2381e+13
4105.8564 9.2382e+13 9.2382e+13
4105.8670 9.2382e+13 9.2382e+13
4105.8776 9.2383e+13 9.2383e+13
4105.8881 9.2383e+13 9.2383e+13
4105.8987 9.2384e+13 9.2384e+13
4105.9092 9.2384e+13 9.2384e+13
4105.9198 9.2385e+13 9.2385e+13
4105.9304 9.2385e+13 9.2385e+13
4105.9409 9.2386e+13 9.2386e+13
4105.9515 9.2386e+13 9.2386e+13
4105.9621 9.2387e+13 9.2387e+13
4105.9726 9.2387e+13 9.2387e+13
4105.9832 9.2388e+13 9.2387e+13
4105.9937 9.2388e+13 9.2388e+13
4106.0043 9.2389e+13 9.2388e+13
4106.0149 9.2389e+13 9.2389e+13
4106.0254 9.2389e+13 9.2389e+13
4106.0360 9.2390e+13 9.2390e+13
4106.0466 9.2390e+13 9.2390e+13
4106.0571 9.2391e+13 9.2391e+13
4106.0677 9.2391e+13 9.2391e+13
4106.0782 9.2392e+13 9.2392e+13
4106.0888 9.2392e+13 9.2392e+13
4106.0994 9.2393e+13 9.2393e+13
4106.1099 9.2393e+13 9.2393e+13
4106.1205 9.2394e+13 9.2394e+13
4106.1311 9.2394e+13 9.2394e+13
4106.1416 9.2395e+13 9.2395e+13
4106.1522 9.2395e+13 9.2395e+13
4106.1627 9.2396e+13 9.2396e+13
4106.1733 9.2396e+13 9.2396e+13
4106.1839 9.2397e+13 9.2397e+13
4106.1944 9.2397e+13 9.2397e+13
4106.2050 9.2398e+13 9.2398e+13
4106.2156 9.2398e+13 9.2398e+13
4106.2261 9.2399e+13 9.2398e+13
4106.2367 9.2399e+13 9.2399e+13
4106.2472 9.2400e+13 9.2399e+13
4106.2578 9.2400e+13 9.2400e+13
4106.2684 9.2400e+13 9.2400e+13
4106.2789 9.2401e+13 9.2401e+13
4106.2895 9.2401e+13 9.2401e+13
4106.3001 9.2402e+13 9.2402e+13
4106.3106 9.2402e+13 9.2402e+13
4106.3212 9.2403e+13 9.2403e+13
4106.3317 9.2403e+13 9.2403e+13
4106.3423 9.2404e+13 9.2404e+13
4106.3529 9.2404e+13 9.2404e+13
4106.3634 9.2405e+13 9.2405e+13
4106.3740 9.2405e+13 9.2405e+13
4106.3846 9.2406e+13 9.2406e+13
4106.3951 9.2406e+13 9.2406e+13
4106.4057 9.2407e+13 9.2407e+13
4106.4163 9.2407e+13 9.2407e+13
4106.4268 9.2408e+13 9.2408e+13
4106.4374 9.2408e+13 9.2408e+13
4106.4479 9.2409e+13 9.2409e+13
4106.4585 9.2409e+13 9.2409e+13
4106.4691 9.2410e+13 9.2409e+13
4106.4796 9.2410e+13 9.2410e+13
4106.4902 9.2411e+13 9.2410e+13
4106.5008 9.2411e+13 9.2411e+13
4106.5113 9.2411e+13 9.2411e+13
4106.5219 9.2412e+13 9.2412e+13
4106.5324 9.2412e+13 9.2412e+13
4106.5430 9.2413e+13 9.2413e+13
4106.5536 9.2413e+13 9.2413e+13
4106.5641 9.2414e+13 9.2414e+13
4106.5747 9.2414e+13 9.2414e+13
4106.5853 9.2415e+13 9.2415e+13
4106.5958 9.2415e+13 9.2415e+13
4106.6064 9.2416e+13 9.2416e+13
4106.6169 9.2416e+13 9.2416e+13
4106.6275 9.2417e+13 9.2417e+13
4106.6381 9.2417e+13 9.2417e+13
4106.6486 9.2418e+13 9.2418e+13
4106.6592 9.2418e+13 9.2418e+13
4106.6698 9.2419e+13 9.2419e+13
4106.6803 9.2419e+13 9.2419e+13
4106.6909 9.2420e+13 9.2420e+13
4106.7014 9.2420e+13 9.2420e+13
4106.7120 9.2421e+13 9.2420e+13
4106.7226 9.2421e+13 9.2421e+13
4106.7331 9.2422e+13 9.2421e+13
4106.7437 9.2422e+13 9.2422e+13
4106.7543 9.2422e+13 9.2422e+13
4106.7648 9.2423e+13 9.2423e+13
4106.7754 9.2423e+13 9.2423e+13
4106.7859 9.2424e+13 9.2424e+13
4106.7965 9.2424e+13 9.2424e+13
4106.8071 9.2425e+13 9.2425e+13
4106.8176 9.2425e+13 9.2425e+13
4106.8282 9.2426e+13 9.2426e+13
4106.8388 9.2426e+13 9.2426e+13
4106.8493 9.2427e+13 9.2427e+13
4106.8599 9.2427e+13 9.2427e+13
4106.8704 9.2428e+13 9.2428e+13
4106.8810 9.2428e+13 9.2428e+13
4106.8916 9.2429e+13 9.2429e+13
4106.9021 9.2429e+13 9.2429e+13
4106.9127 9.2430e+13 9.2430e+13
4106.9233 9.2430e+13 9.2430e+13
4106.9338 9.2431e+13 9.2431e+13
4106.9444 9.2431e+13 9.2431e+13
4106.9549 9.2432e+13 9.2432e+13
4106.9655 9.2432e+13 9.2432e+13
4106.9761 9.2433e+13 9.2432e+13
4106.9866 9.2433e+13 9.2433e+13
4106.9972 9.2433e+13 9.2433e+13
4107.0078 9.2434e+13 9.2434e+13
4107.0183 9.2434e+13 9.2434e+13
4107.0289 9.2435e+13 9.2435e+13
4107.0395 9.2435e+13 9.2435e+13
4107.0500 9.2436e+13 9.2436e+13
4107.0606 9.2436e+13 9.2436e+13
4107.0711 9.2437e+13 9.2437e+13
4107.0817 9.2437e+13 9.2437e+13
4107.0923 9.2438e+13 9.2438e+13
4107.1028 9.2438e+13 9.2438e+13
4107.1134 9.2439e+13 9.2439e+13
4107.1240 9.2439e+13 9.2439e+13
4107.1345 9.2440e+13 9.2440e+13
4107.1451 9.2440e+13 9.2440e+13
4107.1556 9.2441e+13 9.2441e+13
4107.1662 9.2441e+13 9.2441e+13
4107.1768 9.2442e+13 9.2442e+13
4107.1873 9.2442e+13 9.2442e+13
4107.1979 9.2443e+13 9.2443e+13
4107.2085 9.2443e+13 9.2443e+13
4107.2190 9.2444e+13 9.2443e+13
4107.2296 9.2444e+13 9.2444e+13
4107.2401 9.2445e+13 9.2444e+13
4107.2507 9.2445e+13 9.2445e+13
4107.2613 9.2445e+13 9.2445e+13
4107.2718 9.2446e+13 9.2446e+13
4107.2824 9.2446e+13 9.2446e+13
4107.2930 9.2447e+13 9.2447e+13
4107.3035 9.2447e+13 9.2447e+13
4107.3141 9.2448e+13 9.2448e+13
4107.3246 9.2448e+13 9.2448e+13
4107.3352 9.2449e+13 9.2449e+13
4107.3458 9.2449e+13 9.2449e+13
4107.3563 9.2450e+13 9.2450e+13
4107.3669 9.2450e+13 9.2450e+13
4107.3775 9.2451e+13 9.2451e+13
4107.3880 9.2451e+13 9.2451e+13
4107.3986 9.2452e+13 9.2452e+13
4107.4091 9.2452e+13 9.2452e+13
4107.4197 9.2453e+13 9.2453e+13
4107.4303 9.2453e+13 9.2453e+13
4107.4408 9.2454e+13 9.2454e+13
4107.4514 9.2454e+13 9.2454e+13
4107.4620 9.2455e+13 9.2454e+13
4107.4725 9.2455e+13 9.2455e+13
4107.4831 9.2456e+13 9.2455e+13
4107.4936 9.2456e+13 9.2456e+13
4107.5042 9.2456e+13 9.2456e+13
4107.5148 9.2457e+13 9.2457e+13
4107.5253 9.2457e+13 9.2457e+13
4107.5359 9.2458e+13 9.2458e+13
4107.5465 9.2458e+13 9.2458e+13
4107.5570 9.2459e+13 9.2459e+13
4107.5676 9.2459e+13 9.2459e+13
4107.5781 9.2460e+13 9.2460e+13
4107.5887 9.2460e+13 9.2460e+13
4107.5993 9.2461e+13 9.2461e+13
4107.6098 9.2461e+13 9.2461e+13
4107.6204 9.2462e+13 9.2462e+13
4107.6310 9.2462e+13 9.2462e+13
4107.6415 9.2463e+13 9.2463e+13
4107.6521 9.2463e+13 9.2463e+13
4107.6627 9.2464e+13 9.2464e+13
4107.6732 9.2464e+13 9.2464e+13
4107.6838 9.2465e+13 9.2465e+13
4107.6943 9.2465e+13 9.2465e+13
4107.7049 9.2466e+13 9.2465e+13
4107.7155 9.2466e+13 9.2466e+13
4107.7260 9.2467e+13 9.2466e+13
4107.7366 9.2467e+13 9.2467e+13
4107.7472 9.2467e+13 9.2467e+13
4107.7577 9.2468e+13 9.2468e+13
4107.7683 9.2468e+13 9.2468e+13
4107.7788 9.2469e+13 9.2469e+13
4107.7894 9.2469e+13 9.2469e+13
4107.8000 9.2470e+13 9.2470e+13
4107.8105 9.2470e+13 9.2470e+13
4107.8211 9.2471e+13 9.2471e+13
4107.8317 9.2471e+13 9.2471e+13
4107.8422 9.2472e+13 9.2472e+13
4107.8528 9.2472e+13 9.2472e+13
4107.8633 9.2473e+13 9.2473e+13
4107.8739 9.2473e+13 9.2473e+13
4107.8845 9.2474e+13 9.2474e+13
4107.8950 9.2474e+13 9.2474e+13
4107.9056 9.2475e+13 9.2475e+13
4107.9162 9.2475e+13 9.2475e+13
4107.9267 9.2476e+13 9.2476e+13
4107.9373 9.2476e+13 9.2476e+13
4107.9478 9.2477e+13 9.2476e+13
4107.9584 9.2477e+13 9.2477e+13
4107.9690 9.2478e+13 9.2477e+13
4107.9795 9.2478e+13 9.2478e+13
4107.9901 9.2478e+13 9.2478e+13
4108.0007 9.2479e+13 9.2479e+13
4108.0112 9.2479e+13 9.2479e+13
4108.0218 9.2480e+13 9.2480e+13
4108.0323 9.2480e+13 9.2480e+13
4108.0429 9.2481e+13 9.2481e+13
4108.0535 9.2481e+13 9.2481e+13
4108.0640 9.2482e+13 9.2482e+13
4108.0746 9.2482e+13 9.2482e+13
4108.0852 9.2483e+13 9.2483e+13
4108.0957 9.2483e+13 9.2483e+13
4108.1063 9.2484e+13 9.2484e+13
4108.1168 9.2484e+13 9.2484e+13
4108.1274 9.2485e+13 9.2485e+13
4108.1380 9.2485e+13 9.2485e+13
4108.1485 9.2486e+13 9.2486e+13
4108.1591 9.2486e+13 9.2486e+13
4108.1697 9.2487e+13 9.2487e+13
4108.1802 9.2487e+13 9.2487e+13
4108.1908 9.2488e+13 9.2487e+13
4108.2013 9.2488e+13 9.2488e+13
4108.2119 9.2489e+13 9.2488e+13
4108.2225 9.2489e+13 9.2489e+13
4108.2330 9.2489e+13 9.2489e+13
4108.2436 9.2490e+13 9.2490e+13
4108.2542 9.2490e+13 9.2490e+13
4108.2647 9.2491e+13 9.2491e+13
4108.2753 9.2491e+13 9.2491e+13
4108.2859 9.2492e+13 9.2492e+13
4108.2964 9.2492e+13 9.2492e+13
4108.3070 9.2493e+13 9.2493e+13
4108.3175 9.2493e+13 9.2493e+13
4108.3281 9.2494e+13 9.2494e+13
4108.3387 9.2494e+13 9.2494e+13
4108.3492 9.2495e+13 9.2495e+13
4108.3598 9.2495e+13 9.2495e+13
4108.3704 9.2496e+13 9.2496e+13
4108.3809 9.2496e+13 9.2496e+13
4108.3915 9.2497e+13 9.2497e+13
4108.4020 9.2497e+13 9.2497e+13
4108.4126 9.2498e+13 9.2498e+13
4108.4232 9.2498e+13 9.2498e+13
4108.4337 9.2499e+13 9.2498e+13
4108.4443 9.2499e+13 9.2499e+13
4108.4549 9.2500e+13 9.2499e+13
4108.4654 9.2500e+13 9.2500e+13
4108.4760 9.2500e+13 9.2500e+13
4108.4865 9.2501e+13 9.2501e+13
4108.4971 9.2501e+13 9.2501e+13
4108.5077 9.2502e+13 9.2502e+13
4108.5182 9.2502e+13 9.2502e+13
4108.5288 9.2503e+13 9.2503e+13
4108.5394 9.2503e+13 9.2503e+13
4108.5499 9.2504e+13 9.2504e+13
4108.5605 9.2504e+13 9.2504e+13
4108.5710 9.2505e+13 9.2505e+13
4108.5816 9.2505e+13 9.2505e+13
4108.5922 9.2506e+13 9.2506e+13
4108.6027 9.2506e+13 9.2506e+13
4108.6133 9.2507e+13 9.2507e+13
4108.6239 9.2507e+13 9.2507e+13
4108.6344 9.2508e+13 9.2508e+13
4108.6450 9.2508e+13 9.2508e+13
4108.6555 9.2509e+13 9.2509e+13
4108.6661 9.2509e+13 9.2509e+13
4108.6767 9.2510e+13 9.2509e+13
4108.6872 9.2510e+13 9.2510e+13
4108.6978 9.2510e+13 9.2510e+13
4108.7084 9.2511e+13 9.2511e+13
4108.7189 9.2511e+13 9.2511e+13
4108.7295 9.2512e+13 9.2512e+13
4108.7400 9.2512e+13 9.2512e+13
4108.7506 9.2513e+13 9.2513e+13
4108.7612 9.2513e+13 9.2513e+13
4108.7717 9.2514e+13 9.2514e+13
4108.7823 9.2514e+13 9.2514e+13
4108.7929 9.2515e+13 9.2515e+13
4108.8034 9.2515e+13 9.2515e+13
4108.8140 9.2516e+13 9.2516e+13
4108.8245 9.2516e+13 9.2516e+13
4108.8351 9.2517e+13 9.2517e+13
4108.8457 9.2517e+13 9.2517e+13
4108.8562 9.2518e+13 9.2518e+13
4108.8668 9.2518e+13 9.2518e+13
4108.8774 9.2519e+13 9.2519e+13
4108.8879 9.2519e+13 9.2519e+13
4108.8985 9.2520e+13 9.2520e+13
4108.9091 9.2520e+13 9.2520e+13
4108.9196 9.2521e+13 9.2520e+13
4108.9302 9.2521e+13 9.2521e+13
4108.9407 9.2521e+13 9.2521e+13
4108.9513 9.2522e+13 9.2522e+13
4108.9619 9.2522e+13 9.2522e+13
4108.9724 9.2523e+13 9.2523e+13
4108.9830 9.2523e+13 9.2523e+13
4108.9936 9.2524e+13 9.2524e+13
4109.0041 9.2524e+13 9.2524e+13
4109.0147 9.2525e+13 9.2525e+13
4109.0252 9.2525e+13 9.2525e+13
4109.0358 9.2526e+13 9.2526e+13
4109.0464 9.2526e+13 9.2526e+13
4109.0569 9.2527e+13 9.2527e+13
4109.0675 9.2527e+13 9.2527e+13
4109.0781 9.2528e+13 9.2528e+13
4109.0886 9.2528e+13 9.2528e+13
4109.0992 9.2529e+13 9.2529e+13
4109.1097 9.2529e+13 9.2529e+13
4109.1203 9.2530e+13 9.2530e+13
4109.1309 9.2530e+13 9.2530e+13
4109.1414 9.2531e+13 9.2530e+13
4109.1520 9.2531e+13 9.2531e+13
4109.1626 9.2532e+13 9.2531e+13
4109.1731 9.2532e+13 9.2532e+13
4109.1837 9.2532e+13 9.2532e+13
4109.1942 9.2533e+13 9.2533e+13
4109.2048 9.2533e+13 9.2533e+13
4109.2154 9.2534e+13 9.2534e+13
4109.2259 9.2534e+13 9.2534e+13
4109.2365 9.2535e+13 9.2535e+13
4109.2471 9.2535e+13 9.2535e+13
4109.2576 9.2536e+13 9.2536e+13
4109.2682 9.2536e+13 9.2536e+13
4109.2787 9.2537e+13 9.2537e+13
4109.2893 9.2537e+13 9.2537e+13
4109.2999 9.2538e+13 9.2538e+13
4109.3104 9.2538e+13 9.2538e+13
4109.3210 9.2539e+13 9.2539e+13
4109.3316 9.2539e+13 9.2539e+13
4109.3421 9.2540e+13 9.2540e+13
4109.3527 9.2540e+13 9.2540e+13
4109.3632 9.2541e+13 9.2541e+13
4109.3738 9.2541e+13 9.2541e+13
4109.3844 9.2542e+13 9.2541e+13
4109.3949 9.2542e+13 9.2542e+13
4109.4055 9.2543e+13 9.2542e+13
4109.4161 9.2543e+13 9.2543e+13
4109.4266 9.2543e+13 9.2543e+13
4109.4372 9.2544e+13 9.2544e+13
4109.4477 9.2544e+13 9.2544e+13
4109.4583 9.2545e+13 9.2545e+13
4109.4689 9.2545e+13 9.2545e+13
4109.4794 9.2546e+13 9.2546e+13
4109.4900 9.2546e+13 9.2546e+13
4109.5006 9.2547e+13 9.2547e+13
4109.5111 9.2547e+13 9.2547e+13
4109.5217 9.2548e+13 9.2548e+13
4109.5323 9.2548e+13 9.2548e+13
4109.5428 9.2549e+13 9.2549e+13
4109.5534 9.2549e+13 9.2549e+13
4109.5639 9.2550e+13 9.2550e+13
4109.5745 9.2550e+13 9.2550e+13
4109.5851 9.2551e+13 9.2551e+13
4109.5956 9.2551e+13 9.2551e+13
4109.6062 9.2552e+13 9.2552e+13
4109.6168 9.2552e+13 9.2552e+13
4109.6273 9.2553e+13 9.2552e+13
4109.6379 9.2553e+13 9.2553e+13
4109.6484 9.2554e+13 9.2553e+13
4109.6590 9.2554e+13 9.2554e+13
4109.6696 9.2554e+13 9.2554e+13
4109.6801 9.2555e+13 9.2555e+13
4109.6907 9.2555e+13 9.2555e+13
4109.7013 9.2556e+13 9.2556e+13
4109.7118 9.2556e+13 9.2556e+13
4109.7224 9.2557e+13 9.2557e+13
4109.7329 9.2557e+13 9.2557e+13
4109.7435 9.2558e+13 9.2558e+13
4109.7541 9.2558e+13 9.2558e+13
4109.7646 9.2559e+13 9.2559e+13
4109.7752 9.2559e+13 9.2559e+13
4109.7858 9.2560e+13 9.2560e+13
4109.7963 9.2560e+13 9.2560e+13
4109.8069 9.2561e+13 9.2561e+13
4109.8174 9.2561e+13 9.2561e+13
4109.8280 9.2562e+13 9.2562e+13
4109.8386 9.2562e+13 9.2562e+13
4109.8491 9.2563e+13 9.2563e+13
4109.8597 9.2563e+13 9.2563e+13
4109.8703 9.2564e+13 9.2563e+13
4109.8808 9.2564e+13 9.2564e+13
4109.8914 9.2564e+13 9.2564e+13
4109.9019 9.2565e+13 9.2565e+13
4109.9125 9.2565e+13 9.2565e+13
4109.9231 9.2566e+13 9.2566e+13
4109.9336 9.2566e+13 9.2566e+13
4109.9442 9.2567e+13 9.2567e+13
4109.9548 9.2567e+13 9.2567e+13
4109.9653 9.2568e+13 9.2568e+13
4109.9759 9.2568e+13 9.2568e+13
4109.9864 9.2569e+13 9.2569e+13
4109.9970 9.2569e+13 9.2569e+13
4110.0076 9.2570e+13 9.2570e+13
4110.0181 9.2570e+13 9.2570e+13
4110.0287 9.2571e+13 9.2571e+13
4110.0393 9.2571e+13 9.2571e+13
4110.0498 9.2572e+13 9.2572e+13
4110.0604 9.2572e+13 9.2572e+13
4110.0709 9.2573e+13 9.2573e+13
4110.0815 9.2573e+13 9.2573e+13
4110.0921 9.2574e+13 9.2573e+13
4110.1026 9.2574e+13 9.2574e+13
4110.1132 9.2575e+13 9.2574e+13
4110.1238 9.2575e+13 9.2575e+13
4110.1343 9.2575e+13 9.2575e+13
4110.1449 9.2576e+13 9.2576e+13
4110.1555 9.2576e+13 9.2576e+13
4110.1660 9.2577e+13 9.2577e+13
4110.1766 9.2577e+13 9.2577e+13
4110.1871 9.2578e+13 9.2578e+13
4110.1977 9.2578e+13 9.2578e+13
4110.2083 9.2579e+13 9.2579e+13
4110.2188 9.2579e+13 9.2579e+13
4110.2294 9.2580e+13 9.2580e+13
4110.2400 9.2580e+13 9.2580e+13
4110.2505 9.2581e+13 9.2581e+13
4110.2611 9.2581e+13 9.2581e+13
4110.2716 9.2582e+13 9.2582e+13
4110.2822 9.2582e+13 9.2582e+13
4110.2928 9.2583e+13 9.2583e+13
4110.3033 9.2583e+13 9.2583e+13
4110.3139 9.2584e+13 9.2584e+13
4110.3245 9.2584e+13 9.2584e+13
4110.3350 9.2585e+13 9.2584e+13
4110.3456 9.2585e+13 9.2585e+13
4110.3561 9.2586e+13 9.2585e+13
4110.3667 9.2586e+13 9.2586e+13
4110.3773 9.2586e+13 9.2586e+13
4110.3878 9.2587e+13 9.2587e+13
4110.3984 9.2587e+13 9.2587e+13
4110.4090 9.2588e+13 9.2588e+13
4110.4195 9.2588e+13 9.2588e+13
4110.4301 9.2589e+13 9.2589e+13
4110.4406 9.2589e+13 9.2589e+13
4110.4512 9.2590e+13 9.2590e+13
4110.4618 9.2590e+13 9.2590e+13
4110.4723 9.2591e+13 9.2591e+13
4110.4829 9.2591e+13 9.2591e+13
4110.4935 9.2592e+13 9.2592e+13
4110.5040 9.2592e+13 9.2592e+13
4110.5146 9.2593e+13 9.2593e+13
4110.5251 9.2593e+13 9.2593e+13
4110.5357 9.2594e+13 9.2594e+13
4110.5463 9.2594e+13 9.2594e+13
4110.5568 9.2595e+13 9.2595e+13
4110.5674 9.2595e+13 9.2595e+13
4110.5780 9.2596e+13 9.2595e+13
4110.5885 9.2596e+13 9.2596e+13
4110.5991 9.2596e+13 9.2596e+13
4110.6096 9.2597e+13 9.2597e+13
4110.6202 9.2597e+13 9.2597e+13
4110.6308 9.2598e+13 9.2598e+13
4110.6413 9.2598e+13 9.2598e+13
4110.6519 9.2599e+13 9.2599e+13
4110.6625 9.2599e+13 9.2599e+13
4110.6730 9.2600e+13 9.2600e+13
4110.6836 9.2600e+13 9.2600e+13
4110.6941 9.2601e+13 9.2601e+13
4110.7047 9.2601e+13 9.2601e+13
4110.7153 9.2602e+13 9.2602e+13
4110.7258 9.2602e+13 9.2602e+13
4110.7364 9.2603e+13 9.2603e+13
4110.7470 9.2603e+13 9.2603e+13
4110.7575 9.2604e+13 9.2604e+13
4110.7681 9.2604e+13 9.2604e+13
4110.7787 9.2605e+13 9.2605e+13
4110.7892 9.2605e+13 9.2605e+13
4110.7998 9.2606e+13 9.2605e+13
4110.8103 9.2606e+13 9.2606e+13
4110.8209 9.2607e+13 9.2606e+13
4110.8315 9.2607e+13 9.2607e+13
4110.8420 9.2607e+13 9.2607e+13
4110.8526 9.2608e+13 9.2608e+13
4110.8632 9.2608e+13 9.2608e+13
4110.8737 9.2609e+13 9.2609e+13
4110.8843 9.2609e+13 9.2609e+13
4110.8948 9.2610e+13 9.2610e+13
4110.9054 9.2610e+13 9.2610e+13
4110.9160 9.2611e+13 9.2611e+13
4110.9265 9.2611e+13 9.2611e+13
4110.9371 9.2612e+13 9.2612e+13
4110.9477 9.2612e+13 9.2612e+13
4110.9582 9.2613e+13 9.2613e+13
4110.9688 9.2613e+13 9.2613e+13
4110.9793 9.2614e+13 9.2614e+13
4110.9899 9.2614e+13 9.2614e+13
4111.0005 9.2615e+13 9.2615e+13
4111.0110 9.2615e+13 9.2615e+13
4111.0216 9.2616e+13 9.2616e+13
4111.0322 9.2616e+13 9.2616e+13
4111.0427 9.2617e+13 9.2616e+13
4111.0533 9.2617e+13 9.2617e+13
4111.0638 9.2617e+13 9.2617e+13
4111.0744 9.2618e+13 9.2618e+13
4111.0850 9.2618e+13 9.2618e+13
4111.0955 9.2619e+13 9.2619e+13
4111.1061 9.2619e+13 9.2619e+13
4111.1167 9.2620e+13 9.2620e+13
4111.1272 9.2620e+13 9.2620e+13
4111.1378 9.2621e+13 9.2621e+13
4111.1483 9.2621e+13 9.2621e+13
4111.1589 9.2622e+13 9.2622e+13
4111.1695 9.2622e+13 9.2622e+13
4111.1800 9.2623e+13 9.2623e+13
4111.1906 9.2623e+13 9.2623e+13
4111.2012 9.2624e+13 9.2624e+13
4111.2117 9.2624e+13 9.2624e+13
4111.2223 9.2625e+13 9.2625e+13
4111.2328 9.2625e+13 9.2625e+13
4111.2434 9.2626e+13 9.2626e+13
4111.2540 9.2626e+13 9.2626e+13
4111.2645 9.2627e+13 9.2626e+13
4111.2751 9.2627e+13 9.2627e+13
4111.2857 9.2628e+13 9.2627e+13
4111.2962 9.2628e+13 9.2628e+13
4111.3068 9.2628e+13 9.2628e+13
4111.3173 9.2629e+13 9.2629e+13
4111.3279 9.2629e+13 9.2629e+13
4111.3385 9.2630e+13 9.2630e+13
4111.3490 9.2630e+13 9.2630e+13
4111.3596 9.2631e+13 9.2631e+13
4111.3702 9.2631e+13 9.2631e+13
4111.3807 9.2632e+13 9.2632e+13
4111.3913 9.2632e+13 9.2632e+13
4111.4019 9.2633e+13 9.2633e+13
4111.4124 9.2633e+13 9.2633e+13
4111.4230 9.2634e+13 9.2634e+13
4111.4335 9.2634e+13 9.2634e+13
4111.4441 9.2635e+13 9.2635e+13
4111.4547 9.2635e+13 9.2635e+13
4111.4652 9.2636e+13 9.2636e+13
4111.4758 9.2636e+13 9.2636e+13
4111.4864 9.2637e+13 9.2637e+13
4111.4969 9.2637e+13 9.2637e+13
4111.5075 9.2638e+13 9.2637e+13
4111.5180 9.2638e+13 9.2638e+13
4111.5286 9.2638e+13 9.2638e+13
4111.5392 9.2639e+13 9.2639e+13
4111.5497 9.2639e+13 9.2639e+13
4111.5603 9.2640e+13 9.2640e+13
4111.5709 9.2640e+13 9.2640e+13
4111.5814 9.2641e+13 9.2641e+13
4111.5920 9.2641e+13 9.2641e+13
4111.6025 9.2642e+13 9.2642e+13
4111.6131 9.2642e+13 9.2642e+13
4111.6237 9.2643e+13 9.2643e+13
4111.6342 9.2643e+13 9.2643e+13
4111.6448 9.2644e+13 9.2644e+13
4111.6554 9.2644e+13 9.2644e+13
4111.6659 9.2645e+13 9.2645e+13
4111.6765 9.2645e+13 9.2645e+13
4111.6870 9.2646e+13 9.2646e+13
4111.6976 9.2646e+13 9.2646e+13
4111.7082 9.2647e+13 9.2647e+13
4111.7187 9.2647e+13 9.2647e+13
4111.7293 9.2648e+13 9.2647e+13
4111.7399 9.2648e+13 9.2648e+13
4111.7504 9.2649e+13 9.2648e+13
4111.7610 9.2649e+13 9.2649e+13
4111.7715 9.2649e+13 9.2649e+13
4111.7821 9.2650e+13 9.2650e+13
4111.7927 9.2650e+13 9.2650e+13
4111.8032 9.2651e+13 9.2651e+13
4111.8138 9.2651e+13 9.2651e+13
4111.8244 9.2652e+13 9.2652e+13
4111.8349 9.2652e+13 9.2652e+13
4111.8455 9.2653e+13 9.2653e+13
4111.8560 9.2653e+13 9.2653e+13
4111.8666 9.2654e+13 9.2654e+13
4111.8772 9.2654e+13 9.2654e+13
4111.8877 9.2655e+13 9.2655e+13
4111.8983 9.2655e+13 9.2655e+13
4111.9089 9.2656e+13 9.2656e+13
4111.9194 9.2656e+13 9.2656e+13
4111.9300 9.2657e+13 9.2657e+13
4111.9405 9.2657e+13 9.2657e+13
4111.9511 9.2658e+13 9.2658e+13
4111.9617 9.2658e+13 9.2658e+13
4111.9722 9.2659e+13 9.2658e+13
4111.9828 9.2659e+13 9.2659e+13
4111.9934 9.2659e+13 9.2659e+13
4112.0039 9.2660e+13 9.2660e+13
4112.0145 9.2660e+13 9.2660e+13
4112.0251 9.2661e+13 9.2661e+13
4112.0356 9.2661e+13 9.2661e+13
4112.0462 9.2662e+13 9.2662e+13
4112.0567 9.2662e+13 9.2662e+13
4112.0673 9.2663e+13 9.2663e+13
4112.0779 9.2663e+13 9.2663e+13
4112.0884 9.2664e+13 9.2664e+13
4112.0990 9.2664e+13 9.2664e+13
4112.1096 9.2665e+13 9.2665e+13
4112.1201 9.2665e+13 9.2665e+13
4112.1307 9.2666e+13 9.2666e+13
4112.1412 9.2666e+13 9.2666e+13
4112.1518 9.2667e+13 9.2667e+13
4112.1624 9.2667e+13 9.2667e+13
4112.1729 9.2668e+13 9.2668e+13
4112.1835 9.2668e+13 9.2668e+13
4112.1941 9.2669e+13 9.2668e+13
4112.2046 9.2669e+13 9.2669e+13
4112.2152 9.2670e+13 9.2669e+13
4112.2257 9.2670e+13 9.2670e+13
4112.2363 9.2670e+13 9.2670e+13
4112.2469 9.2671e+13 9.2671e+13
4112.2574 9.2671e+13 9.2671e+13
