# Wavelength(Å) I_cont(erg/s/cm2/Å/sr) I_abs(erg/s/cm2/Å/sr)
4090.1349 2.9669e+14 2.9653e+14
4090.1465 2.9669e+14 2.9653e+14
4090.1581 2.9669e+14 2.9653e+14
4090.1696 2.9669e+14 2.9653e+14
4090.1812 2.9669e+14 2.9653e+14
4090.1928 2.9669e+14 2.9653e+14
4090.2043 2.9669e+14 2.9653e+14
4090.2159 2.9669e+14 2.9653e+14
4090.2275 2.9669e+14 2.9653e+14
4090.2391 2.9669e+14 2.9653e+14
4090.2506 2.9669e+14 2.9653e+14
4090.2622 2.9669e+14 2.9653e+14
4090.2738 2.9669e+14 2.9653e+14
4090.2853 2.9670e+14 2.9653e+14
4090.2969 2.9670e+14 2.9654e+14
4090.3085 2.9670e+14 2.9654e+14
4090.3200 2.9670e+14 2.9654e+14
4090.3316 2.9670e+14 2.9654e+14
4090.3432 2.9670e+14 2.9654e+14
4090.3548 2.9670e+14 2.9654e+14
4090.3663 2.9670e+14 2.9654e+14
4090.3779 2.9670e+14 2.9654e+14
4090.3895 2.9670e+14 2.9654e+14
4090.4010 2.9670e+14 2.9654e+14
4090.4126 2.9670e+14 2.9654e+14
4090.4242 2.9670e+14 2.9654e+14
4090.4358 2.9671e+14 2.9654e+14
4090.4473 2.9671e+14 2.9654e+14
4090.4589 2.9671e+14 2.9654e+14
4090.4705 2.9671e+14 2.9655e+14
4090.4820 2.9671e+14 2.9655e+14
4090.4936 2.9671e+14 2.9655e+14
4090.5052 2.9671e+14 2.9655e+14
4090.5168 2.9671e+14 2.9655e+14
4090.5283 2.9671e+14 2.9655e+14
4090.5399 2.9671e+14 2.9655e+14
4090.5515 2.9671e+14 2.9655e+14
4090.5630 2.9671e+14 2.9655e+14
4090.5746 2.9671e+14 2.9655e+14
4090.5862 2.9671e+14 2.9655e+14
4090.5977 2.9672e+14 2.9655e+14
4090.6093 2.9672e+14 2.9655e+14
4090.6209 2.9672e+14 2.9655e+14
4090.6325 2.9672e+14 2.9655e+14
4090.6440 2.9672e+14 2.9655e+14
4090.6556 2.9672e+14 2.9656e+14
4090.6672 2.9672e+14 2.9656e+14
4090.6787 2.9672e+14 2.9656e+14
4090.6903 2.9672e+14 2.9656e+14
4090.7019 2.9672e+14 2.9656e+14
4090.7135 2.9672e+14 2.9656e+14
4090.7250 2.9672e+14 2.9656e+14
4090.7366 2.9672e+14 2.9656e+14
4090.7482 2.9673e+14 2.9656e+14
4090.7597 2.9673e+14 2.9656e+14
4090.7713 2.9673e+14 2.9656e+14
4090.7829 2.9673e+14 2.9656e+14
4090.7945 2.9673e+14 2.9656e+14
4090.8060 2.9673e+14 2.9656e+14
4090.8176 2.9673e+14 2.9656e+14
4090.8292 2.9673e+14 2.9657e+14
4090.8407 2.9673e+14 2.9657e+14
4090.8523 2.9673e+14 2.9657e+14
4090.8639 2.9673e+14 2.9657e+14
4090.8755 2.9673e+14 2.9657e+14
4090.8870 2.9673e+14 2.9657e+14
4090.8986 2.9673e+14 2.9657e+14
4090.9102 2.9674e+14 2.9657e+14
4090.9217 2.9674e+14 2.9657e+14
4090.9333 2.9674e+14 2.9657e+14
4090.9449 2.9674e+14 2.9657e+14
4090.9564 2.9674e+14 2.9657e+14
4090.9680 2.9674e+14 2.9657e+14
4090.9796 2.9674e+14 2.9657e+14
4090.9912 2.9674e+14 2.9657e+14
4091.0027 2.9674e+14 2.9657e+14
4091.0143 2.9674e+14 2.9658e+14
4091.0259 2.9674e+14 2.9658e+14
4091.0374 2.9674e+14 2.9658e+14
4091.0490 2.9674e+14 2.9658e+14
4091.0606 2.9675e+14 2.9658e+14
4091.0722 2.9675e+14 2.9658e+14
4091.0837 2.9675e+14 2.9658e+14
4091.0953 2.9675e+14 2.9658e+14
4091.1069 2.9675e+14 2.9658e+14
4091.1184 2.9675e+14 2.9658e+14
4091.1300 2.9675e+14 2.9658e+14
4091.1416 2.9675e+14 2.9658e+14
4091.1532 2.9675e+14 2.9658e+14
4091.1647 2.9675e+14 2.9658e+14
4091.1763 2.9675e+14 2.9658e+14
4091.1879 2.9675e+14 2.9659e+14
4091.1994 2.9675e+14 2.9659e+14
4091.2110 2.9675e+14 2.9659e+14
4091.2226 2.9676e+14 2.9659e+14
4091.2341 2.9676e+14 2.9659e+14
4091.2457 2.9676e+14 2.9659e+14
4091.2573 2.9676e+14 2.9659e+14
4091.2689 2.9676e+14 2.9659e+14
4091.2804 2.9676e+14 2.9659e+14
4091.2920 2.9676e+14 2.9659e+14
4091.3036 2.9676e+14 2.9659e+14
4091.3151 2.9676e+14 2.9659e+14
4091.3267 2.9676e+14 2.9659e+14
4091.3383 2.9676e+14 2.9659e+14
4091.3499 2.9676e+14 2.9659e+14
4091.3614 2.9676e+14 2.9659e+14
4091.3730 2.9676e+14 2.9660e+14
4091.3846 2.9677e+14 2.9660e+14
4091.3961 2.9677e+14 2.9660e+14
4091.4077 2.9677e+14 2.9660e+14
4091.4193 2.9677e+14 2.9660e+14
4091.4309 2.9677e+14 2.9660e+14
4091.4424 2.9677e+14 2.9660e+14
4091.4540 2.9677e+14 2.9660e+14
4091.4656 2.9677e+14 2.9660e+14
4091.4771 2.9677e+14 2.9660e+14
4091.4887 2.9677e+14 2.9660e+14
4091.5003 2.9677e+14 2.9660e+14
4091.5118 2.9677e+14 2.9660e+14
4091.5234 2.9677e+14 2.9660e+14
4091.5350 2.9678e+14 2.9660e+14
4091.5466 2.9678e+14 2.9661e+14
4091.5581 2.9678e+14 2.9661e+14
4091.5697 2.9678e+14 2.9661e+14
4091.5813 2.9678e+14 2.9661e+14
4091.5928 2.9678e+14 2.9661e+14
4091.6044 2.9678e+14 2.9661e+14
4091.6160 2.9678e+14 2.9661e+14
4091.6276 2.9678e+14 2.9661e+14
4091.6391 2.9678e+14 2.9661e+14
4091.6507 2.9678e+14 2.9661e+14
4091.6623 2.9678e+14 2.9661e+14
4091.6738 2.9678e+14 2.9661e+14
4091.6854 2.9678e+14 2.9661e+14
4091.6970 2.9679e+14 2.9661e+14
4091.7086 2.9679e+14 2.9661e+14
4091.7201 2.9679e+14 2.9661e+14
4091.7317 2.9679e+14 2.9662e+14
4091.7433 2.9679e+14 2.9662e+14
4091.7548 2.9679e+14 2.9662e+14
4091.7664 2.9679e+14 2.9662e+14
4091.7780 2.9679e+14 2.9662e+14
4091.7895 2.9679e+14 2.9662e+14
4091.8011 2.9679e+14 2.9662e+14
4091.8127 2.9679e+14 2.9662e+14
4091.8243 2.9679e+14 2.9662e+14
4091.8358 2.9679e+14 2.9662e+14
4091.8474 2.9680e+14 2.9662e+14
4091.8590 2.9680e+14 2.9662e+14
4091.8705 2.9680e+14 2.9662e+14
4091.8821 2.9680e+14 2.9662e+14
4091.8937 2.9680e+14 2.9662e+14
4091.9053 2.9680e+14 2.9663e+14
4091.9168 2.9680e+14 2.9663e+14
4091.9284 2.9680e+14 2.9663e+14
4091.9400 2.9680e+14 2.9663e+14
4091.9515 2.9680e+14 2.9663e+14
4091.9631 2.9680e+14 2.9663e+14
4091.9747 2.9680e+14 2.9663e+14
4091.9863 2.9680e+14 2.9663e+14
4091.9978 2.9680e+14 2.9663e+14
4092.0094 2.9681e+14 2.9663e+14
4092.0210 2.9681e+14 2.9663e+14
4092.0325 2.9681e+14 2.9663e+14
4092.0441 2.9681e+14 2.9663e+14
4092.0557 2.9681e+14 2.9663e+14
4092.0673 2.9681e+14 2.9663e+14
4092.0788 2.9681e+14 2.9664e+14
4092.0904 2.9681e+14 2.9664e+14
4092.1020 2.9681e+14 2.9664e+14
4092.1135 2.9681e+14 2.9664e+14
4092.1251 2.9681e+14 2.9664e+14
4092.1367 2.9681e+14 2.9664e+14
4092.1482 2.9681e+14 2.9664e+14
4092.1598 2.9682e+14 2.9664e+14
4092.1714 2.9682e+14 2.9664e+14
4092.1830 2.9682e+14 2.9664e+14
4092.1945 2.9682e+14 2.9664e+14
4092.2061 2.9682e+14 2.9664e+14
4092.2177 2.9682e+14 2.9664e+14
4092.2292 2.9682e+14 2.9664e+14
4092.2408 2.9682e+14 2.9664e+14
4092.2524 2.9682e+14 2.9664e+14
4092.2640 2.9682e+14 2.9665e+14
4092.2755 2.9682e+14 2.9665e+14
4092.2871 2.9682e+14 2.9665e+14
4092.2987 2.9682e+14 2.9665e+14
4092.3102 2.9682e+14 2.9665e+14
4092.3218 2.9683e+14 2.9665e+14
4092.3334 2.9683e+14 2.9665e+14
4092.3450 2.9683e+14 2.9665e+14
4092.3565 2.9683e+14 2.9665e+14
4092.3681 2.9683e+14 2.9665e+14
4092.3797 2.9683e+14 2.9665e+14
4092.3912 2.9683e+14 2.9665e+14
4092.4028 2.9683e+14 2.9665e+14
4092.4144 2.9683e+14 2.9665e+14
4092.4259 2.9683e+14 2.9665e+14
4092.4375 2.9683e+14 2.9666e+14
4092.4491 2.9683e+14 2.9666e+14
4092.4607 2.9683e+14 2.9666e+14
4092.4722 2.9683e+14 2.9666e+14
4092.4838 2.9684e+14 2.9666e+14
4092.4954 2.9684e+14 2.9666e+14
4092.5069 2.9684e+14 2.9666e+14
4092.5185 2.9684e+14 2.9666e+14
4092.5301 2.9684e+14 2.9666e+14
4092.5417 2.9684e+14 2.9666e+14
4092.5532 2.9684e+14 2.9666e+14
4092.5648 2.9684e+14 2.9666e+14
4092.5764 2.9684e+14 2.9666e+14
4092.5879 2.9684e+14 2.9666e+14
4092.5995 2.9684e+14 2.9666e+14
4092.6111 2.9684e+14 2.9666e+14
4092.6227 2.9684e+14 2.9667e+14
4092.6342 2.9685e+14 2.9667e+14
4092.6458 2.9685e+14 2.9667e+14
4092.6574 2.9685e+14 2.9667e+14
4092.6689 2.9685e+14 2.9667e+14
4092.6805 2.9685e+14 2.9667e+14
4092.6921 2.9685e+14 2.9667e+14
4092.7036 2.9685e+14 2.9667e+14
4092.7152 2.9685e+14 2.9667e+14
4092.7268 2.9685e+14 2.9667e+14
4092.7384 2.9685e+14 2.9667e+14
4092.7499 2.9685e+14 2.9667e+14
4092.7615 2.9685e+14 2.9667e+14
4092.7731 2.9685e+14 2.9667e+14
4092.7846 2.9685e+14 2.9667e+14
4092.7962 2.9686e+14 2.9668e+14
4092.8078 2.9686e+14 2.9668e+14
4092.8194 2.9686e+14 2.9668e+14
4092.8309 2.9686e+14 2.9668e+14
4092.8425 2.9686e+14 2.9668e+14
4092.8541 2.9686e+14 2.9668e+14
4092.8656 2.9686e+14 2.9668e+14
4092.8772 2.9686e+14 2.9668e+14
4092.8888 2.9686e+14 2.9668e+14
4092.9004 2.9686e+14 2.9668e+14
4092.9119 2.9686e+14 2.9668e+14
4092.9235 2.9686e+14 2.9668e+14
4092.9351 2.9686e+14 2.9668e+14
4092.9466 2.9687e+14 2.9668e+14
4092.9582 2.9687e+14 2.9668e+14
4092.9698 2.9687e+14 2.9668e+14
4092.9813 2.9687e+14 2.9669e+14
4092.9929 2.9687e+14 2.9669e+14
4093.0045 2.9687e+14 2.9669e+14
4093.0161 2.9687e+14 2.9669e+14
4093.0276 2.9687e+14 2.9669e+14
4093.0392 2.9687e+14 2.9669e+14
4093.0508 2.9687e+14 2.9669e+14
4093.0623 2.9687e+14 2.9669e+14
4093.0739 2.9687e+14 2.9669e+14
4093.0855 2.9687e+14 2.9669e+14
4093.0971 2.9687e+14 2.9669e+14
4093.1086 2.9688e+14 2.9669e+14
4093.1202 2.9688e+14 2.9669e+14
4093.1318 2.9688e+14 2.9669e+14
4093.1433 2.9688e+14 2.9669e+14
4093.1549 2.9688e+14 2.9670e+14
4093.1665 2.9688e+14 2.9670e+14
4093.1781 2.9688e+14 2.9670e+14
4093.1896 2.9688e+14 2.9670e+14
4093.2012 2.9688e+14 2.9670e+14
4093.2128 2.9688e+14 2.9670e+14
4093.2243 2.9688e+14 2.9670e+14
4093.2359 2.9688e+14 2.9670e+14
4093.2475 2.9688e+14 2.9670e+14
4093.2590 2.9688e+14 2.9670e+14
4093.2706 2.9689e+14 2.9670e+14
4093.2822 2.9689e+14 2.9670e+14
4093.2938 2.9689e+14 2.9670e+14
4093.3053 2.9689e+14 2.9670e+14
4093.3169 2.9689e+14 2.9670e+14
4093.3285 2.9689e+14 2.9670e+14
4093.3400 2.9689e+14 2.9671e+14
4093.3516 2.9689e+14 2.9671e+14
4093.3632 2.9689e+14 2.9671e+14
4093.3748 2.9689e+14 2.9671e+14
4093.3863 2.9689e+14 2.9671e+14
4093.3979 2.9689e+14 2.9671e+14
4093.4095 2.9689e+14 2.9671e+14
4093.4210 2.9690e+14 2.9671e+14
4093.4326 2.9690e+14 2.9671e+14
4093.4442 2.9690e+14 2.9671e+14
4093.4558 2.9690e+14 2.9671e+14
4093.4673 2.9690e+14 2.9671e+14
4093.4789 2.9690e+14 2.9671e+14
4093.4905 2.9690e+14 2.9671e+14
4093.5020 2.9690e+14 2.9671e+14
4093.5136 2.9690e+14 2.9672e+14
4093.5252 2.9690e+14 2.9672e+14
4093.5368 2.9690e+14 2.9672e+14
4093.5483 2.9690e+14 2.9672e+14
4093.5599 2.9690e+14 2.9672e+14
4093.5715 2.9690e+14 2.9672e+14
4093.5830 2.9691e+14 2.9672e+14
4093.5946 2.9691e+14 2.9672e+14
4093.6062 2.9691e+14 2.9672e+14
4093.6177 2.9691e+14 2.9672e+14
4093.6293 2.9691e+14 2.9672e+14
4093.6409 2.9691e+14 2.9672e+14
4093.6525 2.9691e+14 2.9672e+14
4093.6640 2.9691e+14 2.9672e+14
4093.6756 2.9691e+14 2.9672e+14
4093.6872 2.9691e+14 2.9673e+14
4093.6987 2.9691e+14 2.9673e+14
4093.7103 2.9691e+14 2.9673e+14
4093.7219 2.9691e+14 2.9673e+14
4093.7335 2.9691e+14 2.9673e+14
4093.7450 2.9692e+14 2.9673e+14
4093.7566 2.9692e+14 2.9673e+14
4093.7682 2.9692e+14 2.9673e+14
4093.7797 2.9692e+14 2.9673e+14
4093.7913 2.9692e+14 2.9673e+14
4093.8029 2.9692e+14 2.9673e+14
4093.8145 2.9692e+14 2.9673e+14
4093.8260 2.9692e+14 2.9673e+14
4093.8376 2.9692e+14 2.9673e+14
4093.8492 2.9692e+14 2.9673e+14
4093.8607 2.9692e+14 2.9673e+14
4093.8723 2.9692e+14 2.9674e+14
4093.8839 2.9692e+14 2.9674e+14
4093.8954 2.9693e+14 2.9674e+14
4093.9070 2.9693e+14 2.9674e+14
4093.9186 2.9693e+14 2.9674e+14
4093.9302 2.9693e+14 2.9674e+14
4093.9417 2.9693e+14 2.9674e+14
4093.9533 2.9693e+14 2.9674e+14
4093.9649 2.9693e+14 2.9674e+14
4093.9764 2.9693e+14 2.9674e+14
4093.9880 2.9693e+14 2.9674e+14
4093.9996 2.9693e+14 2.9674e+14
4094.0112 2.9693e+14 2.9674e+14
4094.0227 2.9693e+14 2.9674e+14
4094.0343 2.9693e+14 2.9674e+14
4094.0459 2.9693e+14 2.9675e+14
4094.0574 2.9694e+14 2.9675e+14
4094.0690 2.9694e+14 2.9675e+14
4094.0806 2.9694e+14 2.9675e+14
4094.0922 2.9694e+14 2.9675e+14
4094.1037 2.9694e+14 2.9675e+14
4094.1153 2.9694e+14 2.9675e+14
4094.1269 2.9694e+14 2.9675e+14
4094.1384 2.9694e+14 2.9675e+14
4094.1500 2.9694e+14 2.9675e+14
4094.1616 2.9694e+14 2.9675e+14
4094.1731 2.9694e+14 2.9675e+14
4094.1847 2.9694e+14 2.9675e+14
4094.1963 2.9694e+14 2.9675e+14
4094.2079 2.9695e+14 2.9675e+14
4094.2194 2.9695e+14 2.9675e+14
4094.2310 2.9695e+14 2.9676e+14
4094.2426 2.9695e+14 2.9676e+14
4094.2541 2.9695e+14 2.9676e+14
4094.2657 2.9695e+14 2.9676e+14
4094.2773 2.9695e+14 2.9676e+14
4094.2889 2.9695e+14 2.9676e+14
4094.3004 2.9695e+14 2.9676e+14
4094.3120 2.9695e+14 2.9676e+14
4094.3236 2.9695e+14 2.9676e+14
4094.3351 2.9695e+14 2.9676e+14
4094.3467 2.9695e+14 2.9676e+14
4094.3583 2.9695e+14 2.9676e+14
4094.3699 2.9696e+14 2.9676e+14
4094.3814 2.9696e+14 2.9676e+14
4094.3930 2.9696e+14 2.9676e+14
4094.4046 2.9696e+14 2.9677e+14
4094.4161 2.9696e+14 2.9677e+14
4094.4277 2.9696e+14 2.9677e+14
4094.4393 2.9696e+14 2.9677e+14
4094.4508 2.9696e+14 2.9677e+14
4094.4624 2.9696e+14 2.9677e+14
4094.4740 2.9696e+14 2.9677e+14
4094.4856 2.9696e+14 2.9677e+14
4094.4971 2.9696e+14 2.9677e+14
4094.5087 2.9696e+14 2.9677e+14
4094.5203 2.9696e+14 2.9677e+14
4094.5318 2.9697e+14 2.9677e+14
4094.5434 2.9697e+14 2.9677e+14
4094.5550 2.9697e+14 2.9677e+14
4094.5666 2.9697e+14 2.9677e+14
4094.5781 2.9697e+14 2.9678e+14
4094.5897 2.9697e+14 2.9678e+14
4094.6013 2.9697e+14 2.9678e+14
4094.6128 2.9697e+14 2.9678e+14
4094.6244 2.9697e+14 2.9678e+14
4094.6360 2.9697e+14 2.9678e+14
4094.6476 2.9697e+14 2.9678e+14
4094.6591 2.9697e+14 2.9678e+14
4094.6707 2.9697e+14 2.9678e+14
4094.6823 2.9698e+14 2.9678e+14
4094.6938 2.9698e+14 2.9678e+14
4094.7054 2.9698e+14 2.9678e+14
4094.7170 2.9698e+14 2.9678e+14
4094.7286 2.9698e+14 2.9678e+14
4094.7401 2.9698e+14 2.9678e+14
4094.7517 2.9698e+14 2.9678e+14
4094.7633 2.9698e+14 2.9679e+14
4094.7748 2.9698e+14 2.9679e+14
4094.7864 2.9698e+14 2.9679e+14
4094.7980 2.9698e+14 2.9679e+14
4094.8095 2.9698e+14 2.9679e+14
4094.8211 2.9698e+14 2.9679e+14
4094.8327 2.9698e+14 2.9679e+14
4094.8443 2.9699e+14 2.9679e+14
4094.8558 2.9699e+14 2.9679e+14
4094.8674 2.9699e+14 2.9679e+14
4094.8790 2.9699e+14 2.9679e+14
4094.8905 2.9699e+14 2.9679e+14
4094.9021 2.9699e+14 2.9679e+14
4094.9137 2.9699e+14 2.9679e+14
4094.9253 2.9699e+14 2.9679e+14
4094.9368 2.9699e+14 2.9680e+14
4094.9484 2.9699e+14 2.9680e+14
4094.9600 2.9699e+14 2.9680e+14
4094.9715 2.9699e+14 2.9680e+14
4094.9831 2.9699e+14 2.9680e+14
4094.9947 2.9699e+14 2.9680e+14
4095.0063 2.9700e+14 2.9680e+14
4095.0178 2.9700e+14 2.9680e+14
4095.0294 2.9700e+14 2.9680e+14
4095.0410 2.9700e+14 2.9680e+14
4095.0525 2.9700e+14 2.9680e+14
4095.0641 2.9700e+14 2.9680e+14
4095.0757 2.9700e+14 2.9680e+14
4095.0872 2.9700e+14 2.9680e+14
4095.0988 2.9700e+14 2.9680e+14
4095.1104 2.9700e+14 2.9681e+14
4095.1220 2.9700e+14 2.9681e+14
4095.1335 2.9700e+14 2.9681e+14
4095.1451 2.9700e+14 2.9681e+14
4095.1567 2.9701e+14 2.9681e+14
4095.1682 2.9701e+14 2.9681e+14
4095.1798 2.9701e+14 2.9681e+14
4095.1914 2.9701e+14 2.9681e+14
4095.2030 2.9701e+14 2.9681e+14
4095.2145 2.9701e+14 2.9681e+14
4095.2261 2.9701e+14 2.9681e+14
4095.2377 2.9701e+14 2.9681e+14
4095.2492 2.9701e+14 2.9681e+14
4095.2608 2.9701e+14 2.9681e+14
4095.2724 2.9701e+14 2.9681e+14
4095.2840 2.9701e+14 2.9682e+14
4095.2955 2.9701e+14 2.9682e+14
4095.3071 2.9701e+14 2.9682e+14
4095.3187 2.9702e+14 2.9682e+14
4095.3302 2.9702e+14 2.9682e+14
4095.3418 2.9702e+14 2.9682e+14
4095.3534 2.9702e+14 2.9682e+14
4095.3649 2.9702e+14 2.9682e+14
4095.3765 2.9702e+14 2.9682e+14
4095.3881 2.9702e+14 2.9682e+14
4095.3997 2.9702e+14 2.9682e+14
4095.4112 2.9702e+14 2.9682e+14
4095.4228 2.9702e+14 2.9682e+14
4095.4344 2.9702e+14 2.9682e+14
4095.4459 2.9702e+14 2.9682e+14
4095.4575 2.9702e+14 2.9682e+14
4095.4691 2.9702e+14 2.9683e+14
4095.4807 2.9703e+14 2.9683e+14
4095.4922 2.9703e+14 2.9683e+14
4095.5038 2.9703e+14 2.9683e+14
4095.5154 2.9703e+14 2.9683e+14
4095.5269 2.9703e+14 2.9683e+14
4095.5385 2.9703e+14 2.9683e+14
4095.5501 2.9703e+14 2.9683e+14
4095.5617 2.9703e+14 2.9683e+14
4095.5732 2.9703e+14 2.9683e+14
4095.5848 2.9703e+14 2.9683e+14
4095.5964 2.9703e+14 2.9683e+14
4095.6079 2.9703e+14 2.9683e+14
4095.6195 2.9703e+14 2.9683e+14
4095.6311 2.9704e+14 2.9683e+14
4095.6426 2.9704e+14 2.9684e+14
4095.6542 2.9704e+14 2.9684e+14
4095.6658 2.9704e+14 2.9684e+14
4095.6774 2.9704e+14 2.9684e+14
4095.6889 2.9704e+14 2.9684e+14
4095.7005 2.9704e+14 2.9684e+14
4095.7121 2.9704e+14 2.9684e+14
4095.7236 2.9704e+14 2.9684e+14
4095.7352 2.9704e+14 2.9684e+14
4095.7468 2.9704e+14 2.9684e+14
4095.7584 2.9704e+14 2.9684e+14
4095.7699 2.9704e+14 2.9684e+14
4095.7815 2.9704e+14 2.9684e+14
4095.7931 2.9705e+14 2.9684e+14
4095.8046 2.9705e+14 2.9684e+14
4095.8162 2.9705e+14 2.9685e+14
4095.8278 2.9705e+14 2.9685e+14
4095.8394 2.9705e+14 2.9685e+14
4095.8509 2.9705e+14 2.9685e+14
4095.8625 2.9705e+14 2.9685e+14
4095.8741 2.9705e+14 2.9685e+14
4095.8856 2.9705e+14 2.9685e+14
4095.8972 2.9705e+14 2.9685e+14
4095.9088 2.9705e+14 2.9685e+14
4095.9204 2.9705e+14 2.9685e+14
4095.9319 2.9705e+14 2.9685e+14
4095.9435 2.9705e+14 2.9685e+14
4095.9551 2.9706e+14 2.9685e+14
4095.9666 2.9706e+14 2.9685e+14
4095.9782 2.9706e+14 2.9685e+14
4095.9898 2.9706e+14 2.9686e+14
4096.0013 2.9706e+14 2.9686e+14
4096.0129 2.9706e+14 2.9686e+14
4096.0245 2.9706e+14 2.9686e+14
4096.0361 2.9706e+14 2.9686e+14
4096.0476 2.9706e+14 2.9686e+14
4096.0592 2.9706e+14 2.9686e+14
4096.0708 2.9706e+14 2.9686e+14
4096.0823 2.9706e+14 2.9686e+14
4096.0939 2.9706e+14 2.9686e+14
4096.1055 2.9707e+14 2.9686e+14
4096.1171 2.9707e+14 2.9686e+14
4096.1286 2.9707e+14 2.9686e+14
4096.1402 2.9707e+14 2.9686e+14
4096.1518 2.9707e+14 2.9686e+14
4096.1633 2.9707e+14 2.9687e+14
4096.1749 2.9707e+14 2.9687e+14
4096.1865 2.9707e+14 2.9687e+14
4096.1981 2.9707e+14 2.9687e+14
4096.2096 2.9707e+14 2.9687e+14
4096.2212 2.9707e+14 2.9687e+14
4096.2328 2.9707e+14 2.9687e+14
4096.2443 2.9707e+14 2.9687e+14
4096.2559 2.9707e+14 2.9687e+14
4096.2675 2.9708e+14 2.9687e+14
4096.2790 2.9708e+14 2.9687e+14
4096.2906 2.9708e+14 2.9687e+14
4096.3022 2.9708e+14 2.9687e+14
4096.3138 2.9708e+14 2.9687e+14
4096.3253 2.9708e+14 2.9687e+14
4096.3369 2.9708e+14 2.9687e+14
4096.3485 2.9708e+14 2.9688e+14
4096.3600 2.9708e+14 2.9688e+14
4096.3716 2.9708e+14 2.9688e+14
4096.3832 2.9708e+14 2.9688e+14
4096.3948 2.9708e+14 2.9688e+14
4096.4063 2.9708e+14 2.9688e+14
4096.4179 2.9708e+14 2.9688e+14
4096.4295 2.9709e+14 2.9688e+14
4096.4410 2.9709e+14 2.9688e+14
4096.4526 2.9709e+14 2.9688e+14
4096.4642 2.9709e+14 2.9688e+14
4096.4758 2.9709e+14 2.9688e+14
4096.4873 2.9709e+14 2.9688e+14
4096.4989 2.9709e+14 2.9688e+14
4096.5105 2.9709e+14 2.9688e+14
4096.5220 2.9709e+14 2.9689e+14
4096.5336 2.9709e+14 2.9689e+14
4096.5452 2.9709e+14 2.9689e+14
4096.5567 2.9709e+14 2.9689e+14
4096.5683 2.9709e+14 2.9689e+14
4096.5799 2.9710e+14 2.9689e+14
4096.5915 2.9710e+14 2.9689e+14
4096.6030 2.9710e+14 2.9689e+14
4096.6146 2.9710e+14 2.9689e+14
4096.6262 2.9710e+14 2.9689e+14
4096.6377 2.9710e+14 2.9689e+14
4096.6493 2.9710e+14 2.9689e+14
4096.6609 2.9710e+14 2.9689e+14
4096.6725 2.9710e+14 2.9689e+14
4096.6840 2.9710e+14 2.9689e+14
4096.6956 2.9710e+14 2.9690e+14
4096.7072 2.9710e+14 2.9690e+14
4096.7187 2.9710e+14 2.9690e+14
4096.7303 2.9710e+14 2.9690e+14
4096.7419 2.9711e+14 2.9690e+14
4096.7535 2.9711e+14 2.9690e+14
4096.7650 2.9711e+14 2.9690e+14
4096.7766 2.9711e+14 2.9690e+14
4096.7882 2.9711e+14 2.9690e+14
4096.7997 2.9711e+14 2.9690e+14
4096.8113 2.9711e+14 2.9690e+14
4096.8229 2.9711e+14 2.9690e+14
4096.8344 2.9711e+14 2.9690e+14
4096.8460 2.9711e+14 2.9690e+14
4096.8576 2.9711e+14 2.9690e+14
4096.8692 2.9711e+14 2.9691e+14
4096.8807 2.9711e+14 2.9691e+14
4096.8923 2.9711e+14 2.9691e+14
4096.9039 2.9712e+14 2.9691e+14
4096.9154 2.9712e+14 2.9691e+14
4096.9270 2.9712e+14 2.9691e+14
4096.9386 2.9712e+14 2.9691e+14
4096.9502 2.9712e+14 2.9691e+14
4096.9617 2.9712e+14 2.9691e+14
4096.9733 2.9712e+14 2.9691e+14
4096.9849 2.9712e+14 2.9691e+14
4096.9964 2.9712e+14 2.9691e+14
4097.0080 2.9712e+14 2.9691e+14
4097.0196 2.9712e+14 2.9691e+14
4097.0312 2.9712e+14 2.9691e+14
4097.0427 2.9712e+14 2.9692e+14
4097.0543 2.9713e+14 2.9692e+14
4097.0659 2.9713e+14 2.9692e+14
4097.0774 2.9713e+14 2.9692e+14
4097.0890 2.9713e+14 2.9692e+14
4097.1006 2.9713e+14 2.9692e+14
4097.1121 2.9713e+14 2.9692e+14
4097.1237 2.9713e+14 2.9692e+14
4097.1353 2.9713e+14 2.9692e+14
4097.1469 2.9713e+14 2.9692e+14
4097.1584 2.9713e+14 2.9692e+14
4097.1700 2.9713e+14 2.9692e+14
4097.1816 2.9713e+14 2.9692e+14
4097.1931 2.9713e+14 2.9692e+14
4097.2047 2.9713e+14 2.9692e+14
4097.2163 2.9714e+14 2.9693e+14
4097.2279 2.9714e+14 2.9693e+14
4097.2394 2.9714e+14 2.9693e+14
4097.2510 2.9714e+14 2.9693e+14
4097.2626 2.9714e+14 2.9693e+14
4097.2741 2.9714e+14 2.9693e+14
4097.2857 2.9714e+14 2.9693e+14
4097.2973 2.9714e+14 2.9693e+14
4097.3089 2.9714e+14 2.9693e+14
4097.3204 2.9714e+14 2.9693e+14
4097.3320 2.9714e+14 2.9693e+14
4097.3436 2.9714e+14 2.9693e+14
4097.3551 2.9714e+14 2.9693e+14
4097.3667 2.9714e+14 2.9693e+14
4097.3783 2.9715e+14 2.9694e+14
4097.3899 2.9715e+14 2.9694e+14
4097.4014 2.9715e+14 2.9694e+14
4097.4130 2.9715e+14 2.9694e+14
4097.4246 2.9715e+14 2.9694e+14
4097.4361 2.9715e+14 2.9694e+14
4097.4477 2.9715e+14 2.9694e+14
4097.4593 2.9715e+14 2.9694e+14
4097.4708 2.9715e+14 2.9694e+14
4097.4824 2.9715e+14 2.9694e+14
4097.4940 2.9715e+14 2.9694e+14
4097.5056 2.9715e+14 2.9694e+14
4097.5171 2.9715e+14 2.9694e+14
4097.5287 2.9715e+14 2.9694e+14
4097.5403 2.9716e+14 2.9694e+14
4097.5518 2.9716e+14 2.9695e+14
4097.5634 2.9716e+14 2.9695e+14
4097.5750 2.9716e+14 2.9695e+14
4097.5866 2.9716e+14 2.9695e+14
4097.5981 2.9716e+14 2.9695e+14
4097.6097 2.9716e+14 2.9695e+14
4097.6213 2.9716e+14 2.9695e+14
4097.6328 2.9716e+14 2.9695e+14
4097.6444 2.9716e+14 2.9695e+14
4097.6560 2.9716e+14 2.9695e+14
4097.6676 2.9716e+14 2.9695e+14
4097.6791 2.9716e+14 2.9695e+14
4097.6907 2.9717e+14 2.9695e+14
4097.7023 2.9717e+14 2.9695e+14
4097.7138 2.9717e+14 2.9695e+14
4097.7254 2.9717e+14 2.9696e+14
4097.7370 2.9717e+14 2.9696e+14
4097.7485 2.9717e+14 2.9696e+14
4097.7601 2.9717e+14 2.9696e+14
4097.7717 2.9717e+14 2.9696e+14
4097.7833 2.9717e+14 2.9696e+14
4097.7948 2.9717e+14 2.9696e+14
4097.8064 2.9717e+14 2.9696e+14
4097.8180 2.9717e+14 2.9696e+14
4097.8295 2.9717e+14 2.9696e+14
4097.8411 2.9717e+14 2.9696e+14
4097.8527 2.9718e+14 2.9696e+14
4097.8643 2.9718e+14 2.9696e+14
4097.8758 2.9718e+14 2.9696e+14
4097.8874 2.9718e+14 2.9696e+14
4097.8990 2.9718e+14 2.9697e+14
4097.9105 2.9718e+14 2.9697e+14
4097.9221 2.9718e+14 2.9697e+14
4097.9337 2.9718e+14 2.9697e+14
4097.9453 2.9718e+14 2.9697e+14
4097.9568 2.9718e+14 2.9697e+14
4097.9684 2.9718e+14 2.9697e+14
4097.9800 2.9718e+14 2.9697e+14
4097.9915 2.9718e+14 2.9697e+14
4098.0031 2.9718e+14 2.9697e+14
4098.0147 2.9719e+14 2.9697e+14
4098.0262 2.9719e+14 2.9697e+14
4098.0378 2.9719e+14 2.9697e+14
4098.0494 2.9719e+14 2.9697e+14
4098.0610 2.9719e+14 2.9697e+14
4098.0725 2.9719e+14 2.9698e+14
4098.0841 2.9719e+14 2.9698e+14
4098.0957 2.9719e+14 2.9698e+14
4098.1072 2.9719e+14 2.9698e+14
4098.1188 2.9719e+14 2.9698e+14
4098.1304 2.9719e+14 2.9698e+14
4098.1420 2.9719e+14 2.9698e+14
4098.1535 2.9719e+14 2.9698e+14
4098.1651 2.9720e+14 2.9698e+14
4098.1767 2.9720e+14 2.9698e+14
4098.1882 2.9720e+14 2.9698e+14
4098.1998 2.9720e+14 2.9698e+14
4098.2114 2.9720e+14 2.9698e+14
4098.2230 2.9720e+14 2.9698e+14
4098.2345 2.9720e+14 2.9698e+14
4098.2461 2.9720e+14 2.9699e+14
4098.2577 2.9720e+14 2.9699e+14
4098.2692 2.9720e+14 2.9699e+14
4098.2808 2.9720e+14 2.9699e+14
4098.2924 2.9720e+14 2.9699e+14
4098.3039 2.9720e+14 2.9699e+14
4098.3155 2.9720e+14 2.9699e+14
4098.3271 2.9721e+14 2.9699e+14
4098.3387 2.9721e+14 2.9699e+14
4098.3502 2.9721e+14 2.9699e+14
4098.3618 2.9721e+14 2.9699e+14
4098.3734 2.9721e+14 2.9699e+14
4098.3849 2.9721e+14 2.9699e+14
4098.3965 2.9721e+14 2.9699e+14
4098.4081 2.9721e+14 2.9700e+14
4098.4197 2.9721e+14 2.9700e+14
4098.4312 2.9721e+14 2.9700e+14
4098.4428 2.9721e+14 2.9700e+14
4098.4544 2.9721e+14 2.9700e+14
4098.4659 2.9721e+14 2.9700e+14
4098.4775 2.9721e+14 2.9700e+14
4098.4891 2.9722e+14 2.9700e+14
4098.5007 2.9722e+14 2.9700e+14
4098.5122 2.9722e+14 2.9700e+14
4098.5238 2.9722e+14 2.9700e+14
4098.5354 2.9722e+14 2.9700e+14
4098.5469 2.9722e+14 2.9700e+14
4098.5585 2.9722e+14 2.9700e+14
4098.5701 2.9722e+14 2.9700e+14
4098.5817 2.9722e+14 2.9701e+14
4098.5932 2.9722e+14 2.9701e+14
4098.6048 2.9722e+14 2.9701e+14
4098.6164 2.9722e+14 2.9701e+14
4098.6279 2.9722e+14 2.9701e+14
4098.6395 2.9722e+14 2.9701e+14
4098.6511 2.9723e+14 2.9701e+14
4098.6626 2.9723e+14 2.9701e+14
4098.6742 2.9723e+14 2.9701e+14
4098.6858 2.9723e+14 2.9701e+14
4098.6974 2.9723e+14 2.9701e+14
4098.7089 2.9723e+14 2.9701e+14
4098.7205 2.9723e+14 2.9701e+14
4098.7321 2.9723e+14 2.9701e+14
4098.7436 2.9723e+14 2.9702e+14
4098.7552 2.9723e+14 2.9702e+14
4098.7668 2.9723e+14 2.9702e+14
4098.7784 2.9723e+14 2.9702e+14
4098.7899 2.9723e+14 2.9702e+14
4098.8015 2.9724e+14 2.9702e+14
4098.8131 2.9724e+14 2.9702e+14
4098.8246 2.9724e+14 2.9702e+14
4098.8362 2.9724e+14 2.9702e+14
4098.8478 2.9724e+14 2.9702e+14
4098.8594 2.9724e+14 2.9702e+14
4098.8709 2.9724e+14 2.9702e+14
4098.8825 2.9724e+14 2.9702e+14
4098.8941 2.9724e+14 2.9702e+14
4098.9056 2.9724e+14 2.9702e+14
4098.9172 2.9724e+14 2.9703e+14
4098.9288 2.9724e+14 2.9703e+14
4098.9403 2.9724e+14 2.9703e+14
4098.9519 2.9724e+14 2.9703e+14
4098.9635 2.9725e+14 2.9703e+14
4098.9751 2.9725e+14 2.9703e+14
4098.9866 2.9725e+14 2.9703e+14
4098.9982 2.9725e+14 2.9703e+14
4099.0098 2.9725e+14 2.9703e+14
4099.0213 2.9725e+14 2.9703e+14
4099.0329 2.9725e+14 2.9703e+14
4099.0445 2.9725e+14 2.9703e+14
4099.0561 2.9725e+14 2.9703e+14
4099.0676 2.9725e+14 2.9703e+14
4099.0792 2.9725e+14 2.9703e+14
4099.0908 2.9725e+14 2.9704e+14
4099.1023 2.9725e+14 2.9704e+14
4099.1139 2.9725e+14 2.9704e+14
4099.1255 2.9726e+14 2.9704e+14
4099.1371 2.9726e+14 2.9704e+14
4099.1486 2.9726e+14 2.9704e+14
4099.1602 2.9726e+14 2.9704e+14
4099.1718 2.9726e+14 2.9704e+14
4099.1833 2.9726e+14 2.9704e+14
4099.1949 2.9726e+14 2.9704e+14
4099.2065 2.9726e+14 2.9704e+14
4099.2180 2.9726e+14 2.9704e+14
4099.2296 2.9726e+14 2.9704e+14
4099.2412 2.9726e+14 2.9704e+14
4099.2528 2.9726e+14 2.9705e+14
4099.2643 2.9726e+14 2.9705e+14
4099.2759 2.9726e+14 2.9705e+14
4099.2875 2.9727e+14 2.9705e+14
4099.2990 2.9727e+14 2.9705e+14
4099.3106 2.9727e+14 2.9705e+14
4099.3222 2.9727e+14 2.9705e+14
4099.3338 2.9727e+14 2.9705e+14
4099.3453 2.9727e+14 2.9705e+14
4099.3569 2.9727e+14 2.9705e+14
4099.3685 2.9727e+14 2.9705e+14
4099.3800 2.9727e+14 2.9705e+14
4099.3916 2.9727e+14 2.9705e+14
4099.4032 2.9727e+14 2.9705e+14
4099.4148 2.9727e+14 2.9706e+14
4099.4263 2.9727e+14 2.9706e+14
4099.4379 2.9728e+14 2.9706e+14
4099.4495 2.9728e+14 2.9706e+14
4099.4610 2.9728e+14 2.9706e+14
4099.4726 2.9728e+14 2.9706e+14
4099.4842 2.9728e+14 2.9706e+14
4099.4957 2.9728e+14 2.9706e+14
4099.5073 2.9728e+14 2.9706e+14
4099.5189 2.9728e+14 2.9706e+14
4099.5305 2.9728e+14 2.9706e+14
4099.5420 2.9728e+14 2.9706e+14
4099.5536 2.9728e+14 2.9706e+14
4099.5652 2.9728e+14 2.9706e+14
4099.5767 2.9728e+14 2.9706e+14
4099.5883 2.9728e+14 2.9707e+14
4099.5999 2.9729e+14 2.9707e+14
4099.6115 2.9729e+14 2.9707e+14
4099.6230 2.9729e+14 2.9707e+14
4099.6346 2.9729e+14 2.9707e+14
4099.6462 2.9729e+14 2.9707e+14
4099.6577 2.9729e+14 2.9707e+14
4099.6693 2.9729e+14 2.9707e+14
4099.6809 2.9729e+14 2.9707e+14
4099.6925 2.9729e+14 2.9707e+14
4099.7040 2.9729e+14 2.9707e+14
4099.7156 2.9729e+14 2.9707e+14
4099.7272 2.9729e+14 2.9707e+14
4099.7387 2.9729e+14 2.9707e+14
4099.7503 2.9729e+14 2.9708e+14
4099.7619 2.9730e+14 2.9708e+14
4099.7735 2.9730e+14 2.9708e+14
4099.7850 2.9730e+14 2.9708e+14
4099.7966 2.9730e+14 2.9708e+14
4099.8082 2.9730e+14 2.9708e+14
4099.8197 2.9730e+14 2.9708e+14
4099.8313 2.9730e+14 2.9708e+14
4099.8429 2.9730e+14 2.9708e+14
4099.8544 2.9730e+14 2.9708e+14
4099.8660 2.9730e+14 2.9708e+14
4099.8776 2.9730e+14 2.9708e+14
4099.8892 2.9730e+14 2.9708e+14
4099.9007 2.9730e+14 2.9708e+14
4099.9123 2.9730e+14 2.9708e+14
4099.9239 2.9731e+14 2.9709e+14
4099.9354 2.9731e+14 2.9709e+14
4099.9470 2.9731e+14 2.9709e+14
4099.9586 2.9731e+14 2.9709e+14
4099.9702 2.9731e+14 2.9709e+14
4099.9817 2.9731e+14 2.9709e+14
4099.9933 2.9731e+14 2.9709e+14
4100.0049 2.9731e+14 2.9709e+14
4100.0164 2.9731e+14 2.9709e+14
4100.0280 2.9731e+14 2.9709e+14
4100.0396 2.9731e+14 2.9709e+14
4100.0512 2.9731e+14 2.9709e+14
4100.0627 2.9731e+14 2.9709e+14
4100.0743 2.9732e+14 2.9709e+14
4100.0859 2.9732e+14 2.9710e+14
4100.0974 2.9732e+14 2.9710e+14
4100.1090 2.9732e+14 2.9710e+14
4100.1206 2.9732e+14 2.9710e+14
4100.1321 2.9732e+14 2.9710e+14
4100.1437 2.9732e+14 2.9710e+14
4100.1553 2.9732e+14 2.9710e+14
4100.1669 2.9732e+14 2.9710e+14
4100.1784 2.9732e+14 2.9710e+14
4100.1900 2.9732e+14 2.9710e+14
4100.2016 2.9732e+14 2.9710e+14
4100.2131 2.9732e+14 2.9710e+14
4100.2247 2.9732e+14 2.9710e+14
4100.2363 2.9733e+14 2.9710e+14
4100.2479 2.9733e+14 2.9711e+14
4100.2594 2.9733e+14 2.9711e+14
4100.2710 2.9733e+14 2.9711e+14
4100.2826 2.9733e+14 2.9711e+14
4100.2941 2.9733e+14 2.9711e+14
4100.3057 2.9733e+14 2.9711e+14
4100.3173 2.9733e+14 2.9711e+14
4100.3289 2.9733e+14 2.9711e+14
4100.3404 2.9733e+14 2.9711e+14
4100.3520 2.9733e+14 2.9711e+14
4100.3636 2.9733e+14 2.9711e+14
4100.3751 2.9733e+14 2.9711e+14
4100.3867 2.9733e+14 2.9711e+14
4100.3983 2.9734e+14 2.9711e+14
4100.4098 2.9734e+14 2.9712e+14
4100.4214 2.9734e+14 2.9712e+14
4100.4330 2.9734e+14 2.9712e+14
4100.4446 2.9734e+14 2.9712e+14
4100.4561 2.9734e+14 2.9712e+14
4100.4677 2.9734e+14 2.9712e+14
4100.4793 2.9734e+14 2.9712e+14
4100.4908 2.9734e+14 2.9712e+14
4100.5024 2.9734e+14 2.9712e+14
4100.5140 2.9734e+14 2.9712e+14
4100.5256 2.9734e+14 2.9712e+14
4100.5371 2.9734e+14 2.9712e+14
4100.5487 2.9734e+14 2.9712e+14
4100.5603 2.9735e+14 2.9712e+14
4100.5718 2.9735e+14 2.9713e+14
4100.5834 2.9735e+14 2.9713e+14
4100.5950 2.9735e+14 2.9713e+14
4100.6066 2.9735e+14 2.9713e+14
4100.6181 2.9735e+14 2.9713e+14
4100.6297 2.9735e+14 2.9713e+14
4100.6413 2.9735e+14 2.9713e+14
4100.6528 2.9735e+14 2.9713e+14
4100.6644 2.9735e+14 2.9713e+14
4100.6760 2.9735e+14 2.9713e+14
4100.6875 2.9735e+14 2.9713e+14
4100.6991 2.9735e+14 2.9713e+14
4100.7107 2.9735e+14 2.9713e+14
4100.7223 2.9736e+14 2.9713e+14
4100.7338 2.9736e+14 2.9714e+14
4100.7454 2.9736e+14 2.9714e+14
4100.7570 2.9736e+14 2.9714e+14
4100.7685 2.9736e+14 2.9714e+14
4100.7801 2.9736e+14 2.9714e+14
4100.7917 2.9736e+14 2.9714e+14
4100.8033 2.9736e+14 2.9714e+14
4100.8148 2.9736e+14 2.9714e+14
4100.8264 2.9736e+14 2.9714e+14
4100.8380 2.9736e+14 2.9714e+14
4100.8495 2.9736e+14 2.9714e+14
4100.8611 2.9736e+14 2.9714e+14
4100.8727 2.9737e+14 2.9714e+14
4100.8843 2.9737e+14 2.9714e+14
4100.8958 2.9737e+14 2.9715e+14
4100.9074 2.9737e+14 2.9715e+14
4100.9190 2.9737e+14 2.9715e+14
4100.9305 2.9737e+14 2.9715e+14
4100.9421 2.9737e+14 2.9715e+14
4100.9537 2.9737e+14 2.9715e+14
4100.9652 2.9737e+14 2.9715e+14
4100.9768 2.9737e+14 2.9715e+14
4100.9884 2.9737e+14 2.9715e+14
4101.0000 2.9737e+14 2.9715e+14
4101.0115 2.9737e+14 2.9715e+14
4101.0231 2.9737e+14 2.9715e+14
4101.0347 2.9738e+14 2.9715e+14
4101.0462 2.9738e+14 2.9715e+14
4101.0578 2.9738e+14 2.9716e+14
4101.0694 2.9738e+14 2.9716e+14
4101.0810 2.9738e+14 2.9716e+14
4101.0925 2.9738e+14 2.9716e+14
4101.1041 2.9738e+14 2.9716e+14
4101.1157 2.9738e+14 2.9716e+14
4101.1272 2.9738e+14 2.9716e+14
4101.1388 2.9738e+14 2.9716e+14
4101.1504 2.9738e+14 2.9716e+14
4101.1620 2.9738e+14 2.9716e+14
4101.1735 2.9738e+14 2.9716e+14
4101.1851 2.9738e+14 2.9716e+14
4101.1967 2.9739e+14 2.9716e+14
4101.2082 2.9739e+14 2.9716e+14
4101.2198 2.9739e+14 2.9717e+14
4101.2314 2.9739e+14 2.9717e+14
4101.2430 2.9739e+14 2.9717e+14
4101.2545 2.9739e+14 2.9717e+14
4101.2661 2.9739e+14 2.9717e+14
4101.2777 2.9739e+14 2.9717e+14
4101.2892 2.9739e+14 2.9717e+14
4101.3008 2.9739e+14 2.9717e+14
4101.3124 2.9739e+14 2.9717e+14
4101.3239 2.9739e+14 2.9717e+14
4101.3355 2.9739e+14 2.9717e+14
4101.3471 2.9739e+14 2.9717e+14
4101.3587 2.9740e+14 2.9717e+14
4101.3702 2.9740e+14 2.9717e+14
4101.3818 2.9740e+14 2.9718e+14
4101.3934 2.9740e+14 2.9718e+14
4101.4049 2.9740e+14 2.9718e+14
4101.4165 2.9740e+14 2.9718e+14
4101.4281 2.9740e+14 2.9718e+14
4101.4397 2.9740e+14 2.9718e+14
4101.4512 2.9740e+14 2.9718e+14
4101.4628 2.9740e+14 2.9718e+14
4101.4744 2.9740e+14 2.9718e+14
4101.4859 2.9740e+14 2.9718e+14
4101.4975 2.9740e+14 2.9718e+14
4101.5091 2.9740e+14 2.9718e+14
4101.5207 2.9741e+14 2.9718e+14
4101.5322 2.9741e+14 2.9718e+14
4101.5438 2.9741e+14 2.9719e+14
4101.5554 2.9741e+14 2.9719e+14
4101.5669 2.9741e+14 2.9719e+14
4101.5785 2.9741e+14 2.9719e+14
4101.5901 2.9741e+14 2.9719e+14
4101.6016 2.9741e+14 2.9719e+14
4101.6132 2.9741e+14 2.9719e+14
4101.6248 2.9741e+14 2.9719e+14
4101.6364 2.9741e+14 2.9719e+14
4101.6479 2.9741e+14 2.9719e+14
4101.6595 2.9741e+14 2.9719e+14
4101.6711 2.9742e+14 2.9719e+14
4101.6826 2.9742e+14 2.9719e+14
4101.6942 2.9742e+14 2.9719e+14
4101.7058 2.9742e+14 2.9720e+14
4101.7174 2.9742e+14 2.9720e+14
4101.7289 2.9742e+14 2.9720e+14
4101.7405 2.9742e+14 2.9720e+14
4101.7521 2.9742e+14 2.9720e+14
4101.7636 2.9742e+14 2.9720e+14
4101.7752 2.9742e+14 2.9720e+14
4101.7868 2.9742e+14 2.9720e+14
4101.7984 2.9742e+14 2.9720e+14
4101.8099 2.9742e+14 2.9720e+14
4101.8215 2.9742e+14 2.9720e+14
4101.8331 2.9743e+14 2.9720e+14
4101.8446 2.9743e+14 2.9720e+14
4101.8562 2.9743e+14 2.9720e+14
4101.8678 2.9743e+14 2.9721e+14
4101.8793 2.9743e+14 2.9721e+14
4101.8909 2.9743e+14 2.9721e+14
4101.9025 2.9743e+14 2.9721e+14
4101.9141 2.9743e+14 2.9721e+14
4101.9256 2.9743e+14 2.9721e+14
4101.9372 2.9743e+14 2.9721e+14
4101.9488 2.9743e+14 2.9721e+14
4101.9603 2.9743e+14 2.9721e+14
4101.9719 2.9743e+14 2.9721e+14
4101.9835 2.9743e+14 2.9721e+14
4101.9951 2.9744e+14 2.9721e+14
4102.0066 2.9744e+14 2.9721e+14
4102.0182 2.9744e+14 2.9721e+14
4102.0298 2.9744e+14 2.9722e+14
4102.0413 2.9744e+14 2.9722e+14
4102.0529 2.9744e+14 2.9722e+14
4102.0645 2.9744e+14 2.9722e+14
4102.0761 2.9744e+14 2.9722e+14
4102.0876 2.9744e+14 2.9722e+14
4102.0992 2.9744e+14 2.9722e+14
4102.1108 2.9744e+14 2.9722e+14
4102.1223 2.9744e+14 2.9722e+14
4102.1339 2.9744e+14 2.9722e+14
4102.1455 2.9744e+14 2.9722e+14
4102.1570 2.9745e+14 2.9722e+14
4102.1686 2.9745e+14 2.9722e+14
4102.1802 2.9745e+14 2.9723e+14
4102.1918 2.9745e+14 2.9723e+14
4102.2033 2.9745e+14 2.9723e+14
4102.2149 2.9745e+14 2.9723e+14
4102.2265 2.9745e+14 2.9723e+14
4102.2380 2.9745e+14 2.9723e+14
4102.2496 2.9745e+14 2.9723e+14
4102.2612 2.9745e+14 2.9723e+14
4102.2728 2.9745e+14 2.9723e+14
4102.2843 2.9745e+14 2.9723e+14
4102.2959 2.9745e+14 2.9723e+14
4102.3075 2.9745e+14 2.9723e+14
4102.3190 2.9746e+14 2.9723e+14
4102.3306 2.9746e+14 2.9723e+14
4102.3422 2.9746e+14 2.9724e+14
4102.3538 2.9746e+14 2.9724e+14
4102.3653 2.9746e+14 2.9724e+14
4102.3769 2.9746e+14 2.9724e+14
4102.3885 2.9746e+14 2.9724e+14
4102.4000 2.9746e+14 2.9724e+14
4102.4116 2.9746e+14 2.9724e+14
4102.4232 2.9746e+14 2.9724e+14
4102.4348 2.9746e+14 2.9724e+14
4102.4463 2.9746e+14 2.9724e+14
4102.4579 2.9746e+14 2.9724e+14
4102.4695 2.9747e+14 2.9724e+14
4102.4810 2.9747e+14 2.9724e+14
4102.4926 2.9747e+14 2.9724e+14
4102.5042 2.9747e+14 2.9725e+14
4102.5157 2.9747e+14 2.9725e+14
4102.5273 2.9747e+14 2.9725e+14
4102.5389 2.9747e+14 2.9725e+14
4102.5505 2.9747e+14 2.9725e+14
4102.5620 2.9747e+14 2.9725e+14
4102.5736 2.9747e+14 2.9725e+14
4102.5852 2.9747e+14 2.9725e+14
4102.5967 2.9747e+14 2.9725e+14
4102.6083 2.9747e+14 2.9725e+14
4102.6199 2.9747e+14 2.9725e+14
4102.6315 2.9748e+14 2.9725e+14
4102.6430 2.9748e+14 2.9725e+14
4102.6546 2.9748e+14 2.9726e+14
4102.6662 2.9748e+14 2.9726e+14
4102.6777 2.9748e+14 2.9726e+14
4102.6893 2.9748e+14 2.9726e+14
4102.7009 2.9748e+14 2.9726e+14
4102.7125 2.9748e+14 2.9726e+14
4102.7240 2.9748e+14 2.9726e+14
4102.7356 2.9748e+14 2.9726e+14
4102.7472 2.9748e+14 2.9726e+14
4102.7587 2.9748e+14 2.9726e+14
4102.7703 2.9748e+14 2.9726e+14
4102.7819 2.9748e+14 2.9726e+14
4102.7934 2.9749e+14 2.9726e+14
4102.8050 2.9749e+14 2.9726e+14
4102.8166 2.9749e+14 2.9727e+14
4102.8282 2.9749e+14 2.9727e+14
4102.8397 2.9749e+14 2.9727e+14
4102.8513 2.9749e+14 2.9727e+14
4102.8629 2.9749e+14 2.9727e+14
4102.8744 2.9749e+14 2.9727e+14
4102.8860 2.9749e+14 2.9727e+14
4102.8976 2.9749e+14 2.9727e+14
4102.9092 2.9749e+14 2.9727e+14
4102.9207 2.9749e+14 2.9727e+14
4102.9323 2.9749e+14 2.9727e+14
4102.9439 2.9749e+14 2.9727e+14
4102.9554 2.9750e+14 2.9727e+14
4102.9670 2.9750e+14 2.9728e+14
4102.9786 2.9750e+14 2.9728e+14
4102.9902 2.9750e+14 2.9728e+14
4103.0017 2.9750e+14 2.9728e+14
4103.0133 2.9750e+14 2.9728e+14
4103.0249 2.9750e+14 2.9728e+14
4103.0364 2.9750e+14 2.9728e+14
4103.0480 2.9750e+14 2.9728e+14
4103.0596 2.9750e+14 2.9728e+14
4103.0711 2.9750e+14 2.9728e+14
4103.0827 2.9750e+14 2.9728e+14
4103.0943 2.9750e+14 2.9728e+14
4103.1059 2.9750e+14 2.9728e+14
4103.1174 2.9751e+14 2.9728e+14
4103.1290 2.9751e+14 2.9729e+14
4103.1406 2.9751e+14 2.9729e+14
4103.1521 2.9751e+14 2.9729e+14
4103.1637 2.9751e+14 2.9729e+14
4103.1753 2.9751e+14 2.9729e+14
4103.1869 2.9751e+14 2.9729e+14
4103.1984 2.9751e+14 2.9729e+14
4103.2100 2.9751e+14 2.9729e+14
4103.2216 2.9751e+14 2.9729e+14
4103.2331 2.9751e+14 2.9729e+14
4103.2447 2.9751e+14 2.9729e+14
4103.2563 2.9751e+14 2.9729e+14
4103.2679 2.9751e+14 2.9729e+14
4103.2794 2.9752e+14 2.9730e+14
4103.2910 2.9752e+14 2.9730e+14
4103.3026 2.9752e+14 2.9730e+14
4103.3141 2.9752e+14 2.9730e+14
4103.3257 2.9752e+14 2.9730e+14
4103.3373 2.9752e+14 2.9730e+14
4103.3488 2.9752e+14 2.9730e+14
4103.3604 2.9752e+14 2.9730e+14
4103.3720 2.9752e+14 2.9730e+14
4103.3836 2.9752e+14 2.9730e+14
4103.3951 2.9752e+14 2.9730e+14
4103.4067 2.9752e+14 2.9730e+14
4103.4183 2.9752e+14 2.9730e+14
4103.4298 2.9753e+14 2.9730e+14
4103.4414 2.9753e+14 2.9731e+14
4103.4530 2.9753e+14 2.9731e+14
4103.4646 2.9753e+14 2.9731e+14
4103.4761 2.9753e+14 2.9731e+14
4103.4877 2.9753e+14 2.9731e+14
4103.4993 2.9753e+14 2.9731e+14
4103.5108 2.9753e+14 2.9731e+14
4103.5224 2.9753e+14 2.9731e+14
4103.5340 2.9753e+14 2.9731e+14
4103.5456 2.9753e+14 2.9731e+14
4103.5571 2.9753e+14 2.9731e+14
4103.5687 2.9753e+14 2.9731e+14
4103.5803 2.9753e+14 2.9731e+14
4103.5918 2.9754e+14 2.9732e+14
4103.6034 2.9754e+14 2.9732e+14
4103.6150 2.9754e+14 2.9732e+14
4103.6265 2.9754e+14 2.9732e+14
4103.6381 2.9754e+14 2.9732e+14
4103.6497 2.9754e+14 2.9732e+14
4103.6613 2.9754e+14 2.9732e+14
4103.6728 2.9754e+14 2.9732e+14
4103.6844 2.9754e+14 2.9732e+14
4103.6960 2.9754e+14 2.9732e+14
4103.7075 2.9754e+14 2.9732e+14
4103.7191 2.9754e+14 2.9732e+14
4103.7307 2.9754e+14 2.9732e+14
4103.7423 2.9754e+14 2.9733e+14
4103.7538 2.9755e+14 2.9733e+14
4103.7654 2.9755e+14 2.9733e+14
4103.7770 2.9755e+14 2.9733e+14
4103.7885 2.9755e+14 2.9733e+14
4103.8001 2.9755e+14 2.9733e+14
4103.8117 2.9755e+14 2.9733e+14
4103.8233 2.9755e+14 2.9733e+14
4103.8348 2.9755e+14 2.9733e+14
4103.8464 2.9755e+14 2.9733e+14
4103.8580 2.9755e+14 2.9733e+14
4103.8695 2.9755e+14 2.9733e+14
4103.8811 2.9755e+14 2.9733e+14
4103.8927 2.9755e+14 2.9733e+14
4103.9043 2.9755e+14 2.9734e+14
4103.9158 2.9756e+14 2.9734e+14
4103.9274 2.9756e+14 2.9734e+14
4103.9390 2.9756e+14 2.9734e+14
4103.9505 2.9756e+14 2.9734e+14
4103.9621 2.9756e+14 2.9734e+14
4103.9737 2.9756e+14 2.9734e+14
4103.9852 2.9756e+14 2.9734e+14
4103.9968 2.9756e+14 2.9734e+14
4104.0084 2.9756e+14 2.9734e+14
4104.0200 2.9756e+14 2.9734e+14
4104.0315 2.9756e+14 2.9734e+14
4104.0431 2.9756e+14 2.9734e+14
4104.0547 2.9756e+14 2.9735e+14
4104.0662 2.9756e+14 2.9735e+14
4104.0778 2.9757e+14 2.9735e+14
4104.0894 2.9757e+14 2.9735e+14
4104.1010 2.9757e+14 2.9735e+14
4104.1125 2.9757e+14 2.9735e+14
4104.1241 2.9757e+14 2.9735e+14
4104.1357 2.9757e+14 2.9735e+14
4104.1472 2.9757e+14 2.9735e+14
4104.1588 2.9757e+14 2.9735e+14
4104.1704 2.9757e+14 2.9735e+14
4104.1820 2.9757e+14 2.9735e+14
4104.1935 2.9757e+14 2.9735e+14
4104.2051 2.9757e+14 2.9736e+14
4104.2167 2.9757e+14 2.9736e+14
4104.2282 2.9757e+14 2.9736e+14
4104.2398 2.9758e+14 2.9736e+14
4104.2514 2.9758e+14 2.9736e+14
4104.2629 2.9758e+14 2.9736e+14
4104.2745 2.9758e+14 2.9736e+14
4104.2861 2.9758e+14 2.9736e+14
4104.2977 2.9758e+14 2.9736e+14
4104.3092 2.9758e+14 2.9736e+14
4104.3208 2.9758e+14 2.9736e+14
4104.3324 2.9758e+14 2.9736e+14
4104.3439 2.9758e+14 2.9736e+14
4104.3555 2.9758e+14 2.9737e+14
4104.3671 2.9758e+14 2.9737e+14
4104.3787 2.9758e+14 2.9737e+14
4104.3902 2.9758e+14 2.9737e+14
4104.4018 2.9759e+14 2.9737e+14
4104.4134 2.9759e+14 2.9737e+14
4104.4249 2.9759e+14 2.9737e+14
4104.4365 2.9759e+14 2.9737e+14
4104.4481 2.9759e+14 2.9737e+14
4104.4597 2.9759e+14 2.9737e+14
4104.4712 2.9759e+14 2.9737e+14
4104.4828 2.9759e+14 2.9737e+14
4104.4944 2.9759e+14 2.9737e+14
4104.5059 2.9759e+14 2.9737e+14
4104.5175 2.9759e+14 2.9738e+14
4104.5291 2.9759e+14 2.9738e+14
4104.5406 2.9759e+14 2.9738e+14
4104.5522 2.9760e+14 2.9738e+14
4104.5638 2.9760e+14 2.9738e+14
4104.5754 2.9760e+14 2.9738e+14
4104.5869 2.9760e+14 2.9738e+14
4104.5985 2.9760e+14 2.9738e+14
4104.6101 2.9760e+14 2.9738e+14
4104.6216 2.9760e+14 2.9738e+14
4104.6332 2.9760e+14 2.9738e+14
4104.6448 2.9760e+14 2.9738e+14
4104.6564 2.9760e+14 2.9738e+14
4104.6679 2.9760e+14 2.9739e+14
4104.6795 2.9760e+14 2.9739e+14
4104.6911 2.9760e+14 2.9739e+14
4104.7026 2.9760e+14 2.9739e+14
4104.7142 2.9761e+14 2.9739e+14
4104.7258 2.9761e+14 2.9739e+14
4104.7374 2.9761e+14 2.9739e+14
4104.7489 2.9761e+14 2.9739e+14
4104.7605 2.9761e+14 2.9739e+14
4104.7721 2.9761e+14 2.9739e+14
4104.7836 2.9761e+14 2.9739e+14
4104.7952 2.9761e+14 2.9739e+14
4104.8068 2.9761e+14 2.9739e+14
4104.8183 2.9761e+14 2.9740e+14
4104.8299 2.9761e+14 2.9740e+14
4104.8415 2.9761e+14 2.9740e+14
4104.8531 2.9761e+14 2.9740e+14
4104.8646 2.9761e+14 2.9740e+14
4104.8762 2.9762e+14 2.9740e+14
4104.8878 2.9762e+14 2.9740e+14
4104.8993 2.9762e+14 2.9740e+14
4104.9109 2.9762e+14 2.9740e+14
4104.9225 2.9762e+14 2.9740e+14
4104.9341 2.9762e+14 2.9740e+14
4104.9456 2.9762e+14 2.9740e+14
4104.9572 2.9762e+14 2.9740e+14
4104.9688 2.9762e+14 2.9741e+14
4104.9803 2.9762e+14 2.9741e+14
4104.9919 2.9762e+14 2.9741e+14
4105.0035 2.9762e+14 2.9741e+14
4105.0151 2.9762e+14 2.9741e+14
4105.0266 2.9762e+14 2.9741e+14
4105.0382 2.9763e+14 2.9741e+14
4105.0498 2.9763e+14 2.9741e+14
4105.0613 2.9763e+14 2.9741e+14
4105.0729 2.9763e+14 2.9741e+14
4105.0845 2.9763e+14 2.9741e+14
4105.0961 2.9763e+14 2.9741e+14
4105.1076 2.9763e+14 2.9741e+14
4105.1192 2.9763e+14 2.9742e+14
4105.1308 2.9763e+14 2.9742e+14
4105.1423 2.9763e+14 2.9742e+14
4105.1539 2.9763e+14 2.9742e+14
4105.1655 2.9763e+14 2.9742e+14
4105.1770 2.9763e+14 2.9742e+14
4105.1886 2.9763e+14 2.9742e+14
4105.2002 2.9764e+14 2.9742e+14
4105.2118 2.9764e+14 2.9742e+14
4105.2233 2.9764e+14 2.9742e+14
4105.2349 2.9764e+14 2.9742e+14
4105.2465 2.9764e+14 2.9742e+14
4105.2580 2.9764e+14 2.9742e+14
4105.2696 2.9764e+14 2.9743e+14
4105.2812 2.9764e+14 2.9743e+14
4105.2928 2.9764e+14 2.9743e+14
4105.3043 2.9764e+14 2.9743e+14
4105.3159 2.9764e+14 2.9743e+14
4105.3275 2.9764e+14 2.9743e+14
4105.3390 2.9764e+14 2.9743e+14
4105.3506 2.9764e+14 2.9743e+14
4105.3622 2.9765e+14 2.9743e+14
4105.3738 2.9765e+14 2.9743e+14
4105.3853 2.9765e+14 2.9743e+14
4105.3969 2.9765e+14 2.9743e+14
4105.4085 2.9765e+14 2.9743e+14
4105.4200 2.9765e+14 2.9744e+14
4105.4316 2.9765e+14 2.9744e+14
4105.4432 2.9765e+14 2.9744e+14
4105.4547 2.9765e+14 2.9744e+14
4105.4663 2.9765e+14 2.9744e+14
4105.4779 2.9765e+14 2.9744e+14
4105.4895 2.9765e+14 2.9744e+14
4105.5010 2.9765e+14 2.9744e+14
4105.5126 2.9765e+14 2.9744e+14
4105.5242 2.9766e+14 2.9744e+14
4105.5357 2.9766e+14 2.9744e+14
4105.5473 2.9766e+14 2.9744e+14
4105.5589 2.9766e+14 2.9744e+14
4105.5705 2.9766e+14 2.9745e+14
4105.5820 2.9766e+14 2.9745e+14
4105.5936 2.9766e+14 2.9745e+14
4105.6052 2.9766e+14 2.9745e+14
4105.6167 2.9766e+14 2.9745e+14
4105.6283 2.9766e+14 2.9745e+14
4105.6399 2.9766e+14 2.9745e+14
4105.6515 2.9766e+14 2.9745e+14
4105.6630 2.9766e+14 2.9745e+14
4105.6746 2.9766e+14 2.9745e+14
4105.6862 2.9767e+14 2.9745e+14
4105.6977 2.9767e+14 2.9745e+14
4105.7093 2.9767e+14 2.9745e+14
4105.7209 2.9767e+14 2.9746e+14
4105.7324 2.9767e+14 2.9746e+14
4105.7440 2.9767e+14 2.9746e+14
4105.7556 2.9767e+14 2.9746e+14
4105.7672 2.9767e+14 2.9746e+14
4105.7787 2.9767e+14 2.9746e+14
4105.7903 2.9767e+14 2.9746e+14
4105.8019 2.9767e+14 2.9746e+14
4105.8134 2.9767e+14 2.9746e+14
4105.8250 2.9767e+14 2.9746e+14
4105.8366 2.9767e+14 2.9746e+14
4105.8482 2.9768e+14 2.9746e+14
4105.8597 2.9768e+14 2.9746e+14
4105.8713 2.9768e+14 2.9747e+14
4105.8829 2.9768e+14 2.9747e+14
4105.8944 2.9768e+14 2.9747e+14
4105.9060 2.9768e+14 2.9747e+14
4105.9176 2.9768e+14 2.9747e+14
4105.9292 2.9768e+14 2.9747e+14
4105.9407 2.9768e+14 2.9747e+14
4105.9523 2.9768e+14 2.9747e+14
4105.9639 2.9768e+14 2.9747e+14
4105.9754 2.9768e+14 2.9747e+14
4105.9870 2.9768e+14 2.9747e+14
4105.9986 2.9769e+14 2.9747e+14
4106.0101 2.9769e+14 2.9747e+14
4106.0217 2.9769e+14 2.9748e+14
4106.0333 2.9769e+14 2.9748e+14
4106.0449 2.9769e+14 2.9748e+14
4106.0564 2.9769e+14 2.9748e+14
4106.0680 2.9769e+14 2.9748e+14
4106.0796 2.9769e+14 2.9748e+14
4106.0911 2.9769e+14 2.9748e+14
4106.1027 2.9769e+14 2.9748e+14
4106.1143 2.9769e+14 2.9748e+14
4106.1259 2.9769e+14 2.9748e+14
4106.1374 2.9769e+14 2.9748e+14
4106.1490 2.9769e+14 2.9748e+14
4106.1606 2.9770e+14 2.9748e+14
4106.1721 2.9770e+14 2.9749e+14
4106.1837 2.9770e+14 2.9749e+14
4106.1953 2.9770e+14 2.9749e+14
4106.2069 2.9770e+14 2.9749e+14
4106.2184 2.9770e+14 2.9749e+14
4106.2300 2.9770e+14 2.9749e+14
4106.2416 2.9770e+14 2.9749e+14
4106.2531 2.9770e+14 2.9749e+14
4106.2647 2.9770e+14 2.9749e+14
4106.2763 2.9770e+14 2.9749e+14
4106.2879 2.9770e+14 2.9749e+14
4106.2994 2.9770e+14 2.9749e+14
4106.3110 2.9770e+14 2.9750e+14
4106.3226 2.9771e+14 2.9750e+14
4106.3341 2.9771e+14 2.9750e+14
4106.3457 2.9771e+14 2.9750e+14
4106.3573 2.9771e+14 2.9750e+14
4106.3688 2.9771e+14 2.9750e+14
4106.3804 2.9771e+14 2.9750e+14
4106.3920 2.9771e+14 2.9750e+14
4106.4036 2.9771e+14 2.9750e+14
4106.4151 2.9771e+14 2.9750e+14
4106.4267 2.9771e+14 2.9750e+14
4106.4383 2.9771e+14 2.9750e+14
4106.4498 2.9771e+14 2.9750e+14
4106.4614 2.9771e+14 2.9751e+14
4106.4730 2.9771e+14 2.9751e+14
4106.4846 2.9772e+14 2.9751e+14
4106.4961 2.9772e+14 2.9751e+14
4106.5077 2.9772e+14 2.9751e+14
4106.5193 2.9772e+14 2.9751e+14
4106.5308 2.9772e+14 2.9751e+14
4106.5424 2.9772e+14 2.9751e+14
4106.5540 2.9772e+14 2.9751e+14
4106.5656 2.9772e+14 2.9751e+14
4106.5771 2.9772e+14 2.9751e+14
4106.5887 2.9772e+14 2.9751e+14
4106.6003 2.9772e+14 2.9751e+14
4106.6118 2.9772e+14 2.9752e+14
4106.6234 2.9772e+14 2.9752e+14
4106.6350 2.9772e+14 2.9752e+14
4106.6465 2.9773e+14 2.9752e+14
4106.6581 2.9773e+14 2.9752e+14
4106.6697 2.9773e+14 2.9752e+14
4106.6813 2.9773e+14 2.9752e+14
4106.6928 2.9773e+14 2.9752e+14
4106.7044 2.9773e+14 2.9752e+14
4106.7160 2.9773e+14 2.9752e+14
4106.7275 2.9773e+14 2.9752e+14
4106.7391 2.9773e+14 2.9752e+14
4106.7507 2.9773e+14 2.9752e+14
4106.7623 2.9773e+14 2.9753e+14
4106.7738 2.9773e+14 2.9753e+14
4106.7854 2.9773e+14 2.9753e+14
4106.7970 2.9773e+14 2.9753e+14
4106.8085 2.9774e+14 2.9753e+14
4106.8201 2.9774e+14 2.9753e+14
4106.8317 2.9774e+14 2.9753e+14
4106.8433 2.9774e+14 2.9753e+14
4106.8548 2.9774e+14 2.9753e+14
4106.8664 2.9774e+14 2.9753e+14
4106.8780 2.9774e+14 2.9753e+14
4106.8895 2.9774e+14 2.9753e+14
4106.9011 2.9774e+14 2.9753e+14
4106.9127 2.9774e+14 2.9754e+14
4106.9242 2.9774e+14 2.9754e+14
4106.9358 2.9774e+14 2.9754e+14
4106.9474 2.9774e+14 2.9754e+14
4106.9590 2.9774e+14 2.9754e+14
4106.9705 2.9775e+14 2.9754e+14
4106.9821 2.9775e+14 2.9754e+14
4106.9937 2.9775e+14 2.9754e+14
4107.0052 2.9775e+14 2.9754e+14
4107.0168 2.9775e+14 2.9754e+14
4107.0284 2.9775e+14 2.9754e+14
4107.0400 2.9775e+14 2.9754e+14
4107.0515 2.9775e+14 2.9755e+14
4107.0631 2.9775e+14 2.9755e+14
4107.0747 2.9775e+14 2.9755e+14
4107.0862 2.9775e+14 2.9755e+14
4107.0978 2.9775e+14 2.9755e+14
4107.1094 2.9775e+14 2.9755e+14
4107.1210 2.9775e+14 2.9755e+14
4107.1325 2.9776e+14 2.9755e+14
4107.1441 2.9776e+14 2.9755e+14
4107.1557 2.9776e+14 2.9755e+14
4107.1672 2.9776e+14 2.9755e+14
4107.1788 2.9776e+14 2.9755e+14
4107.1904 2.9776e+14 2.9755e+14
4107.2019 2.9776e+14 2.9756e+14
4107.2135 2.9776e+14 2.9756e+14
4107.2251 2.9776e+14 2.9756e+14
4107.2367 2.9776e+14 2.9756e+14
4107.2482 2.9776e+14 2.9756e+14
4107.2598 2.9776e+14 2.9756e+14
4107.2714 2.9776e+14 2.9756e+14
4107.2829 2.9776e+14 2.9756e+14
4107.2945 2.9777e+14 2.9756e+14
4107.3061 2.9777e+14 2.9756e+14
4107.3177 2.9777e+14 2.9756e+14
4107.3292 2.9777e+14 2.9756e+14
4107.3408 2.9777e+14 2.9756e+14
4107.3524 2.9777e+14 2.9757e+14
4107.3639 2.9777e+14 2.9757e+14
4107.3755 2.9777e+14 2.9757e+14
4107.3871 2.9777e+14 2.9757e+14
4107.3987 2.9777e+14 2.9757e+14
4107.4102 2.9777e+14 2.9757e+14
4107.4218 2.9777e+14 2.9757e+14
4107.4334 2.9777e+14 2.9757e+14
4107.4449 2.9777e+14 2.9757e+14
4107.4565 2.9778e+14 2.9757e+14
4107.4681 2.9778e+14 2.9757e+14
4107.4796 2.9778e+14 2.9757e+14
4107.4912 2.9778e+14 2.9758e+14
4107.5028 2.9778e+14 2.9758e+14
4107.5144 2.9778e+14 2.9758e+14
4107.5259 2.9778e+14 2.9758e+14
4107.5375 2.9778e+14 2.9758e+14
4107.5491 2.9778e+14 2.9758e+14
4107.5606 2.9778e+14 2.9758e+14
4107.5722 2.9778e+14 2.9758e+14
4107.5838 2.9778e+14 2.9758e+14
4107.5954 2.9778e+14 2.9758e+14
4107.6069 2.9778e+14 2.9758e+14
4107.6185 2.9779e+14 2.9758e+14
4107.6301 2.9779e+14 2.9758e+14
4107.6416 2.9779e+14 2.9759e+14
4107.6532 2.9779e+14 2.9759e+14
4107.6648 2.9779e+14 2.9759e+14
4107.6764 2.9779e+14 2.9759e+14
4107.6879 2.9779e+14 2.9759e+14
4107.6995 2.9779e+14 2.9759e+14
4107.7111 2.9779e+14 2.9759e+14
4107.7226 2.9779e+14 2.9759e+14
4107.7342 2.9779e+14 2.9759e+14
4107.7458 2.9779e+14 2.9759e+14
4107.7574 2.9779e+14 2.9759e+14
4107.7689 2.9779e+14 2.9759e+14
4107.7805 2.9780e+14 2.9759e+14
4107.7921 2.9780e+14 2.9760e+14
4107.8036 2.9780e+14 2.9760e+14
4107.8152 2.9780e+14 2.9760e+14
4107.8268 2.9780e+14 2.9760e+14
4107.8383 2.9780e+14 2.9760e+14
4107.8499 2.9780e+14 2.9760e+14
4107.8615 2.9780e+14 2.9760e+14
4107.8731 2.9780e+14 2.9760e+14
4107.8846 2.9780e+14 2.9760e+14
4107.8962 2.9780e+14 2.9760e+14
4107.9078 2.9780e+14 2.9760e+14
4107.9193 2.9780e+14 2.9760e+14
4107.9309 2.9780e+14 2.9761e+14
4107.9425 2.9781e+14 2.9761e+14
4107.9541 2.9781e+14 2.9761e+14
4107.9656 2.9781e+14 2.9761e+14
4107.9772 2.9781e+14 2.9761e+14
4107.9888 2.9781e+14 2.9761e+14
4108.0003 2.9781e+14 2.9761e+14
4108.0119 2.9781e+14 2.9761e+14
4108.0235 2.9781e+14 2.9761e+14
4108.0351 2.9781e+14 2.9761e+14
4108.0466 2.9781e+14 2.9761e+14
4108.0582 2.9781e+14 2.9761e+14
4108.0698 2.9781e+14 2.9761e+14
4108.0813 2.9781e+14 2.9762e+14
4108.0929 2.9781e+14 2.9762e+14
4108.1045 2.9782e+14 2.9762e+14
4108.1160 2.9782e+14 2.9762e+14
4108.1276 2.9782e+14 2.9762e+14
4108.1392 2.9782e+14 2.9762e+14
4108.1508 2.9782e+14 2.9762e+14
4108.1623 2.9782e+14 2.9762e+14
4108.1739 2.9782e+14 2.9762e+14
4108.1855 2.9782e+14 2.9762e+14
4108.1970 2.9782e+14 2.9762e+14
4108.2086 2.9782e+14 2.9762e+14
4108.2202 2.9782e+14 2.9762e+14
4108.2318 2.9782e+14 2.9763e+14
4108.2433 2.9782e+14 2.9763e+14
4108.2549 2.9782e+14 2.9763e+14
4108.2665 2.9783e+14 2.9763e+14
4108.2780 2.9783e+14 2.9763e+14
4108.2896 2.9783e+14 2.9763e+14
4108.3012 2.9783e+14 2.9763e+14
4108.3128 2.9783e+14 2.9763e+14
4108.3243 2.9783e+14 2.9763e+14
4108.3359 2.9783e+14 2.9763e+14
4108.3475 2.9783e+14 2.9763e+14
4108.3590 2.9783e+14 2.9763e+14
4108.3706 2.9783e+14 2.9764e+14
4108.3822 2.9783e+14 2.9764e+14
4108.3937 2.9783e+14 2.9764e+14
4108.4053 2.9783e+14 2.9764e+14
4108.4169 2.9784e+14 2.9764e+14
4108.4285 2.9784e+14 2.9764e+14
4108.4400 2.9784e+14 2.9764e+14
4108.4516 2.9784e+14 2.9764e+14
4108.4632 2.9784e+14 2.9764e+14
4108.4747 2.9784e+14 2.9764e+14
4108.4863 2.9784e+14 2.9764e+14
4108.4979 2.9784e+14 2.9764e+14
4108.5095 2.9784e+14 2.9764e+14
4108.5210 2.9784e+14 2.9765e+14
4108.5326 2.9784e+14 2.9765e+14
4108.5442 2.9784e+14 2.9765e+14
4108.5557 2.9784e+14 2.9765e+14
4108.5673 2.9784e+14 2.9765e+14
4108.5789 2.9785e+14 2.9765e+14
4108.5905 2.9785e+14 2.9765e+14
4108.6020 2.9785e+14 2.9765e+14
4108.6136 2.9785e+14 2.9765e+14
4108.6252 2.9785e+14 2.9765e+14
4108.6367 2.9785e+14 2.9765e+14
4108.6483 2.9785e+14 2.9765e+14
4108.6599 2.9785e+14 2.9765e+14
4108.6714 2.9785e+14 2.9766e+14
4108.6830 2.9785e+14 2.9766e+14
4108.6946 2.9785e+14 2.9766e+14
4108.7062 2.9785e+14 2.9766e+14
4108.7177 2.9785e+14 2.9766e+14
4108.7293 2.9785e+14 2.9766e+14
4108.7409 2.9786e+14 2.9766e+14
4108.7524 2.9786e+14 2.9766e+14
4108.7640 2.9786e+14 2.9766e+14
4108.7756 2.9786e+14 2.9766e+14
4108.7872 2.9786e+14 2.9766e+14
4108.7987 2.9786e+14 2.9766e+14
4108.8103 2.9786e+14 2.9767e+14
4108.8219 2.9786e+14 2.9767e+14
4108.8334 2.9786e+14 2.9767e+14
4108.8450 2.9786e+14 2.9767e+14
4108.8566 2.9786e+14 2.9767e+14
4108.8682 2.9786e+14 2.9767e+14
4108.8797 2.9786e+14 2.9767e+14
4108.8913 2.9786e+14 2.9767e+14
4108.9029 2.9787e+14 2.9767e+14
4108.9144 2.9787e+14 2.9767e+14
4108.9260 2.9787e+14 2.9767e+14
4108.9376 2.9787e+14 2.9767e+14
4108.9492 2.9787e+14 2.9767e+14
4108.9607 2.9787e+14 2.9768e+14
4108.9723 2.9787e+14 2.9768e+14
4108.9839 2.9787e+14 2.9768e+14
4108.9954 2.9787e+14 2.9768e+14
4109.0070 2.9787e+14 2.9768e+14
4109.0186 2.9787e+14 2.9768e+14
4109.0301 2.9787e+14 2.9768e+14
4109.0417 2.9787e+14 2.9768e+14
4109.0533 2.9787e+14 2.9768e+14
4109.0649 2.9788e+14 2.9768e+14
4109.0764 2.9788e+14 2.9768e+14
4109.0880 2.9788e+14 2.9768e+14
4109.0996 2.9788e+14 2.9769e+14
4109.1111 2.9788e+14 2.9769e+14
4109.1227 2.9788e+14 2.9769e+14
4109.1343 2.9788e+14 2.9769e+14
4109.1459 2.9788e+14 2.9769e+14
4109.1574 2.9788e+14 2.9769e+14
4109.1690 2.9788e+14 2.9769e+14
4109.1806 2.9788e+14 2.9769e+14
4109.1921 2.9788e+14 2.9769e+14
4109.2037 2.9788e+14 2.9769e+14
4109.2153 2.9788e+14 2.9769e+14
4109.2269 2.9789e+14 2.9769e+14
4109.2384 2.9789e+14 2.9769e+14
4109.2500 2.9789e+14 2.9770e+14
4109.2616 2.9789e+14 2.9770e+14
4109.2731 2.9789e+14 2.9770e+14
4109.2847 2.9789e+14 2.9770e+14
4109.2963 2.9789e+14 2.9770e+14
4109.3078 2.9789e+14 2.9770e+14
4109.3194 2.9789e+14 2.9770e+14
4109.3310 2.9789e+14 2.9770e+14
4109.3426 2.9789e+14 2.9770e+14
4109.3541 2.9789e+14 2.9770e+14
4109.3657 2.9789e+14 2.9770e+14
4109.3773 2.9789e+14 2.9770e+14
4109.3888 2.9790e+14 2.9771e+14
4109.4004 2.9790e+14 2.9771e+14
4109.4120 2.9790e+14 2.9771e+14
4109.4236 2.9790e+14 2.9771e+14
4109.4351 2.9790e+14 2.9771e+14
4109.4467 2.9790e+14 2.9771e+14
4109.4583 2.9790e+14 2.9771e+14
4109.4698 2.9790e+14 2.9771e+14
4109.4814 2.9790e+14 2.9771e+14
4109.4930 2.9790e+14 2.9771e+14
4109.5046 2.9790e+14 2.9771e+14
4109.5161 2.9790e+14 2.9771e+14
4109.5277 2.9790e+14 2.9771e+14
4109.5393 2.9790e+14 2.9772e+14
4109.5508 2.9791e+14 2.9772e+14
4109.5624 2.9791e+14 2.9772e+14
4109.5740 2.9791e+14 2.9772e+14
4109.5855 2.9791e+14 2.9772e+14
4109.5971 2.9791e+14 2.9772e+14
4109.6087 2.9791e+14 2.9772e+14
4109.6203 2.9791e+14 2.9772e+14
4109.6318 2.9791e+14 2.9772e+14
4109.6434 2.9791e+14 2.9772e+14
4109.6550 2.9791e+14 2.9772e+14
4109.6665 2.9791e+14 2.9772e+14
4109.6781 2.9791e+14 2.9773e+14
4109.6897 2.9791e+14 2.9773e+14
4109.7013 2.9791e+14 2.9773e+14
4109.7128 2.9792e+14 2.9773e+14
4109.7244 2.9792e+14 2.9773e+14
4109.7360 2.9792e+14 2.9773e+14
4109.7475 2.9792e+14 2.9773e+14
4109.7591 2.9792e+14 2.9773e+14
4109.7707 2.9792e+14 2.9773e+14
4109.7823 2.9792e+14 2.9773e+14
4109.7938 2.9792e+14 2.9773e+14
4109.8054 2.9792e+14 2.9773e+14
4109.8170 2.9792e+14 2.9773e+14
4109.8285 2.9792e+14 2.9774e+14
4109.8401 2.9792e+14 2.9774e+14
4109.8517 2.9792e+14 2.9774e+14
4109.8632 2.9792e+14 2.9774e+14
4109.8748 2.9793e+14 2.9774e+14
4109.8864 2.9793e+14 2.9774e+14
4109.8980 2.9793e+14 2.9774e+14
4109.9095 2.9793e+14 2.9774e+14
4109.9211 2.9793e+14 2.9774e+14
4109.9327 2.9793e+14 2.9774e+14
4109.9442 2.9793e+14 2.9774e+14
4109.9558 2.9793e+14 2.9774e+14
4109.9674 2.9793e+14 2.9775e+14
4109.9790 2.9793e+14 2.9775e+14
4109.9905 2.9793e+14 2.9775e+14
4110.0021 2.9793e+14 2.9775e+14
4110.0137 2.9793e+14 2.9775e+14
4110.0252 2.9793e+14 2.9775e+14
4110.0368 2.9794e+14 2.9775e+14
4110.0484 2.9794e+14 2.9775e+14
4110.0600 2.9794e+14 2.9775e+14
4110.0715 2.9794e+14 2.9775e+14
4110.0831 2.9794e+14 2.9775e+14
4110.0947 2.9794e+14 2.9775e+14
4110.1062 2.9794e+14 2.9775e+14
4110.1178 2.9794e+14 2.9776e+14
4110.1294 2.9794e+14 2.9776e+14
4110.1410 2.9794e+14 2.9776e+14
4110.1525 2.9794e+14 2.9776e+14
4110.1641 2.9794e+14 2.9776e+14
4110.1757 2.9794e+14 2.9776e+14
4110.1872 2.9794e+14 2.9776e+14
4110.1988 2.9795e+14 2.9776e+14
4110.2104 2.9795e+14 2.9776e+14
4110.2219 2.9795e+14 2.9776e+14
4110.2335 2.9795e+14 2.9776e+14
4110.2451 2.9795e+14 2.9776e+14
4110.2567 2.9795e+14 2.9777e+14
4110.2682 2.9795e+14 2.9777e+14
4110.2798 2.9795e+14 2.9777e+14
4110.2914 2.9795e+14 2.9777e+14
4110.3029 2.9795e+14 2.9777e+14
4110.3145 2.9795e+14 2.9777e+14
4110.3261 2.9795e+14 2.9777e+14
4110.3377 2.9795e+14 2.9777e+14
4110.3492 2.9795e+14 2.9777e+14
4110.3608 2.9796e+14 2.9777e+14
4110.3724 2.9796e+14 2.9777e+14
4110.3839 2.9796e+14 2.9777e+14
4110.3955 2.9796e+14 2.9777e+14
4110.4071 2.9796e+14 2.9778e+14
4110.4187 2.9796e+14 2.9778e+14
4110.4302 2.9796e+14 2.9778e+14
4110.4418 2.9796e+14 2.9778e+14
4110.4534 2.9796e+14 2.9778e+14
4110.4649 2.9796e+14 2.9778e+14
4110.4765 2.9796e+14 2.9778e+14
4110.4881 2.9796e+14 2.9778e+14
4110.4996 2.9796e+14 2.9778e+14
4110.5112 2.9796e+14 2.9778e+14
4110.5228 2.9797e+14 2.9778e+14
4110.5344 2.9797e+14 2.9778e+14
4110.5459 2.9797e+14 2.9779e+14
4110.5575 2.9797e+14 2.9779e+14
4110.5691 2.9797e+14 2.9779e+14
4110.5806 2.9797e+14 2.9779e+14
4110.5922 2.9797e+14 2.9779e+14
4110.6038 2.9797e+14 2.9779e+14
4110.6154 2.9797e+14 2.9779e+14
4110.6269 2.9797e+14 2.9779e+14
4110.6385 2.9797e+14 2.9779e+14
4110.6501 2.9797e+14 2.9779e+14
4110.6616 2.9797e+14 2.9779e+14
4110.6732 2.9797e+14 2.9779e+14
4110.6848 2.9798e+14 2.9779e+14
4110.6964 2.9798e+14 2.9780e+14
4110.7079 2.9798e+14 2.9780e+14
4110.7195 2.9798e+14 2.9780e+14
4110.7311 2.9798e+14 2.9780e+14
4110.7426 2.9798e+14 2.9780e+14
4110.7542 2.9798e+14 2.9780e+14
4110.7658 2.9798e+14 2.9780e+14
4110.7773 2.9798e+14 2.9780e+14
4110.7889 2.9798e+14 2.9780e+14
4110.8005 2.9798e+14 2.9780e+14
4110.8121 2.9798e+14 2.9780e+14
4110.8236 2.9798e+14 2.9780e+14
4110.8352 2.9798e+14 2.9781e+14
4110.8468 2.9799e+14 2.9781e+14
4110.8583 2.9799e+14 2.9781e+14
4110.8699 2.9799e+14 2.9781e+14
4110.8815 2.9799e+14 2.9781e+14
4110.8931 2.9799e+14 2.9781e+14
4110.9046 2.9799e+14 2.9781e+14
4110.9162 2.9799e+14 2.9781e+14
4110.9278 2.9799e+14 2.9781e+14
4110.9393 2.9799e+14 2.9781e+14
4110.9509 2.9799e+14 2.9781e+14
4110.9625 2.9799e+14 2.9781e+14
4110.9741 2.9799e+14 2.9781e+14
4110.9856 2.9799e+14 2.9782e+14
4110.9972 2.9799e+14 2.9782e+14
4111.0088 2.9800e+14 2.9782e+14
4111.0203 2.9800e+14 2.9782e+14
4111.0319 2.9800e+14 2.9782e+14
4111.0435 2.9800e+14 2.9782e+14
4111.0550 2.9800e+14 2.9782e+14
4111.0666 2.9800e+14 2.9782e+14
4111.0782 2.9800e+14 2.9782e+14
4111.0898 2.9800e+14 2.9782e+14
4111.1013 2.9800e+14 2.9782e+14
4111.1129 2.9800e+14 2.9782e+14
4111.1245 2.9800e+14 2.9783e+14
4111.1360 2.9800e+14 2.9783e+14
4111.1476 2.9800e+14 2.9783e+14
4111.1592 2.9800e+14 2.9783e+14
4111.1708 2.9801e+14 2.9783e+14
4111.1823 2.9801e+14 2.9783e+14
4111.1939 2.9801e+14 2.9783e+14
4111.2055 2.9801e+14 2.9783e+14
4111.2170 2.9801e+14 2.9783e+14
4111.2286 2.9801e+14 2.9783e+14
4111.2402 2.9801e+14 2.9783e+14
4111.2518 2.9801e+14 2.9783e+14
4111.2633 2.9801e+14 2.9783e+14
4111.2749 2.9801e+14 2.9784e+14
4111.2865 2.9801e+14 2.9784e+14
4111.2980 2.9801e+14 2.9784e+14
4111.3096 2.9801e+14 2.9784e+14
4111.3212 2.9801e+14 2.9784e+14
4111.3327 2.9802e+14 2.9784e+14
4111.3443 2.9802e+14 2.9784e+14
4111.3559 2.9802e+14 2.9784e+14
4111.3675 2.9802e+14 2.9784e+14
4111.3790 2.9802e+14 2.9784e+14
4111.3906 2.9802e+14 2.9784e+14
4111.4022 2.9802e+14 2.9784e+14
4111.4137 2.9802e+14 2.9785e+14
4111.4253 2.9802e+14 2.9785e+14
4111.4369 2.9802e+14 2.9785e+14
4111.4485 2.9802e+14 2.9785e+14
4111.4600 2.9802e+14 2.9785e+14
4111.4716 2.9802e+14 2.9785e+14
4111.4832 2.9802e+14 2.9785e+14
4111.4947 2.9803e+14 2.9785e+14
4111.5063 2.9803e+14 2.9785e+14
4111.5179 2.9803e+14 2.9785e+14
4111.5295 2.9803e+14 2.9785e+14
4111.5410 2.9803e+14 2.9785e+14
4111.5526 2.9803e+14 2.9785e+14
4111.5642 2.9803e+14 2.9786e+14
4111.5757 2.9803e+14 2.9786e+14
4111.5873 2.9803e+14 2.9786e+14
4111.5989 2.9803e+14 2.9786e+14
4111.6105 2.9803e+14 2.9786e+14
4111.6220 2.9803e+14 2.9786e+14
4111.6336 2.9803e+14 2.9786e+14
4111.6452 2.9803e+14 2.9786e+14
4111.6567 2.9803e+14 2.9786e+14
4111.6683 2.9804e+14 2.9786e+14
4111.6799 2.9804e+14 2.9786e+14
4111.6914 2.9804e+14 2.9786e+14
4111.7030 2.9804e+14 2.9787e+14
4111.7146 2.9804e+14 2.9787e+14
4111.7262 2.9804e+14 2.9787e+14
4111.7377 2.9804e+14 2.9787e+14
4111.7493 2.9804e+14 2.9787e+14
4111.7609 2.9804e+14 2.9787e+14
4111.7724 2.9804e+14 2.9787e+14
4111.7840 2.9804e+14 2.9787e+14
4111.7956 2.9804e+14 2.9787e+14
4111.8072 2.9804e+14 2.9787e+14
4111.8187 2.9804e+14 2.9787e+14
4111.8303 2.9805e+14 2.9787e+14
4111.8419 2.9805e+14 2.9787e+14
4111.8534 2.9805e+14 2.9788e+14
4111.8650 2.9805e+14 2.9788e+14
4111.8766 2.9805e+14 2.9788e+14
4111.8882 2.9805e+14 2.9788e+14
4111.8997 2.9805e+14 2.9788e+14
4111.9113 2.9805e+14 2.9788e+14
4111.9229 2.9805e+14 2.9788e+14
4111.9344 2.9805e+14 2.9788e+14
4111.9460 2.9805e+14 2.9788e+14
4111.9576 2.9805e+14 2.9788e+14
4111.9691 2.9805e+14 2.9788e+14
4111.9807 2.9805e+14 2.9788e+14
4111.9923 2.9806e+14 2.9789e+14
4112.0039 2.9806e+14 2.9789e+14
4112.0154 2.9806e+14 2.9789e+14
4112.0270 2.9806e+14 2.9789e+14
4112.0386 2.9806e+14 2.9789e+14
4112.0501 2.9806e+14 2.9789e+14
4112.0617 2.9806e+14 2.9789e+14
4112.0733 2.9806e+14 2.9789e+14
4112.0849 2.9806e+14 2.9789e+14
4112.0964 2.9806e+14 2.9789e+14
4112.1080 2.9806e+14 2.9789e+14
4112.1196 2.9806e+14 2.9789e+14
4112.1311 2.9806e+14 2.9789e+14
4112.1427 2.9806e+14 2.9790e+14
4112.1543 2.9807e+14 2.9790e+14
4112.1659 2.9807e+14 2.9790e+14
4112.1774 2.9807e+14 2.9790e+14
4112.1890 2.9807e+14 2.9790e+14
4112.2006 2.9807e+14 2.9790e+14
4112.2121 2.9807e+14 2.9790e+14
4112.2237 2.9807e+14 2.9790e+14
4112.2353 2.9807e+14 2.9790e+14
4112.2468 2.9807e+14 2.9790e+14
4112.2584 2.9807e+14 2.9790e+14
4112.2700 2.9807e+14 2.9790e+14
4112.2816 2.9807e+14 2.9791e+14
4112.2931 2.9807e+14 2.9791e+14
4112.3047 2.9807e+14 2.9791e+14
4112.3163 2.9808e+14 2.9791e+14
4112.3278 2.9808e+14 2.9791e+14
4112.3394 2.9808e+14 2.9791e+14
4112.3510 2.9808e+14 2.9791e+14
4112.3626 2.9808e+14 2.9791e+14
4112.3741 2.9808e+14 2.9791e+14
4112.3857 2.9808e+14 2.9791e+14
4112.3973 2.9808e+14 2.9791e+14
4112.4088 2.9808e+14 2.9791e+14
4112.4204 2.9808e+14 2.9791e+14
4112.4320 2.9808e+14 2.9792e+14
4112.4436 2.9808e+14 2.9792e+14
4112.4551 2.9808e+14 2.9792e+14
4112.4667 2.9808e+14 2.9792e+14
4112.4783 2.9809e+14 2.9792e+14
4112.4898 2.9809e+14 2.9792e+14
4112.5014 2.9809e+14 2.9792e+14
4112.5130 2.9809e+14 2.9792e+14
4112.5245 2.9809e+14 2.9792e+14
4112.5361 2.9809e+14 2.9792e+14
4112.5477 2.9809e+14 2.9792e+14
4112.5593 2.9809e+14 2.9792e+14
4112.5708 2.9809e+14 2.9793e+14
4112.5824 2.9809e+14 2.9793e+14
4112.5940 2.9809e+14 2.9793e+14
4112.6055 2.9809e+14 2.9793e+14
4112.6171 2.9809e+14 2.9793e+14
4112.6287 2.9809e+14 2.9793e+14
4112.6403 2.9810e+14 2.9793e+14
4112.6518 2.9810e+14 2.9793e+14
4112.6634 2.9810e+14 2.9793e+14
4112.6750 2.9810e+14 2.9793e+14
4112.6865 2.9810e+14 2.9793e+14
4112.6981 2.9810e+14 2.9793e+14
4112.7097 2.9810e+14 2.9793e+14
4112.7213 2.9810e+14 2.9794e+14
4112.7328 2.9810e+14 2.9794e+14
4112.7444 2.9810e+14 2.9794e+14
4112.7560 2.9810e+14 2.9794e+14
4112.7675 2.9810e+14 2.9794e+14
4112.7791 2.9810e+14 2.9794e+14
4112.7907 2.9810e+14 2.9794e+14
4112.8023 2.9811e+14 2.9794e+14
4112.8138 2.9811e+14 2.9794e+14
4112.8254 2.9811e+14 2.9794e+14
4112.8370 2.9811e+14 2.9794e+14
4112.8485 2.9811e+14 2.9794e+14
4112.8601 2.9811e+14 2.9795e+14
4112.8717 2.9811e+14 2.9795e+14
4112.8832 2.9811e+14 2.9795e+14
4112.8948 2.9811e+14 2.9795e+14
4112.9064 2.9811e+14 2.9795e+14
4112.9180 2.9811e+14 2.9795e+14
4112.9295 2.9811e+14 2.9795e+14
4112.9411 2.9811e+14 2.9795e+14
4112.9527 2.9811e+14 2.9795e+14
4112.9642 2.9812e+14 2.9795e+14
4112.9758 2.9812e+14 2.9795e+14
4112.9874 2.9812e+14 2.9795e+14
4112.9990 2.9812e+14 2.9795e+14
4113.0105 2.9812e+14 2.9796e+14
4113.0221 2.9812e+14 2.9796e+14
4113.0337 2.9812e+14 2.9796e+14
4113.0452 2.9812e+14 2.9796e+14
4113.0568 2.9812e+14 2.9796e+14
4113.0684 2.9812e+14 2.9796e+14
4113.0800 2.9812e+14 2.9796e+14
4113.0915 2.9812e+14 2.9796e+14
4113.1031 2.9812e+14 2.9796e+14
4113.1147 2.9812e+14 2.9796e+14
4113.1262 2.9813e+14 2.9796e+14
4113.1378 2.9813e+14 2.9796e+14
4113.1494 2.9813e+14 2.9797e+14
4113.1609 2.9813e+14 2.9797e+14
4113.1725 2.9813e+14 2.9797e+14
4113.1841 2.9813e+14 2.9797e+14
4113.1957 2.9813e+14 2.9797e+14
4113.2072 2.9813e+14 2.9797e+14
4113.2188 2.9813e+14 2.9797e+14
4113.2304 2.9813e+14 2.9797e+14
4113.2419 2.9813e+14 2.9797e+14
4113.2535 2.9813e+14 2.9797e+14
4113.2651 2.9813e+14 2.9797e+14
