# Wavelength(Å) I_cont(erg/s/cm2/Å/sr) I_abs(erg/s/cm2/Å/sr)
3957.1742 1.3178e+15 3.8702e+14
3957.1872 1.3178e+15 3.8674e+14
3957.2001 1.3178e+15 3.8646e+14
3957.2130 1.3178e+15 3.8618e+14
3957.2260 1.3178e+15 3.8589e+14
3957.2389 1.3178e+15 3.8561e+14
3957.2518 1.3178e+15 3.8533e+14
3957.2648 1.3178e+15 3.8505e+14
3957.2777 1.3178e+15 3.8477e+14
3957.2906 1.3178e+15 3.8449e+14
3957.3036 1.3178e+15 3.8421e+14
3957.3165 1.3178e+15 3.8393e+14
3957.3294 1.3178e+15 3.8364e+14
3957.3424 1.3178e+15 3.8336e+14
3957.3553 1.3178e+15 3.8308e+14
3957.3682 1.3178e+15 3.8280e+14
3957.3812 1.3177e+15 3.8252e+14
3957.3941 1.3177e+15 3.8224e+14
3957.4070 1.3177e+15 3.8196e+14
3957.4200 1.3177e+15 3.8168e+14
3957.4329 1.3177e+15 3.8140e+14
3957.4458 1.3177e+15 3.8112e+14
3957.4588 1.3177e+15 3.8085e+14
3957.4717 1.3177e+15 3.8057e+14
3957.4846 1.3177e+15 3.8029e+14
3957.4976 1.3177e+15 3.8001e+14
3957.5105 1.3177e+15 3.7973e+14
3957.5234 1.3177e+15 3.7945e+14
3957.5364 1.3177e+15 3.7917e+14
3957.5493 1.3177e+15 3.7890e+14
3957.5622 1.3177e+15 3.7862e+14
3957.5751 1.3177e+15 3.7834e+14
3957.5881 1.3177e+15 3.7806e+14
3957.6010 1.3177e+15 3.7779e+14
3957.6139 1.3177e+15 3.7751e+14
3957.6269 1.3177e+15 3.7723e+14
3957.6398 1.3177e+15 3.7695e+14
3957.6527 1.3177e+15 3.7668e+14
3957.6657 1.3177e+15 3.7640e+14
3957.6786 1.3177e+15 3.7612e+14
3957.6915 1.3177e+15 3.7585e+14
3957.7045 1.3177e+15 3.7557e+14
3957.7174 1.3177e+15 3.7530e+14
3957.7303 1.3177e+15 3.7502e+14
3957.7433 1.3177e+15 3.7474e+14
3957.7562 1.3177e+15 3.7447e+14
3957.7691 1.3177e+15 3.7419e+14
3957.7821 1.3177e+15 3.7392e+14
3957.7950 1.3177e+15 3.7364e+14
3957.8079 1.3177e+15 3.7337e+14
3957.8209 1.3177e+15 3.7310e+14
3957.8338 1.3177e+15 3.7282e+14
3957.8467 1.3177e+15 3.7255e+14
3957.8597 1.3177e+15 3.7227e+14
3957.8726 1.3177e+15 3.7200e+14
3957.8855 1.3177e+15 3.7172e+14
3957.8985 1.3177e+15 3.7145e+14
3957.9114 1.3177e+15 3.7118e+14
3957.9243 1.3177e+15 3.7091e+14
3957.9373 1.3177e+15 3.7063e+14
3957.9502 1.3177e+15 3.7036e+14
3957.9631 1.3177e+15 3.7009e+14
3957.9760 1.3177e+15 3.6981e+14
3957.9890 1.3177e+15 3.6954e+14
3958.0019 1.3177e+15 3.6927e+14
3958.0148 1.3177e+15 3.6900e+14
3958.0278 1.3177e+15 3.6873e+14
3958.0407 1.3177e+15 3.6845e+14
3958.0536 1.3177e+15 3.6818e+14
3958.0666 1.3177e+15 3.6791e+14
3958.0795 1.3177e+15 3.6764e+14
3958.0924 1.3177e+15 3.6737e+14
3958.1054 1.3177e+15 3.6710e+14
3958.1183 1.3176e+15 3.6683e+14
3958.1312 1.3176e+15 3.6656e+14
3958.1442 1.3176e+15 3.6629e+14
3958.1571 1.3176e+15 3.6602e+14
3958.1700 1.3176e+15 3.6575e+14
3958.1830 1.3176e+15 3.6548e+14
3958.1959 1.3176e+15 3.6521e+14
3958.2088 1.3176e+15 3.6494e+14
3958.2218 1.3176e+15 3.6467e+14
3958.2347 1.3176e+15 3.6440e+14
3958.2476 1.3176e+15 3.6413e+14
3958.2606 1.3176e+15 3.6387e+14
3958.2735 1.3176e+15 3.6360e+14
3958.2864 1.3176e+15 3.6333e+14
3958.2994 1.3176e+15 3.6306e+14
3958.3123 1.3176e+15 3.6279e+14
3958.3252 1.3176e+15 3.6253e+14
3958.3381 1.3176e+15 3.6226e+14
3958.3511 1.3176e+15 3.6199e+14
3958.3640 1.3176e+15 3.6172e+14
3958.3769 1.3176e+15 3.6146e+14
3958.3899 1.3176e+15 3.6119e+14
3958.4028 1.3176e+15 3.6092e+14
3958.4157 1.3176e+15 3.6066e+14
3958.4287 1.3176e+15 3.6039e+14
3958.4416 1.3176e+15 3.6013e+14
3958.4545 1.3176e+15 3.5986e+14
3958.4675 1.3176e+15 3.5959e+14
3958.4804 1.3176e+15 3.5933e+14
3958.4933 1.3176e+15 3.5906e+14
3958.5063 1.3176e+15 3.5880e+14
3958.5192 1.3176e+15 3.5853e+14
3958.5321 1.3176e+15 3.5827e+14
3958.5451 1.3176e+15 3.5801e+14
3958.5580 1.3176e+15 3.5774e+14
3958.5709 1.3176e+15 3.5748e+14
3958.5839 1.3176e+15 3.5721e+14
3958.5968 1.3176e+15 3.5695e+14
3958.6097 1.3176e+15 3.5669e+14
3958.6227 1.3176e+15 3.5642e+14
3958.6356 1.3176e+15 3.5616e+14
3958.6485 1.3176e+15 3.5590e+14
3958.6615 1.3176e+15 3.5564e+14
3958.6744 1.3176e+15 3.5537e+14
3958.6873 1.3176e+15 3.5511e+14
3958.7003 1.3176e+15 3.5485e+14
3958.7132 1.3176e+15 3.5459e+14
3958.7261 1.3176e+15 3.5433e+14
3958.7390 1.3176e+15 3.5406e+14
3958.7520 1.3176e+15 3.5380e+14
3958.7649 1.3176e+15 3.5354e+14
3958.7778 1.3176e+15 3.5328e+14
3958.7908 1.3176e+15 3.5302e+14
3958.8037 1.3176e+15 3.5276e+14
3958.8166 1.3176e+15 3.5250e+14
3958.8296 1.3176e+15 3.5224e+14
3958.8425 1.3176e+15 3.5198e+14
3958.8554 1.3175e+15 3.5172e+14
3958.8684 1.3175e+15 3.5146e+14
3958.8813 1.3175e+15 3.5120e+14
3958.8942 1.3175e+15 3.5094e+14
3958.9072 1.3175e+15 3.5068e+14
3958.9201 1.3175e+15 3.5042e+14
3958.9330 1.3175e+15 3.5017e+14
3958.9460 1.3175e+15 3.4991e+14
3958.9589 1.3175e+15 3.4965e+14
3958.9718 1.3175e+15 3.4939e+14
3958.9848 1.3175e+15 3.4913e+14
3958.9977 1.3175e+15 3.4888e+14
3959.0106 1.3175e+15 3.4862e+14
3959.0236 1.3175e+15 3.4836e+14
3959.0365 1.3175e+15 3.4811e+14
3959.0494 1.3175e+15 3.4785e+14
3959.0624 1.3175e+15 3.4759e+14
3959.0753 1.3175e+15 3.4734e+14
3959.0882 1.3175e+15 3.4708e+14
3959.1012 1.3175e+15 3.4682e+14
3959.1141 1.3175e+15 3.4657e+14
3959.1270 1.3175e+15 3.4631e+14
3959.1399 1.3175e+15 3.4606e+14
3959.1529 1.3175e+15 3.4580e+14
3959.1658 1.3175e+15 3.4555e+14
3959.1787 1.3175e+15 3.4529e+14
3959.1917 1.3175e+15 3.4504e+14
3959.2046 1.3175e+15 3.4479e+14
3959.2175 1.3175e+15 3.4453e+14
3959.2305 1.3175e+15 3.4428e+14
3959.2434 1.3175e+15 3.4402e+14
3959.2563 1.3175e+15 3.4377e+14
3959.2693 1.3175e+15 3.4352e+14
3959.2822 1.3175e+15 3.4327e+14
3959.2951 1.3175e+15 3.4301e+14
3959.3081 1.3175e+15 3.4276e+14
3959.3210 1.3175e+15 3.4251e+14
3959.3339 1.3175e+15 3.4226e+14
3959.3469 1.3175e+15 3.4200e+14
3959.3598 1.3175e+15 3.4175e+14
3959.3727 1.3175e+15 3.4150e+14
3959.3857 1.3175e+15 3.4125e+14
3959.3986 1.3175e+15 3.4100e+14
3959.4115 1.3175e+15 3.4075e+14
3959.4245 1.3175e+15 3.4050e+14
3959.4374 1.3175e+15 3.4025e+14
3959.4503 1.3175e+15 3.4000e+14
3959.4633 1.3175e+15 3.3975e+14
3959.4762 1.3175e+15 3.3950e+14
3959.4891 1.3175e+15 3.3925e+14
3959.5020 1.3175e+15 3.3900e+14
3959.5150 1.3175e+15 3.3875e+14
3959.5279 1.3175e+15 3.3850e+14
3959.5408 1.3175e+15 3.3825e+14
3959.5538 1.3175e+15 3.3801e+14
3959.5667 1.3175e+15 3.3776e+14
3959.5796 1.3175e+15 3.3751e+14
3959.5926 1.3174e+15 3.3726e+14
3959.6055 1.3174e+15 3.3701e+14
3959.6184 1.3174e+15 3.3677e+14
3959.6314 1.3174e+15 3.3652e+14
3959.6443 1.3174e+15 3.3627e+14
3959.6572 1.3174e+15 3.3603e+14
3959.6702 1.3174e+15 3.3578e+14
3959.6831 1.3174e+15 3.3553e+14
3959.6960 1.3174e+15 3.3529e+14
3959.7090 1.3174e+15 3.3504e+14
3959.7219 1.3174e+15 3.3480e+14
3959.7348 1.3174e+15 3.3455e+14
3959.7478 1.3174e+15 3.3431e+14
3959.7607 1.3174e+15 3.3406e+14
3959.7736 1.3174e+15 3.3382e+14
3959.7866 1.3174e+15 3.3357e+14
3959.7995 1.3174e+15 3.3333e+14
3959.8124 1.3174e+15 3.3309e+14
3959.8254 1.3174e+15 3.3284e+14
3959.8383 1.3174e+15 3.3260e+14
3959.8512 1.3174e+15 3.3235e+14
3959.8642 1.3174e+15 3.3211e+14
3959.8771 1.3174e+15 3.3187e+14
3959.8900 1.3174e+15 3.3163e+14
3959.9029 1.3174e+15 3.3138e+14
3959.9159 1.3174e+15 3.3114e+14
3959.9288 1.3174e+15 3.3090e+14
3959.9417 1.3174e+15 3.3066e+14
3959.9547 1.3174e+15 3.3042e+14
3959.9676 1.3174e+15 3.3018e+14
3959.9805 1.3174e+15 3.2994e+14
3959.9935 1.3174e+15 3.2969e+14
3960.0064 1.3174e+15 3.2945e+14
3960.0193 1.3174e+15 3.2921e+14
3960.0323 1.3174e+15 3.2897e+14
3960.0452 1.3174e+15 3.2873e+14
3960.0581 1.3174e+15 3.2849e+14
3960.0711 1.3174e+15 3.2826e+14
3960.0840 1.3174e+15 3.2802e+14
3960.0969 1.3174e+15 3.2778e+14
3960.1099 1.3174e+15 3.2754e+14
3960.1228 1.3174e+15 3.2730e+14
3960.1357 1.3174e+15 3.2706e+14
3960.1487 1.3174e+15 3.2682e+14
3960.1616 1.3174e+15 3.2659e+14
3960.1745 1.3174e+15 3.2635e+14
3960.1875 1.3174e+15 3.2611e+14
3960.2004 1.3174e+15 3.2588e+14
3960.2133 1.3174e+15 3.2564e+14
3960.2263 1.3174e+15 3.2540e+14
3960.2392 1.3174e+15 3.2517e+14
3960.2521 1.3174e+15 3.2493e+14
3960.2650 1.3174e+15 3.2469e+14
3960.2780 1.3174e+15 3.2446e+14
3960.2909 1.3174e+15 3.2422e+14
3960.3038 1.3174e+15 3.2399e+14
3960.3168 1.3173e+15 3.2375e+14
3960.3297 1.3173e+15 3.2352e+14
3960.3426 1.3173e+15 3.2328e+14
3960.3556 1.3173e+15 3.2305e+14
3960.3685 1.3173e+15 3.2282e+14
3960.3814 1.3173e+15 3.2258e+14
3960.3944 1.3173e+15 3.2235e+14
3960.4073 1.3173e+15 3.2212e+14
3960.4202 1.3173e+15 3.2188e+14
3960.4332 1.3173e+15 3.2165e+14
3960.4461 1.3173e+15 3.2142e+14
3960.4590 1.3173e+15 3.2119e+14
3960.4720 1.3173e+15 3.2095e+14
3960.4849 1.3173e+15 3.2072e+14
3960.4978 1.3173e+15 3.2049e+14
3960.5108 1.3173e+15 3.2026e+14
3960.5237 1.3173e+15 3.2003e+14
3960.5366 1.3173e+15 3.1980e+14
3960.5496 1.3173e+15 3.1957e+14
3960.5625 1.3173e+15 3.1934e+14
3960.5754 1.3173e+15 3.1911e+14
3960.5884 1.3173e+15 3.1888e+14
3960.6013 1.3173e+15 3.1865e+14
3960.6142 1.3173e+15 3.1842e+14
3960.6272 1.3173e+15 3.1819e+14
3960.6401 1.3173e+15 3.1796e+14
3960.6530 1.3173e+15 3.1773e+14
3960.6659 1.3173e+15 3.1750e+14
3960.6789 1.3173e+15 3.1728e+14
3960.6918 1.3173e+15 3.1705e+14
3960.7047 1.3173e+15 3.1682e+14
3960.7177 1.3173e+15 3.1659e+14
3960.7306 1.3173e+15 3.1637e+14
3960.7435 1.3173e+15 3.1614e+14
3960.7565 1.3173e+15 3.1591e+14
3960.7694 1.3173e+15 3.1569e+14
3960.7823 1.3173e+15 3.1546e+14
3960.7953 1.3173e+15 3.1523e+14
3960.8082 1.3173e+15 3.1501e+14
3960.8211 1.3173e+15 3.1478e+14
3960.8341 1.3173e+15 3.1456e+14
3960.8470 1.3173e+15 3.1433e+14
3960.8599 1.3173e+15 3.1411e+14
3960.8729 1.3173e+15 3.1388e+14
3960.8858 1.3173e+15 3.1366e+14
3960.8987 1.3173e+15 3.1344e+14
3960.9117 1.3173e+15 3.1321e+14
3960.9246 1.3173e+15 3.1299e+14
3960.9375 1.3173e+15 3.1277e+14
3960.9505 1.3173e+15 3.1254e+14
3960.9634 1.3173e+15 3.1232e+14
3960.9763 1.3173e+15 3.1210e+14
3960.9893 1.3173e+15 3.1188e+14
3961.0022 1.3173e+15 3.1165e+14
3961.0151 1.3173e+15 3.1143e+14
3961.0281 1.3173e+15 3.1121e+14
3961.0410 1.3173e+15 3.1099e+14
3961.0539 1.3172e+15 3.1077e+14
3961.0668 1.3172e+15 3.1055e+14
3961.0798 1.3172e+15 3.1033e+14
3961.0927 1.3172e+15 3.1011e+14
3961.1056 1.3172e+15 3.0989e+14
3961.1186 1.3172e+15 3.0967e+14
3961.1315 1.3172e+15 3.0945e+14
3961.1444 1.3172e+15 3.0923e+14
3961.1574 1.3172e+15 3.0901e+14
3961.1703 1.3172e+15 3.0879e+14
3961.1832 1.3172e+15 3.0858e+14
3961.1962 1.3172e+15 3.0836e+14
3961.2091 1.3172e+15 3.0814e+14
3961.2220 1.3172e+15 3.0792e+14
3961.2350 1.3172e+15 3.0771e+14
3961.2479 1.3172e+15 3.0749e+14
3961.2608 1.3172e+15 3.0727e+14
3961.2738 1.3172e+15 3.0706e+14
3961.2867 1.3172e+15 3.0684e+14
3961.2996 1.3172e+15 3.0662e+14
3961.3126 1.3172e+15 3.0641e+14
3961.3255 1.3172e+15 3.0619e+14
3961.3384 1.3172e+15 3.0598e+14
3961.3514 1.3172e+15 3.0576e+14
3961.3643 1.3172e+15 3.0555e+14
3961.3772 1.3172e+15 3.0533e+14
3961.3902 1.3172e+15 3.0512e+14
3961.4031 1.3172e+15 3.0491e+14
3961.4160 1.3172e+15 3.0469e+14
3961.4289 1.3172e+15 3.0448e+14
3961.4419 1.3172e+15 3.0427e+14
3961.4548 1.3172e+15 3.0405e+14
3961.4677 1.3172e+15 3.0384e+14
3961.4807 1.3172e+15 3.0363e+14
3961.4936 1.3172e+15 3.0342e+14
3961.5065 1.3172e+15 3.0321e+14
3961.5195 1.3172e+15 3.0299e+14
3961.5324 1.3172e+15 3.0278e+14
3961.5453 1.3172e+15 3.0257e+14
3961.5583 1.3172e+15 3.0236e+14
3961.5712 1.3172e+15 3.0215e+14
3961.5841 1.3172e+15 3.0194e+14
3961.5971 1.3172e+15 3.0173e+14
3961.6100 1.3172e+15 3.0152e+14
3961.6229 1.3172e+15 3.0131e+14
3961.6359 1.3172e+15 3.0110e+14
3961.6488 1.3172e+15 3.0090e+14
3961.6617 1.3172e+15 3.0069e+14
3961.6747 1.3172e+15 3.0048e+14
3961.6876 1.3172e+15 3.0027e+14
3961.7005 1.3172e+15 3.0006e+14
3961.7135 1.3172e+15 2.9986e+14
3961.7264 1.3172e+15 2.9965e+14
3961.7393 1.3172e+15 2.9944e+14
3961.7523 1.3172e+15 2.9924e+14
3961.7652 1.3172e+15 2.9903e+14
3961.7781 1.3172e+15 2.9882e+14
3961.7911 1.3171e+15 2.9862e+14
3961.8040 1.3171e+15 2.9841e+14
3961.8169 1.3171e+15 2.9821e+14
3961.8298 1.3171e+15 2.9800e+14
3961.8428 1.3171e+15 2.9780e+14
3961.8557 1.3171e+15 2.9759e+14
3961.8686 1.3171e+15 2.9739e+14
3961.8816 1.3171e+15 2.9718e+14
3961.8945 1.3171e+15 2.9698e+14
3961.9074 1.3171e+15 2.9678e+14
3961.9204 1.3171e+15 2.9657e+14
3961.9333 1.3171e+15 2.9637e+14
3961.9462 1.3171e+15 2.9617e+14
3961.9592 1.3171e+15 2.9597e+14
3961.9721 1.3171e+15 2.9576e+14
3961.9850 1.3171e+15 2.9556e+14
3961.9980 1.3171e+15 2.9536e+14
3962.0109 1.3171e+15 2.9516e+14
3962.0238 1.3171e+15 2.9496e+14
3962.0368 1.3171e+15 2.9476e+14
3962.0497 1.3171e+15 2.9456e+14
3962.0626 1.3171e+15 2.9436e+14
3962.0756 1.3171e+15 2.9416e+14
3962.0885 1.3171e+15 2.9396e+14
3962.1014 1.3171e+15 2.9376e+14
3962.1144 1.3171e+15 2.9356e+14
3962.1273 1.3171e+15 2.9336e+14
3962.1402 1.3171e+15 2.9316e+14
3962.1532 1.3171e+15 2.9297e+14
3962.1661 1.3171e+15 2.9277e+14
3962.1790 1.3171e+15 2.9257e+14
3962.1919 1.3171e+15 2.9237e+14
3962.2049 1.3171e+15 2.9218e+14
3962.2178 1.3171e+15 2.9198e+14
3962.2307 1.3171e+15 2.9178e+14
3962.2437 1.3171e+15 2.9159e+14
3962.2566 1.3171e+15 2.9139e+14
3962.2695 1.3171e+15 2.9120e+14
3962.2825 1.3171e+15 2.9100e+14
3962.2954 1.3171e+15 2.9081e+14
3962.3083 1.3171e+15 2.9061e+14
3962.3213 1.3171e+15 2.9042e+14
3962.3342 1.3171e+15 2.9022e+14
3962.3471 1.3171e+15 2.9003e+14
3962.3601 1.3171e+15 2.8983e+14
3962.3730 1.3171e+15 2.8964e+14
3962.3859 1.3171e+15 2.8945e+14
3962.3989 1.3171e+15 2.8926e+14
3962.4118 1.3171e+15 2.8906e+14
3962.4247 1.3171e+15 2.8887e+14
3962.4377 1.3171e+15 2.8868e+14
3962.4506 1.3171e+15 2.8849e+14
3962.4635 1.3171e+15 2.8830e+14
3962.4765 1.3171e+15 2.8810e+14
3962.4894 1.3171e+15 2.8791e+14
3962.5023 1.3171e+15 2.8772e+14
3962.5153 1.3170e+15 2.8753e+14
3962.5282 1.3170e+15 2.8734e+14
3962.5411 1.3170e+15 2.8715e+14
3962.5541 1.3170e+15 2.8696e+14
3962.5670 1.3170e+15 2.8678e+14
3962.5799 1.3170e+15 2.8659e+14
3962.5928 1.3170e+15 2.8640e+14
3962.6058 1.3170e+15 2.8621e+14
3962.6187 1.3170e+15 2.8602e+14
3962.6316 1.3170e+15 2.8583e+14
3962.6446 1.3170e+15 2.8565e+14
3962.6575 1.3170e+15 2.8546e+14
3962.6704 1.3170e+15 2.8527e+14
3962.6834 1.3170e+15 2.8509e+14
3962.6963 1.3170e+15 2.8490e+14
3962.7092 1.3170e+15 2.8471e+14
3962.7222 1.3170e+15 2.8453e+14
3962.7351 1.3170e+15 2.8434e+14
3962.7480 1.3170e+15 2.8416e+14
3962.7610 1.3170e+15 2.8397e+14
3962.7739 1.3170e+15 2.8379e+14
3962.7868 1.3170e+15 2.8360e+14
3962.7998 1.3170e+15 2.8342e+14
3962.8127 1.3170e+15 2.8324e+14
3962.8256 1.3170e+15 2.8305e+14
3962.8386 1.3170e+15 2.8287e+14
3962.8515 1.3170e+15 2.8269e+14
3962.8644 1.3170e+15 2.8251e+14
3962.8774 1.3170e+15 2.8232e+14
3962.8903 1.3170e+15 2.8214e+14
3962.9032 1.3170e+15 2.8196e+14
3962.9162 1.3170e+15 2.8178e+14
3962.9291 1.3170e+15 2.8160e+14
3962.9420 1.3170e+15 2.8142e+14
3962.9550 1.3170e+15 2.8124e+14
3962.9679 1.3170e+15 2.8106e+14
3962.9808 1.3170e+15 2.8088e+14
3962.9937 1.3170e+15 2.8070e+14
3963.0067 1.3170e+15 2.8052e+14
3963.0196 1.3170e+15 2.8034e+14
3963.0325 1.3170e+15 2.8016e+14
3963.0455 1.3170e+15 2.7998e+14
3963.0584 1.3170e+15 2.7980e+14
3963.0713 1.3170e+15 2.7963e+14
3963.0843 1.3170e+15 2.7945e+14
3963.0972 1.3170e+15 2.7927e+14
3963.1101 1.3170e+15 2.7909e+14
3963.1231 1.3170e+15 2.7892e+14
3963.1360 1.3170e+15 2.7874e+14
3963.1489 1.3170e+15 2.7857e+14
3963.1619 1.3170e+15 2.7839e+14
3963.1748 1.3170e+15 2.7821e+14
3963.1877 1.3170e+15 2.7804e+14
3963.2007 1.3170e+15 2.7786e+14
3963.2136 1.3170e+15 2.7769e+14
3963.2265 1.3170e+15 2.7752e+14
3963.2395 1.3169e+15 2.7734e+14
3963.2524 1.3169e+15 2.7717e+14
3963.2653 1.3169e+15 2.7699e+14
3963.2783 1.3169e+15 2.7682e+14
3963.2912 1.3169e+15 2.7665e+14
3963.3041 1.3169e+15 2.7648e+14
3963.3171 1.3169e+15 2.7630e+14
3963.3300 1.3169e+15 2.7613e+14
3963.3429 1.3169e+15 2.7596e+14
3963.3558 1.3169e+15 2.7579e+14
3963.3688 1.3169e+15 2.7562e+14
3963.3817 1.3169e+15 2.7545e+14
3963.3946 1.3169e+15 2.7528e+14
3963.4076 1.3169e+15 2.7511e+14
3963.4205 1.3169e+15 2.7494e+14
3963.4334 1.3169e+15 2.7477e+14
3963.4464 1.3169e+15 2.7460e+14
3963.4593 1.3169e+15 2.7443e+14
3963.4722 1.3169e+15 2.7426e+14
3963.4852 1.3169e+15 2.7409e+14
3963.4981 1.3169e+15 2.7393e+14
3963.5110 1.3169e+15 2.7376e+14
3963.5240 1.3169e+15 2.7359e+14
3963.5369 1.3169e+15 2.7342e+14
3963.5498 1.3169e+15 2.7326e+14
3963.5628 1.3169e+15 2.7309e+14
3963.5757 1.3169e+15 2.7292e+14
3963.5886 1.3169e+15 2.7276e+14
3963.6016 1.3169e+15 2.7259e+14
3963.6145 1.3169e+15 2.7243e+14
3963.6274 1.3169e+15 2.7226e+14
3963.6404 1.3169e+15 2.7210e+14
3963.6533 1.3169e+15 2.7193e+14
3963.6662 1.3169e+15 2.7177e+14
3963.6792 1.3169e+15 2.7161e+14
3963.6921 1.3169e+15 2.7144e+14
3963.7050 1.3169e+15 2.7128e+14
3963.7180 1.3169e+15 2.7112e+14
3963.7309 1.3169e+15 2.7095e+14
3963.7438 1.3169e+15 2.7079e+14
3963.7567 1.3169e+15 2.7063e+14
3963.7697 1.3169e+15 2.7047e+14
3963.7826 1.3169e+15 2.7031e+14
3963.7955 1.3169e+15 2.7015e+14
3963.8085 1.3169e+15 2.6998e+14
3963.8214 1.3169e+15 2.6982e+14
3963.8343 1.3169e+15 2.6966e+14
3963.8473 1.3169e+15 2.6950e+14
3963.8602 1.3169e+15 2.6934e+14
3963.8731 1.3169e+15 2.6919e+14
3963.8861 1.3169e+15 2.6903e+14
3963.8990 1.3169e+15 2.6887e+14
3963.9119 1.3169e+15 2.6871e+14
3963.9249 1.3169e+15 2.6855e+14
3963.9378 1.3169e+15 2.6839e+14
3963.9507 1.3169e+15 2.6824e+14
3963.9637 1.3169e+15 2.6808e+14
3963.9766 1.3168e+15 2.6792e+14
3963.9895 1.3168e+15 2.6777e+14
3964.0025 1.3168e+15 2.6761e+14
3964.0154 1.3168e+15 2.6745e+14
3964.0283 1.3168e+15 2.6730e+14
3964.0413 1.3168e+15 2.6714e+14
3964.0542 1.3168e+15 2.6699e+14
3964.0671 1.3168e+15 2.6683e+14
3964.0801 1.3168e+15 2.6668e+14
3964.0930 1.3168e+15 2.6653e+14
3964.1059 1.3168e+15 2.6637e+14
3964.1189 1.3168e+15 2.6622e+14
3964.1318 1.3168e+15 2.6607e+14
3964.1447 1.3168e+15 2.6591e+14
3964.1576 1.3168e+15 2.6576e+14
3964.1706 1.3168e+15 2.6561e+14
3964.1835 1.3168e+15 2.6546e+14
3964.1964 1.3168e+15 2.6531e+14
3964.2094 1.3168e+15 2.6515e+14
3964.2223 1.3168e+15 2.6500e+14
3964.2352 1.3168e+15 2.6485e+14
3964.2482 1.3168e+15 2.6470e+14
3964.2611 1.3168e+15 2.6455e+14
3964.2740 1.3168e+15 2.6440e+14
3964.2870 1.3168e+15 2.6425e+14
3964.2999 1.3168e+15 2.6410e+14
3964.3128 1.3168e+15 2.6396e+14
3964.3258 1.3168e+15 2.6381e+14
3964.3387 1.3168e+15 2.6366e+14
3964.3516 1.3168e+15 2.6351e+14
3964.3646 1.3168e+15 2.6336e+14
3964.3775 1.3168e+15 2.6322e+14
3964.3904 1.3168e+15 2.6307e+14
3964.4034 1.3168e+15 2.6292e+14
3964.4163 1.3168e+15 2.6278e+14
3964.4292 1.3168e+15 2.6263e+14
3964.4422 1.3168e+15 2.6249e+14
3964.4551 1.3168e+15 2.6234e+14
3964.4680 1.3168e+15 2.6220e+14
3964.4810 1.3168e+15 2.6205e+14
3964.4939 1.3168e+15 2.6191e+14
3964.5068 1.3168e+15 2.6176e+14
3964.5197 1.3168e+15 2.6162e+14
3964.5327 1.3168e+15 2.6148e+14
3964.5456 1.3168e+15 2.6133e+14
3964.5585 1.3168e+15 2.6119e+14
3964.5715 1.3168e+15 2.6105e+14
3964.5844 1.3168e+15 2.6091e+14
3964.5973 1.3168e+15 2.6076e+14
3964.6103 1.3168e+15 2.6062e+14
3964.6232 1.3168e+15 2.6048e+14
3964.6361 1.3168e+15 2.6034e+14
3964.6491 1.3168e+15 2.6020e+14
3964.6620 1.3168e+15 2.6006e+14
3964.6749 1.3168e+15 2.5992e+14
3964.6879 1.3168e+15 2.5978e+14
3964.7008 1.3167e+15 2.5964e+14
3964.7137 1.3167e+15 2.5950e+14
3964.7267 1.3167e+15 2.5936e+14
3964.7396 1.3167e+15 2.5922e+14
3964.7525 1.3167e+15 2.5909e+14
3964.7655 1.3167e+15 2.5895e+14
3964.7784 1.3167e+15 2.5881e+14
3964.7913 1.3167e+15 2.5867e+14
3964.8043 1.3167e+15 2.5854e+14
3964.8172 1.3167e+15 2.5840e+14
3964.8301 1.3167e+15 2.5826e+14
3964.8431 1.3167e+15 2.5813e+14
3964.8560 1.3167e+15 2.5799e+14
3964.8689 1.3167e+15 2.5786e+14
3964.8819 1.3167e+15 2.5772e+14
3964.8948 1.3167e+15 2.5759e+14
3964.9077 1.3167e+15 2.5745e+14
3964.9206 1.3167e+15 2.5732e+14
3964.9336 1.3167e+15 2.5719e+14
3964.9465 1.3167e+15 2.5705e+14
3964.9594 1.3167e+15 2.5692e+14
3964.9724 1.3167e+15 2.5679e+14
3964.9853 1.3167e+15 2.5666e+14
3964.9982 1.3167e+15 2.5652e+14
3965.0112 1.3167e+15 2.5639e+14
3965.0241 1.3167e+15 2.5626e+14
3965.0370 1.3167e+15 2.5613e+14
3965.0500 1.3167e+15 2.5600e+14
3965.0629 1.3167e+15 2.5587e+14
3965.0758 1.3167e+15 2.5574e+14
3965.0888 1.3167e+15 2.5561e+14
3965.1017 1.3167e+15 2.5548e+14
3965.1146 1.3167e+15 2.5535e+14
3965.1276 1.3167e+15 2.5522e+14
3965.1405 1.3167e+15 2.5509e+14
3965.1534 1.3167e+15 2.5496e+14
3965.1664 1.3167e+15 2.5484e+14
3965.1793 1.3167e+15 2.5471e+14
3965.1922 1.3167e+15 2.5458e+14
3965.2052 1.3167e+15 2.5446e+14
3965.2181 1.3167e+15 2.5433e+14
3965.2310 1.3167e+15 2.5420e+14
3965.2440 1.3167e+15 2.5408e+14
3965.2569 1.3167e+15 2.5395e+14
3965.2698 1.3167e+15 2.5383e+14
3965.2827 1.3167e+15 2.5370e+14
3965.2957 1.3167e+15 2.5358e+14
3965.3086 1.3167e+15 2.5345e+14
3965.3215 1.3167e+15 2.5333e+14
3965.3345 1.3167e+15 2.5320e+14
3965.3474 1.3167e+15 2.5308e+14
3965.3603 1.3167e+15 2.5296e+14
3965.3733 1.3167e+15 2.5283e+14
3965.3862 1.3167e+15 2.5271e+14
3965.3991 1.3167e+15 2.5259e+14
3965.4121 1.3167e+15 2.5247e+14
3965.4250 1.3166e+15 2.5235e+14
3965.4379 1.3166e+15 2.5223e+14
3965.4509 1.3166e+15 2.5211e+14
3965.4638 1.3166e+15 2.5199e+14
3965.4767 1.3166e+15 2.5186e+14
3965.4897 1.3166e+15 2.5175e+14
3965.5026 1.3166e+15 2.5163e+14
3965.5155 1.3166e+15 2.5151e+14
3965.5285 1.3166e+15 2.5139e+14
3965.5414 1.3166e+15 2.5127e+14
3965.5543 1.3166e+15 2.5115e+14
3965.5673 1.3166e+15 2.5103e+14
3965.5802 1.3166e+15 2.5092e+14
3965.5931 1.3166e+15 2.5080e+14
3965.6061 1.3166e+15 2.5068e+14
3965.6190 1.3166e+15 2.5056e+14
3965.6319 1.3166e+15 2.5045e+14
3965.6449 1.3166e+15 2.5033e+14
3965.6578 1.3166e+15 2.5022e+14
3965.6707 1.3166e+15 2.5010e+14
3965.6836 1.3166e+15 2.4999e+14
3965.6966 1.3166e+15 2.4987e+14
3965.7095 1.3166e+15 2.4976e+14
3965.7224 1.3166e+15 2.4964e+14
3965.7354 1.3166e+15 2.4953e+14
3965.7483 1.3166e+15 2.4942e+14
3965.7612 1.3166e+15 2.4930e+14
3965.7742 1.3166e+15 2.4919e+14
3965.7871 1.3166e+15 2.4908e+14
3965.8000 1.3166e+15 2.4897e+14
3965.8130 1.3166e+15 2.4886e+14
3965.8259 1.3166e+15 2.4874e+14
3965.8388 1.3166e+15 2.4863e+14
3965.8518 1.3166e+15 2.4852e+14
3965.8647 1.3166e+15 2.4841e+14
3965.8776 1.3166e+15 2.4830e+14
3965.8906 1.3166e+15 2.4819e+14
3965.9035 1.3166e+15 2.4808e+14
3965.9164 1.3166e+15 2.4797e+14
3965.9294 1.3166e+15 2.4786e+14
3965.9423 1.3166e+15 2.4776e+14
3965.9552 1.3166e+15 2.4765e+14
3965.9682 1.3166e+15 2.4754e+14
3965.9811 1.3166e+15 2.4743e+14
3965.9940 1.3166e+15 2.4733e+14
3966.0070 1.3166e+15 2.4722e+14
3966.0199 1.3166e+15 2.4711e+14
3966.0328 1.3166e+15 2.4701e+14
3966.0458 1.3166e+15 2.4690e+14
3966.0587 1.3166e+15 2.4679e+14
3966.0716 1.3166e+15 2.4669e+14
3966.0845 1.3166e+15 2.4658e+14
3966.0975 1.3166e+15 2.4648e+14
3966.1104 1.3166e+15 2.4638e+14
3966.1233 1.3166e+15 2.4627e+14
3966.1363 1.3166e+15 2.4617e+14
3966.1492 1.3165e+15 2.4607e+14
3966.1621 1.3165e+15 2.4596e+14
3966.1751 1.3165e+15 2.4586e+14
3966.1880 1.3165e+15 2.4576e+14
3966.2009 1.3165e+15 2.4566e+14
3966.2139 1.3165e+15 2.4555e+14
3966.2268 1.3165e+15 2.4545e+14
3966.2397 1.3165e+15 2.4535e+14
3966.2527 1.3165e+15 2.4525e+14
3966.2656 1.3165e+15 2.4515e+14
3966.2785 1.3165e+15 2.4505e+14
3966.2915 1.3165e+15 2.4495e+14
3966.3044 1.3165e+15 2.4485e+14
3966.3173 1.3165e+15 2.4475e+14
3966.3303 1.3165e+15 2.4466e+14
3966.3432 1.3165e+15 2.4456e+14
3966.3561 1.3165e+15 2.4446e+14
3966.3691 1.3165e+15 2.4436e+14
3966.3820 1.3165e+15 2.4426e+14
3966.3949 1.3165e+15 2.4417e+14
3966.4079 1.3165e+15 2.4407e+14
3966.4208 1.3165e+15 2.4397e+14
3966.4337 1.3165e+15 2.4388e+14
3966.4466 1.3165e+15 2.4378e+14
3966.4596 1.3165e+15 2.4369e+14
3966.4725 1.3165e+15 2.4359e+14
3966.4854 1.3165e+15 2.4350e+14
3966.4984 1.3165e+15 2.4340e+14
3966.5113 1.3165e+15 2.4331e+14
3966.5242 1.3165e+15 2.4322e+14
3966.5372 1.3165e+15 2.4312e+14
3966.5501 1.3165e+15 2.4303e+14
3966.5630 1.3165e+15 2.4294e+14
3966.5760 1.3165e+15 2.4284e+14
3966.5889 1.3165e+15 2.4275e+14
3966.6018 1.3165e+15 2.4266e+14
3966.6148 1.3165e+15 2.4257e+14
3966.6277 1.3165e+15 2.4248e+14
3966.6406 1.3165e+15 2.4239e+14
3966.6536 1.3165e+15 2.4230e+14
3966.6665 1.3165e+15 2.4221e+14
3966.6794 1.3165e+15 2.4212e+14
3966.6924 1.3165e+15 2.4203e+14
3966.7053 1.3165e+15 2.4194e+14
3966.7182 1.3165e+15 2.4185e+14
3966.7312 1.3165e+15 2.4176e+14
3966.7441 1.3165e+15 2.4167e+14
3966.7570 1.3165e+15 2.4159e+14
3966.7700 1.3165e+15 2.4150e+14
3966.7829 1.3165e+15 2.4141e+14
3966.7958 1.3165e+15 2.4133e+14
3966.8088 1.3165e+15 2.4124e+14
3966.8217 1.3165e+15 2.4115e+14
3966.8346 1.3165e+15 2.4107e+14
3966.8475 1.3165e+15 2.4098e+14
3966.8605 1.3165e+15 2.4090e+14
3966.8734 1.3164e+15 2.4081e+14
3966.8863 1.3164e+15 2.4073e+14
3966.8993 1.3164e+15 2.4064e+14
3966.9122 1.3164e+15 2.4056e+14
3966.9251 1.3164e+15 2.4048e+14
3966.9381 1.3164e+15 2.4039e+14
3966.9510 1.3164e+15 2.4031e+14
3966.9639 1.3164e+15 2.4023e+14
3966.9769 1.3164e+15 2.4015e+14
3966.9898 1.3164e+15 2.4007e+14
3967.0027 1.3164e+15 2.3998e+14
3967.0157 1.3164e+15 2.3990e+14
3967.0286 1.3164e+15 2.3982e+14
3967.0415 1.3164e+15 2.3974e+14
3967.0545 1.3164e+15 2.3966e+14
3967.0674 1.3164e+15 2.3958e+14
3967.0803 1.3164e+15 2.3950e+14
3967.0933 1.3164e+15 2.3942e+14
3967.1062 1.3164e+15 2.3934e+14
3967.1191 1.3164e+15 2.3927e+14
3967.1321 1.3164e+15 2.3919e+14
3967.1450 1.3164e+15 2.3911e+14
3967.1579 1.3164e+15 2.3903e+14
3967.1709 1.3164e+15 2.3896e+14
3967.1838 1.3164e+15 2.3888e+14
3967.1967 1.3164e+15 2.3880e+14
3967.2096 1.3164e+15 2.3873e+14
3967.2226 1.3164e+15 2.3865e+14
3967.2355 1.3164e+15 2.3858e+14
3967.2484 1.3164e+15 2.3850e+14
3967.2614 1.3164e+15 2.3843e+14
3967.2743 1.3164e+15 2.3835e+14
3967.2872 1.3164e+15 2.3828e+14
3967.3002 1.3164e+15 2.3820e+14
3967.3131 1.3164e+15 2.3813e+14
3967.3260 1.3164e+15 2.3806e+14
3967.3390 1.3164e+15 2.3799e+14
3967.3519 1.3164e+15 2.3791e+14
3967.3648 1.3164e+15 2.3784e+14
3967.3778 1.3164e+15 2.3777e+14
3967.3907 1.3164e+15 2.3770e+14
3967.4036 1.3164e+15 2.3763e+14
3967.4166 1.3164e+15 2.3756e+14
3967.4295 1.3164e+15 2.3749e+14
3967.4424 1.3164e+15 2.3742e+14
3967.4554 1.3164e+15 2.3735e+14
3967.4683 1.3164e+15 2.3728e+14
3967.4812 1.3164e+15 2.3721e+14
3967.4942 1.3164e+15 2.3714e+14
3967.5071 1.3164e+15 2.3707e+14
3967.5200 1.3164e+15 2.3700e+14
3967.5330 1.3164e+15 2.3694e+14
3967.5459 1.3164e+15 2.3687e+14
3967.5588 1.3164e+15 2.3680e+14
3967.5718 1.3164e+15 2.3673e+14
3967.5847 1.3164e+15 2.3667e+14
3967.5976 1.3163e+15 2.3660e+14
3967.6105 1.3163e+15 2.3654e+14
3967.6235 1.3163e+15 2.3647e+14
3967.6364 1.3163e+15 2.3641e+14
3967.6493 1.3163e+15 2.3634e+14
3967.6623 1.3163e+15 2.3628e+14
3967.6752 1.3163e+15 2.3621e+14
3967.6881 1.3163e+15 2.3615e+14
3967.7011 1.3163e+15 2.3609e+14
3967.7140 1.3163e+15 2.3602e+14
3967.7269 1.3163e+15 2.3596e+14
3967.7399 1.3163e+15 2.3590e+14
3967.7528 1.3163e+15 2.3584e+14
3967.7657 1.3163e+15 2.3577e+14
3967.7787 1.3163e+15 2.3571e+14
3967.7916 1.3163e+15 2.3565e+14
3967.8045 1.3163e+15 2.3559e+14
3967.8175 1.3163e+15 2.3553e+14
3967.8304 1.3163e+15 2.3547e+14
3967.8433 1.3163e+15 2.3541e+14
3967.8563 1.3163e+15 2.3535e+14
3967.8692 1.3163e+15 2.3529e+14
3967.8821 1.3163e+15 2.3524e+14
3967.8951 1.3163e+15 2.3518e+14
3967.9080 1.3163e+15 2.3512e+14
3967.9209 1.3163e+15 2.3506e+14
3967.9339 1.3163e+15 2.3500e+14
3967.9468 1.3163e+15 2.3495e+14
3967.9597 1.3163e+15 2.3489e+14
3967.9727 1.3163e+15 2.3483e+14
3967.9856 1.3163e+15 2.3478e+14
3967.9985 1.3163e+15 2.3472e+14
3968.0114 1.3163e+15 2.3467e+14
3968.0244 1.3163e+15 2.3461e+14
3968.0373 1.3163e+15 2.3456e+14
3968.0502 1.3163e+15 2.3450e+14
3968.0632 1.3163e+15 2.3445e+14
3968.0761 1.3163e+15 2.3440e+14
3968.0890 1.3163e+15 2.3434e+14
3968.1020 1.3163e+15 2.3429e+14
3968.1149 1.3163e+15 2.3424e+14
3968.1278 1.3163e+15 2.3419e+14
3968.1408 1.3163e+15 2.3413e+14
3968.1537 1.3163e+15 2.3408e+14
3968.1666 1.3163e+15 2.3403e+14
3968.1796 1.3163e+15 2.3398e+14
3968.1925 1.3163e+15 2.3393e+14
3968.2054 1.3163e+15 2.3388e+14
3968.2184 1.3163e+15 2.3383e+14
3968.2313 1.3163e+15 2.3378e+14
3968.2442 1.3163e+15 2.3373e+14
3968.2572 1.3163e+15 2.3368e+14
3968.2701 1.3163e+15 2.3363e+14
3968.2830 1.3163e+15 2.3359e+14
3968.2960 1.3163e+15 2.3354e+14
3968.3089 1.3162e+15 2.3349e+14
3968.3218 1.3162e+15 2.3344e+14
3968.3348 1.3162e+15 2.3340e+14
3968.3477 1.3162e+15 2.3335e+14
3968.3606 1.3162e+15 2.3330e+14
3968.3735 1.3162e+15 2.3326e+14
3968.3865 1.3162e+15 2.3321e+14
3968.3994 1.3162e+15 2.3317e+14
3968.4123 1.3162e+15 2.3312e+14
3968.4253 1.3162e+15 2.3308e+14
3968.4382 1.3162e+15 2.3303e+14
3968.4511 1.3162e+15 2.3299e+14
3968.4641 1.3162e+15 2.3295e+14
3968.4770 1.3162e+15 2.3290e+14
3968.4899 1.3162e+15 2.3286e+14
3968.5029 1.3162e+15 2.3282e+14
3968.5158 1.3162e+15 2.3278e+14
3968.5287 1.3162e+15 2.3274e+14
3968.5417 1.3162e+15 2.3269e+14
3968.5546 1.3162e+15 2.3265e+14
3968.5675 1.3162e+15 2.3261e+14
3968.5805 1.3162e+15 2.3257e+14
3968.5934 1.3162e+15 2.3253e+14
3968.6063 1.3162e+15 2.3249e+14
3968.6193 1.3162e+15 2.3245e+14
3968.6322 1.3162e+15 2.3241e+14
3968.6451 1.3162e+15 2.3238e+14
3968.6581 1.3162e+15 2.3234e+14
3968.6710 1.3162e+15 2.3230e+14
3968.6839 1.3162e+15 2.3226e+14
3968.6969 1.3162e+15 2.3222e+14
3968.7098 1.3162e+15 2.3219e+14
3968.7227 1.3162e+15 2.3215e+14
3968.7357 1.3162e+15 2.3211e+14
3968.7486 1.3162e+15 2.3208e+14
3968.7615 1.3162e+15 2.3204e+14
3968.7744 1.3162e+15 2.3201e+14
3968.7874 1.3162e+15 2.3197e+14
3968.8003 1.3162e+15 2.3194e+14
3968.8132 1.3162e+15 2.3190e+14
3968.8262 1.3162e+15 2.3187e+14
3968.8391 1.3162e+15 2.3184e+14
3968.8520 1.3162e+15 2.3180e+14
3968.8650 1.3162e+15 2.3177e+14
3968.8779 1.3162e+15 2.3174e+14
3968.8908 1.3162e+15 2.3170e+14
3968.9038 1.3162e+15 2.3167e+14
3968.9167 1.3162e+15 2.3164e+14
3968.9296 1.3162e+15 2.3161e+14
3968.9426 1.3162e+15 2.3158e+14
3968.9555 1.3162e+15 2.3155e+14
3968.9684 1.3162e+15 2.3152e+14
3968.9814 1.3162e+15 2.3149e+14
3968.9943 1.3162e+15 2.3146e+14
3969.0072 1.3162e+15 2.3143e+14
3969.0202 1.3162e+15 2.3140e+14
3969.0331 1.3161e+15 2.3137e+14
3969.0460 1.3161e+15 2.3134e+14
3969.0590 1.3161e+15 2.3132e+14
3969.0719 1.3161e+15 2.3129e+14
3969.0848 1.3161e+15 2.3126e+14
3969.0978 1.3161e+15 2.3124e+14
3969.1107 1.3161e+15 2.3121e+14
3969.1236 1.3161e+15 2.3118e+14
3969.1365 1.3161e+15 2.3116e+14
3969.1495 1.3161e+15 2.3113e+14
3969.1624 1.3161e+15 2.3111e+14
3969.1753 1.3161e+15 2.3108e+14
3969.1883 1.3161e+15 2.3106e+14
3969.2012 1.3161e+15 2.3103e+14
3969.2141 1.3161e+15 2.3101e+14
3969.2271 1.3161e+15 2.3099e+14
3969.2400 1.3161e+15 2.3096e+14
3969.2529 1.3161e+15 2.3094e+14
3969.2659 1.3161e+15 2.3092e+14
3969.2788 1.3161e+15 2.3090e+14
3969.2917 1.3161e+15 2.3087e+14
3969.3047 1.3161e+15 2.3085e+14
3969.3176 1.3161e+15 2.3083e+14
3969.3305 1.3161e+15 2.3081e+14
3969.3435 1.3161e+15 2.3079e+14
3969.3564 1.3161e+15 2.3077e+14
3969.3693 1.3161e+15 2.3075e+14
3969.3823 1.3161e+15 2.3073e+14
3969.3952 1.3161e+15 2.3071e+14
3969.4081 1.3161e+15 2.3069e+14
3969.4211 1.3161e+15 2.3068e+14
3969.4340 1.3161e+15 2.3066e+14
3969.4469 1.3161e+15 2.3064e+14
3969.4599 1.3161e+15 2.3062e+14
3969.4728 1.3161e+15 2.3061e+14
3969.4857 1.3161e+15 2.3059e+14
3969.4987 1.3161e+15 2.3057e+14
3969.5116 1.3161e+15 2.3056e+14
3969.5245 1.3161e+15 2.3054e+14
3969.5374 1.3161e+15 2.3053e+14
3969.5504 1.3161e+15 2.3051e+14
3969.5633 1.3161e+15 2.3050e+14
3969.5762 1.3161e+15 2.3048e+14
3969.5892 1.3161e+15 2.3047e+14
3969.6021 1.3161e+15 2.3045e+14
3969.6150 1.3161e+15 2.3044e+14
3969.6280 1.3161e+15 2.3043e+14
3969.6409 1.3161e+15 2.3042e+14
3969.6538 1.3161e+15 2.3040e+14
3969.6668 1.3161e+15 2.3039e+14
3969.6797 1.3161e+15 2.3038e+14
3969.6926 1.3161e+15 2.3037e+14
3969.7056 1.3161e+15 2.3036e+14
3969.7185 1.3161e+15 2.3035e+14
3969.7314 1.3161e+15 2.3034e+14
3969.7444 1.3161e+15 2.3033e+14
3969.7573 1.3160e+15 2.3032e+14
3969.7702 1.3160e+15 2.3031e+14
3969.7832 1.3160e+15 2.3030e+14
3969.7961 1.3160e+15 2.3029e+14
3969.8090 1.3160e+15 2.3028e+14
3969.8220 1.3160e+15 2.3028e+14
3969.8349 1.3160e+15 2.3027e+14
3969.8478 1.3160e+15 2.3026e+14
3969.8608 1.3160e+15 2.3025e+14
3969.8737 1.3160e+15 2.3025e+14
3969.8866 1.3160e+15 2.3024e+14
3969.8996 1.3160e+15 2.3024e+14
3969.9125 1.3160e+15 2.3023e+14
3969.9254 1.3160e+15 2.3023e+14
3969.9383 1.3160e+15 2.3022e+14
3969.9513 1.3160e+15 2.3022e+14
3969.9642 1.3160e+15 2.3021e+14
3969.9771 1.3160e+15 2.3021e+14
3969.9901 1.3160e+15 2.3021e+14
3970.0030 1.3160e+15 2.3020e+14
3970.0159 1.3160e+15 2.3020e+14
3970.0289 1.3160e+15 2.3020e+14
3970.0418 1.3160e+15 2.3020e+14
3970.0547 1.3160e+15 2.3019e+14
3970.0677 1.3160e+15 2.3019e+14
3970.0806 1.3160e+15 2.3019e+14
3970.0935 1.3160e+15 2.3019e+14
3970.1065 1.3160e+15 2.3019e+14
3970.1194 1.3160e+15 2.3019e+14
3970.1323 1.3160e+15 2.3019e+14
3970.1453 1.3160e+15 2.3019e+14
3970.1582 1.3160e+15 2.3019e+14
3970.1711 1.3160e+15 2.3019e+14
3970.1841 1.3160e+15 2.3020e+14
3970.1970 1.3160e+15 2.3020e+14
3970.2099 1.3160e+15 2.3020e+14
3970.2229 1.3160e+15 2.3020e+14
3970.2358 1.3160e+15 2.3021e+14
3970.2487 1.3160e+15 2.3021e+14
3970.2617 1.3160e+15 2.3021e+14
3970.2746 1.3160e+15 2.3022e+14
3970.2875 1.3160e+15 2.3022e+14
3970.3004 1.3160e+15 2.3023e+14
3970.3134 1.3160e+15 2.3023e+14
3970.3263 1.3160e+15 2.3024e+14
3970.3392 1.3160e+15 2.3024e+14
3970.3522 1.3160e+15 2.3025e+14
3970.3651 1.3160e+15 2.3026e+14
3970.3780 1.3160e+15 2.3026e+14
3970.3910 1.3160e+15 2.3027e+14
3970.4039 1.3160e+15 2.3028e+14
3970.4168 1.3160e+15 2.3028e+14
3970.4298 1.3160e+15 2.3029e+14
3970.4427 1.3160e+15 2.3030e+14
3970.4556 1.3160e+15 2.3031e+14
3970.4686 1.3159e+15 2.3032e+14
3970.4815 1.3159e+15 2.3033e+14
3970.4944 1.3159e+15 2.3034e+14
3970.5074 1.3159e+15 2.3035e+14
3970.5203 1.3159e+15 2.3036e+14
3970.5332 1.3159e+15 2.3037e+14
3970.5462 1.3159e+15 2.3038e+14
3970.5591 1.3159e+15 2.3039e+14
3970.5720 1.3159e+15 2.3041e+14
3970.5850 1.3159e+15 2.3042e+14
3970.5979 1.3159e+15 2.3043e+14
3970.6108 1.3159e+15 2.3044e+14
3970.6238 1.3159e+15 2.3046e+14
3970.6367 1.3159e+15 2.3047e+14
3970.6496 1.3159e+15 2.3048e+14
3970.6626 1.3159e+15 2.3050e+14
3970.6755 1.3159e+15 2.3051e+14
3970.6884 1.3159e+15 2.3053e+14
3970.7013 1.3159e+15 2.3054e+14
3970.7143 1.3159e+15 2.3056e+14
3970.7272 1.3159e+15 2.3057e+14
3970.7401 1.3159e+15 2.3059e+14
3970.7531 1.3159e+15 2.3061e+14
3970.7660 1.3159e+15 2.3062e+14
3970.7789 1.3159e+15 2.3064e+14
3970.7919 1.3159e+15 2.3066e+14
3970.8048 1.3159e+15 2.3068e+14
3970.8177 1.3159e+15 2.3070e+14
3970.8307 1.3159e+15 2.3072e+14
3970.8436 1.3159e+15 2.3073e+14
3970.8565 1.3159e+15 2.3075e+14
3970.8695 1.3159e+15 2.3077e+14
3970.8824 1.3159e+15 2.3079e+14
3970.8953 1.3159e+15 2.3081e+14
3970.9083 1.3159e+15 2.3083e+14
3970.9212 1.3159e+15 2.3086e+14
3970.9341 1.3159e+15 2.3088e+14
3970.9471 1.3159e+15 2.3090e+14
3970.9600 1.3159e+15 2.3092e+14
3970.9729 1.3159e+15 2.3094e+14
3970.9859 1.3159e+15 2.3097e+14
3970.9988 1.3159e+15 2.3099e+14
3971.0117 1.3159e+15 2.3101e+14
3971.0247 1.3159e+15 2.3104e+14
3971.0376 1.3159e+15 2.3106e+14
3971.0505 1.3159e+15 2.3108e+14
3971.0635 1.3159e+15 2.3111e+14
3971.0764 1.3159e+15 2.3113e+14
3971.0893 1.3159e+15 2.3116e+14
3971.1022 1.3159e+15 2.3119e+14
3971.1152 1.3159e+15 2.3121e+14
3971.1281 1.3159e+15 2.3124e+14
3971.1410 1.3159e+15 2.3127e+14
3971.1540 1.3159e+15 2.3129e+14
3971.1669 1.3159e+15 2.3132e+14
3971.1798 1.3159e+15 2.3135e+14
3971.1928 1.3158e+15 2.3138e+14
3971.2057 1.3158e+15 2.3141e+14
3971.2186 1.3158e+15 2.3143e+14
3971.2316 1.3158e+15 2.3146e+14
3971.2445 1.3158e+15 2.3149e+14
3971.2574 1.3158e+15 2.3152e+14
3971.2704 1.3158e+15 2.3155e+14
3971.2833 1.3158e+15 2.3158e+14
3971.2962 1.3158e+15 2.3161e+14
3971.3092 1.3158e+15 2.3165e+14
3971.3221 1.3158e+15 2.3168e+14
3971.3350 1.3158e+15 2.3171e+14
3971.3480 1.3158e+15 2.3174e+14
3971.3609 1.3158e+15 2.3177e+14
3971.3738 1.3158e+15 2.3181e+14
3971.3868 1.3158e+15 2.3184e+14
3971.3997 1.3158e+15 2.3187e+14
3971.4126 1.3158e+15 2.3191e+14
3971.4256 1.3158e+15 2.3194e+14
3971.4385 1.3158e+15 2.3198e+14
3971.4514 1.3158e+15 2.3201e+14
3971.4643 1.3158e+15 2.3205e+14
3971.4773 1.3158e+15 2.3208e+14
3971.4902 1.3158e+15 2.3212e+14
3971.5031 1.3158e+15 2.3216e+14
3971.5161 1.3158e+15 2.3219e+14
3971.5290 1.3158e+15 2.3223e+14
3971.5419 1.3158e+15 2.3227e+14
3971.5549 1.3158e+15 2.3230e+14
3971.5678 1.3158e+15 2.3234e+14
3971.5807 1.3158e+15 2.3238e+14
3971.5937 1.3158e+15 2.3242e+14
3971.6066 1.3158e+15 2.3246e+14
3971.6195 1.3158e+15 2.3250e+14
3971.6325 1.3158e+15 2.3254e+14
3971.6454 1.3158e+15 2.3258e+14
3971.6583 1.3158e+15 2.3262e+14
3971.6713 1.3158e+15 2.3266e+14
3971.6842 1.3158e+15 2.3270e+14
3971.6971 1.3158e+15 2.3274e+14
3971.7101 1.3158e+15 2.3278e+14
3971.7230 1.3158e+15 2.3282e+14
3971.7359 1.3158e+15 2.3287e+14
3971.7489 1.3158e+15 2.3291e+14
3971.7618 1.3158e+15 2.3295e+14
3971.7747 1.3158e+15 2.3300e+14
3971.7877 1.3158e+15 2.3304e+14
3971.8006 1.3158e+15 2.3308e+14
3971.8135 1.3158e+15 2.3313e+14
3971.8265 1.3158e+15 2.3317e+14
3971.8394 1.3158e+15 2.3322e+14
3971.8523 1.3158e+15 2.3326e+14
3971.8652 1.3158e+15 2.3331e+14
3971.8782 1.3158e+15 2.3336e+14
3971.8911 1.3158e+15 2.3340e+14
3971.9040 1.3157e+15 2.3345e+14
3971.9170 1.3157e+15 2.3350e+14
3971.9299 1.3157e+15 2.3354e+14
3971.9428 1.3157e+15 2.3359e+14
3971.9558 1.3157e+15 2.3364e+14
3971.9687 1.3157e+15 2.3369e+14
3971.9816 1.3157e+15 2.3374e+14
3971.9946 1.3157e+15 2.3379e+14
3972.0075 1.3157e+15 2.3384e+14
3972.0204 1.3157e+15 2.3389e+14
3972.0334 1.3157e+15 2.3394e+14
3972.0463 1.3157e+15 2.3399e+14
3972.0592 1.3157e+15 2.3404e+14
3972.0722 1.3157e+15 2.3409e+14
3972.0851 1.3157e+15 2.3414e+14
3972.0980 1.3157e+15 2.3419e+14
3972.1110 1.3157e+15 2.3424e+14
3972.1239 1.3157e+15 2.3430e+14
3972.1368 1.3157e+15 2.3435e+14
3972.1498 1.3157e+15 2.3440e+14
3972.1627 1.3157e+15 2.3446e+14
3972.1756 1.3157e+15 2.3451e+14
3972.1886 1.3157e+15 2.3456e+14
3972.2015 1.3157e+15 2.3462e+14
3972.2144 1.3157e+15 2.3467e+14
3972.2273 1.3157e+15 2.3473e+14
3972.2403 1.3157e+15 2.3478e+14
3972.2532 1.3157e+15 2.3484e+14
3972.2661 1.3157e+15 2.3490e+14
3972.2791 1.3157e+15 2.3495e+14
3972.2920 1.3157e+15 2.3501e+14
3972.3049 1.3157e+15 2.3507e+14
3972.3179 1.3157e+15 2.3512e+14
3972.3308 1.3157e+15 2.3518e+14
3972.3437 1.3157e+15 2.3524e+14
3972.3567 1.3157e+15 2.3530e+14
3972.3696 1.3157e+15 2.3536e+14
3972.3825 1.3157e+15 2.3542e+14
3972.3955 1.3157e+15 2.3548e+14
3972.4084 1.3157e+15 2.3554e+14
3972.4213 1.3157e+15 2.3560e+14
3972.4343 1.3157e+15 2.3566e+14
3972.4472 1.3157e+15 2.3572e+14
3972.4601 1.3157e+15 2.3578e+14
3972.4731 1.3157e+15 2.3584e+14
3972.4860 1.3157e+15 2.3590e+14
3972.4989 1.3157e+15 2.3597e+14
3972.5119 1.3157e+15 2.3603e+14
3972.5248 1.3157e+15 2.3609e+14
3972.5377 1.3157e+15 2.3615e+14
3972.5507 1.3157e+15 2.3622e+14
3972.5636 1.3157e+15 2.3628e+14
3972.5765 1.3157e+15 2.3635e+14
3972.5895 1.3157e+15 2.3641e+14
3972.6024 1.3157e+15 2.3648e+14
3972.6153 1.3156e+15 2.3654e+14
3972.6282 1.3156e+15 2.3661e+14
3972.6412 1.3156e+15 2.3667e+14
3972.6541 1.3156e+15 2.3674e+14
3972.6670 1.3156e+15 2.3681e+14
3972.6800 1.3156e+15 2.3687e+14
3972.6929 1.3156e+15 2.3694e+14
3972.7058 1.3156e+15 2.3701e+14
3972.7188 1.3156e+15 2.3708e+14
3972.7317 1.3156e+15 2.3714e+14
3972.7446 1.3156e+15 2.3721e+14
3972.7576 1.3156e+15 2.3728e+14
3972.7705 1.3156e+15 2.3735e+14
3972.7834 1.3156e+15 2.3742e+14
3972.7964 1.3156e+15 2.3749e+14
3972.8093 1.3156e+15 2.3756e+14
3972.8222 1.3156e+15 2.3763e+14
3972.8352 1.3156e+15 2.3770e+14
3972.8481 1.3156e+15 2.3777e+14
3972.8610 1.3156e+15 2.3785e+14
3972.8740 1.3156e+15 2.3792e+14
3972.8869 1.3156e+15 2.3799e+14
3972.8998 1.3156e+15 2.3806e+14
3972.9128 1.3156e+15 2.3814e+14
3972.9257 1.3156e+15 2.3821e+14
3972.9386 1.3156e+15 2.3828e+14
3972.9516 1.3156e+15 2.3836e+14
3972.9645 1.3156e+15 2.3843e+14
3972.9774 1.3156e+15 2.3851e+14
3972.9904 1.3156e+15 2.3858e+14
3973.0033 1.3156e+15 2.3866e+14
3973.0162 1.3156e+15 2.3873e+14
3973.0291 1.3156e+15 2.3881e+14
3973.0421 1.3156e+15 2.3888e+14
3973.0550 1.3156e+15 2.3896e+14
3973.0679 1.3156e+15 2.3904e+14
3973.0809 1.3156e+15 2.3912e+14
3973.0938 1.3156e+15 2.3919e+14
3973.1067 1.3156e+15 2.3927e+14
3973.1197 1.3156e+15 2.3935e+14
3973.1326 1.3156e+15 2.3943e+14
3973.1455 1.3156e+15 2.3951e+14
3973.1585 1.3156e+15 2.3959e+14
3973.1714 1.3156e+15 2.3967e+14
3973.1843 1.3156e+15 2.3975e+14
3973.1973 1.3156e+15 2.3983e+14
3973.2102 1.3156e+15 2.3991e+14
3973.2231 1.3156e+15 2.3999e+14
3973.2361 1.3156e+15 2.4007e+14
3973.2490 1.3156e+15 2.4015e+14
3973.2619 1.3156e+15 2.4023e+14
3973.2749 1.3156e+15 2.4032e+14
3973.2878 1.3156e+15 2.4040e+14
3973.3007 1.3156e+15 2.4048e+14
3973.3137 1.3156e+15 2.4056e+14
3973.3266 1.3155e+15 2.4065e+14
3973.3395 1.3155e+15 2.4073e+14
3973.3525 1.3155e+15 2.4082e+14
3973.3654 1.3155e+15 2.4090e+14
3973.3783 1.3155e+15 2.4099e+14
3973.3912 1.3155e+15 2.4107e+14
3973.4042 1.3155e+15 2.4116e+14
3973.4171 1.3155e+15 2.4124e+14
3973.4300 1.3155e+15 2.4133e+14
3973.4430 1.3155e+15 2.4142e+14
3973.4559 1.3155e+15 2.4150e+14
3973.4688 1.3155e+15 2.4159e+14
3973.4818 1.3155e+15 2.4168e+14
3973.4947 1.3155e+15 2.4177e+14
3973.5076 1.3155e+15 2.4185e+14
3973.5206 1.3155e+15 2.4194e+14
3973.5335 1.3155e+15 2.4203e+14
3973.5464 1.3155e+15 2.4212e+14
3973.5594 1.3155e+15 2.4221e+14
3973.5723 1.3155e+15 2.4230e+14
3973.5852 1.3155e+15 2.4239e+14
3973.5982 1.3155e+15 2.4248e+14
3973.6111 1.3155e+15 2.4257e+14
3973.6240 1.3155e+15 2.4266e+14
3973.6370 1.3155e+15 2.4275e+14
3973.6499 1.3155e+15 2.4285e+14
3973.6628 1.3155e+15 2.4294e+14
3973.6758 1.3155e+15 2.4303e+14
3973.6887 1.3155e+15 2.4312e+14
3973.7016 1.3155e+15 2.4322e+14
3973.7146 1.3155e+15 2.4331e+14
3973.7275 1.3155e+15 2.4341e+14
3973.7404 1.3155e+15 2.4350e+14
3973.7534 1.3155e+15 2.4359e+14
3973.7663 1.3155e+15 2.4369e+14
3973.7792 1.3155e+15 2.4378e+14
3973.7921 1.3155e+15 2.4388e+14
3973.8051 1.3155e+15 2.4398e+14
3973.8180 1.3155e+15 2.4407e+14
3973.8309 1.3155e+15 2.4417e+14
3973.8439 1.3155e+15 2.4427e+14
3973.8568 1.3155e+15 2.4436e+14
3973.8697 1.3155e+15 2.4446e+14
3973.8827 1.3155e+15 2.4456e+14
3973.8956 1.3155e+15 2.4466e+14
3973.9085 1.3155e+15 2.4475e+14
3973.9215 1.3155e+15 2.4485e+14
3973.9344 1.3155e+15 2.4495e+14
3973.9473 1.3155e+15 2.4505e+14
3973.9603 1.3155e+15 2.4515e+14
3973.9732 1.3155e+15 2.4525e+14
3973.9861 1.3155e+15 2.4535e+14
3973.9991 1.3155e+15 2.4545e+14
3974.0120 1.3155e+15 2.4555e+14
3974.0249 1.3155e+15 2.4566e+14
3974.0379 1.3154e+15 2.4576e+14
3974.0508 1.3154e+15 2.4586e+14
3974.0637 1.3154e+15 2.4596e+14
3974.0767 1.3154e+15 2.4606e+14
3974.0896 1.3154e+15 2.4617e+14
3974.1025 1.3154e+15 2.4627e+14
3974.1155 1.3154e+15 2.4638e+14
3974.1284 1.3154e+15 2.4648e+14
3974.1413 1.3154e+15 2.4658e+14
3974.1542 1.3154e+15 2.4669e+14
3974.1672 1.3154e+15 2.4679e+14
3974.1801 1.3154e+15 2.4690e+14
3974.1930 1.3154e+15 2.4700e+14
3974.2060 1.3154e+15 2.4711e+14
3974.2189 1.3154e+15 2.4722e+14
3974.2318 1.3154e+15 2.4732e+14
3974.2448 1.3154e+15 2.4743e+14
3974.2577 1.3154e+15 2.4754e+14
3974.2706 1.3154e+15 2.4765e+14
3974.2836 1.3154e+15 2.4775e+14
3974.2965 1.3154e+15 2.4786e+14
3974.3094 1.3154e+15 2.4797e+14
3974.3224 1.3154e+15 2.4808e+14
3974.3353 1.3154e+15 2.4819e+14
3974.3482 1.3154e+15 2.4830e+14
3974.3612 1.3154e+15 2.4841e+14
3974.3741 1.3154e+15 2.4852e+14
3974.3870 1.3154e+15 2.4863e+14
3974.4000 1.3154e+15 2.4874e+14
3974.4129 1.3154e+15 2.4885e+14
3974.4258 1.3154e+15 2.4896e+14
3974.4388 1.3154e+15 2.4907e+14
3974.4517 1.3154e+15 2.4919e+14
3974.4646 1.3154e+15 2.4930e+14
3974.4776 1.3154e+15 2.4941e+14
3974.4905 1.3154e+15 2.4953e+14
3974.5034 1.3154e+15 2.4964e+14
3974.5164 1.3154e+15 2.4975e+14
3974.5293 1.3154e+15 2.4987e+14
3974.5422 1.3154e+15 2.4998e+14
3974.5551 1.3154e+15 2.5010e+14
3974.5681 1.3154e+15 2.5021e+14
3974.5810 1.3154e+15 2.5033e+14
3974.5939 1.3154e+15 2.5044e+14
3974.6069 1.3154e+15 2.5056e+14
3974.6198 1.3154e+15 2.5068e+14
3974.6327 1.3154e+15 2.5079e+14
3974.6457 1.3154e+15 2.5091e+14
3974.6586 1.3154e+15 2.5103e+14
3974.6715 1.3154e+15 2.5114e+14
3974.6845 1.3154e+15 2.5126e+14
3974.6974 1.3154e+15 2.5138e+14
3974.7103 1.3154e+15 2.5150e+14
3974.7233 1.3154e+15 2.5162e+14
3974.7362 1.3154e+15 2.5174e+14
3974.7491 1.3153e+15 2.5186e+14
3974.7621 1.3153e+15 2.5198e+14
3974.7750 1.3153e+15 2.5210e+14
3974.7879 1.3153e+15 2.5222e+14
3974.8009 1.3153e+15 2.5234e+14
3974.8138 1.3153e+15 2.5246e+14
3974.8267 1.3153e+15 2.5258e+14
3974.8397 1.3153e+15 2.5270e+14
3974.8526 1.3153e+15 2.5283e+14
3974.8655 1.3153e+15 2.5295e+14
3974.8785 1.3153e+15 2.5307e+14
3974.8914 1.3153e+15 2.5319e+14
3974.9043 1.3153e+15 2.5332e+14
3974.9173 1.3153e+15 2.5344e+14
3974.9302 1.3153e+15 2.5357e+14
3974.9431 1.3153e+15 2.5369e+14
3974.9560 1.3153e+15 2.5382e+14
3974.9690 1.3153e+15 2.5394e+14
3974.9819 1.3153e+15 2.5407e+14
3974.9948 1.3153e+15 2.5419e+14
3975.0078 1.3153e+15 2.5432e+14
3975.0207 1.3153e+15 2.5444e+14
3975.0336 1.3153e+15 2.5457e+14
3975.0466 1.3153e+15 2.5470e+14
3975.0595 1.3153e+15 2.5483e+14
3975.0724 1.3153e+15 2.5495e+14
3975.0854 1.3153e+15 2.5508e+14
3975.0983 1.3153e+15 2.5521e+14
3975.1112 1.3153e+15 2.5534e+14
3975.1242 1.3153e+15 2.5547e+14
3975.1371 1.3153e+15 2.5560e+14
3975.1500 1.3153e+15 2.5573e+14
3975.1630 1.3153e+15 2.5586e+14
3975.1759 1.3153e+15 2.5599e+14
3975.1888 1.3153e+15 2.5612e+14
3975.2018 1.3153e+15 2.5625e+14
3975.2147 1.3153e+15 2.5638e+14
3975.2276 1.3153e+15 2.5651e+14
3975.2406 1.3153e+15 2.5664e+14
3975.2535 1.3153e+15 2.5677e+14
3975.2664 1.3153e+15 2.5691e+14
3975.2794 1.3153e+15 2.5704e+14
3975.2923 1.3153e+15 2.5717e+14
3975.3052 1.3153e+15 2.5731e+14
3975.3181 1.3153e+15 2.5744e+14
3975.3311 1.3153e+15 2.5757e+14
3975.3440 1.3153e+15 2.5771e+14
3975.3569 1.3153e+15 2.5784e+14
3975.3699 1.3153e+15 2.5798e+14
3975.3828 1.3153e+15 2.5811e+14
3975.3957 1.3153e+15 2.5825e+14
3975.4087 1.3153e+15 2.5838e+14
3975.4216 1.3153e+15 2.5852e+14
3975.4345 1.3153e+15 2.5866e+14
3975.4475 1.3153e+15 2.5879e+14
3975.4604 1.3152e+15 2.5893e+14
3975.4733 1.3152e+15 2.5907e+14
3975.4863 1.3152e+15 2.5921e+14
3975.4992 1.3152e+15 2.5934e+14
3975.5121 1.3152e+15 2.5948e+14
3975.5251 1.3152e+15 2.5962e+14
3975.5380 1.3152e+15 2.5976e+14
3975.5509 1.3152e+15 2.5990e+14
3975.5639 1.3152e+15 2.6004e+14
3975.5768 1.3152e+15 2.6018e+14
3975.5897 1.3152e+15 2.6032e+14
3975.6027 1.3152e+15 2.6046e+14
3975.6156 1.3152e+15 2.6060e+14
3975.6285 1.3152e+15 2.6074e+14
3975.6415 1.3152e+15 2.6088e+14
3975.6544 1.3152e+15 2.6103e+14
3975.6673 1.3152e+15 2.6117e+14
3975.6803 1.3152e+15 2.6131e+14
3975.6932 1.3152e+15 2.6145e+14
3975.7061 1.3152e+15 2.6160e+14
3975.7190 1.3152e+15 2.6174e+14
3975.7320 1.3152e+15 2.6188e+14
3975.7449 1.3152e+15 2.6203e+14
3975.7578 1.3152e+15 2.6217e+14
3975.7708 1.3152e+15 2.6232e+14
3975.7837 1.3152e+15 2.6246e+14
3975.7966 1.3152e+15 2.6261e+14
3975.8096 1.3152e+15 2.6275e+14
3975.8225 1.3152e+15 2.6290e+14
3975.8354 1.3152e+15 2.6304e+14
3975.8484 1.3152e+15 2.6319e+14
3975.8613 1.3152e+15 2.6334e+14
3975.8742 1.3152e+15 2.6349e+14
3975.8872 1.3152e+15 2.6363e+14
3975.9001 1.3152e+15 2.6378e+14
3975.9130 1.3152e+15 2.6393e+14
3975.9260 1.3152e+15 2.6408e+14
3975.9389 1.3152e+15 2.6423e+14
3975.9518 1.3152e+15 2.6437e+14
3975.9648 1.3152e+15 2.6452e+14
3975.9777 1.3152e+15 2.6467e+14
3975.9906 1.3152e+15 2.6482e+14
3976.0036 1.3152e+15 2.6497e+14
3976.0165 1.3152e+15 2.6512e+14
3976.0294 1.3152e+15 2.6528e+14
3976.0424 1.3152e+15 2.6543e+14
3976.0553 1.3152e+15 2.6558e+14
3976.0682 1.3152e+15 2.6573e+14
3976.0811 1.3152e+15 2.6588e+14
3976.0941 1.3152e+15 2.6603e+14
3976.1070 1.3152e+15 2.6619e+14
3976.1199 1.3152e+15 2.6634e+14
3976.1329 1.3152e+15 2.6649e+14
3976.1458 1.3152e+15 2.6665e+14
3976.1587 1.3152e+15 2.6680e+14
3976.1717 1.3151e+15 2.6696e+14
3976.1846 1.3151e+15 2.6711e+14
3976.1975 1.3151e+15 2.6727e+14
3976.2105 1.3151e+15 2.6742e+14
3976.2234 1.3151e+15 2.6758e+14
3976.2363 1.3151e+15 2.6773e+14
3976.2493 1.3151e+15 2.6789e+14
3976.2622 1.3151e+15 2.6804e+14
3976.2751 1.3151e+15 2.6820e+14
3976.2881 1.3151e+15 2.6836e+14
3976.3010 1.3151e+15 2.6852e+14
3976.3139 1.3151e+15 2.6867e+14
3976.3269 1.3151e+15 2.6883e+14
3976.3398 1.3151e+15 2.6899e+14
3976.3527 1.3151e+15 2.6915e+14
3976.3657 1.3151e+15 2.6931e+14
3976.3786 1.3151e+15 2.6947e+14
3976.3915 1.3151e+15 2.6962e+14
3976.4045 1.3151e+15 2.6978e+14
3976.4174 1.3151e+15 2.6994e+14
3976.4303 1.3151e+15 2.7011e+14
3976.4433 1.3151e+15 2.7027e+14
3976.4562 1.3151e+15 2.7043e+14
3976.4691 1.3151e+15 2.7059e+14
3976.4820 1.3151e+15 2.7075e+14
3976.4950 1.3151e+15 2.7091e+14
3976.5079 1.3151e+15 2.7107e+14
3976.5208 1.3151e+15 2.7124e+14
3976.5338 1.3151e+15 2.7140e+14
3976.5467 1.3151e+15 2.7156e+14
3976.5596 1.3151e+15 2.7173e+14
3976.5726 1.3151e+15 2.7189e+14
3976.5855 1.3151e+15 2.7205e+14
3976.5984 1.3151e+15 2.7222e+14
3976.6114 1.3151e+15 2.7238e+14
3976.6243 1.3151e+15 2.7255e+14
3976.6372 1.3151e+15 2.7271e+14
3976.6502 1.3151e+15 2.7288e+14
3976.6631 1.3151e+15 2.7304e+14
3976.6760 1.3151e+15 2.7321e+14
3976.6890 1.3151e+15 2.7338e+14
3976.7019 1.3151e+15 2.7354e+14
3976.7148 1.3151e+15 2.7371e+14
3976.7278 1.3151e+15 2.7388e+14
3976.7407 1.3151e+15 2.7404e+14
3976.7536 1.3151e+15 2.7421e+14
3976.7666 1.3151e+15 2.7438e+14
3976.7795 1.3151e+15 2.7455e+14
3976.7924 1.3151e+15 2.7472e+14
3976.8054 1.3151e+15 2.7489e+14
3976.8183 1.3151e+15 2.7506e+14
3976.8312 1.3151e+15 2.7523e+14
3976.8442 1.3151e+15 2.7540e+14
3976.8571 1.3151e+15 2.7557e+14
3976.8700 1.3150e+15 2.7574e+14
3976.8829 1.3150e+15 2.7591e+14
3976.8959 1.3150e+15 2.7608e+14
3976.9088 1.3150e+15 2.7625e+14
3976.9217 1.3150e+15 2.7642e+14
3976.9347 1.3150e+15 2.7659e+14
3976.9476 1.3150e+15 2.7677e+14
3976.9605 1.3150e+15 2.7694e+14
3976.9735 1.3150e+15 2.7711e+14
3976.9864 1.3150e+15 2.7729e+14
3976.9993 1.3150e+15 2.7746e+14
3977.0123 1.3150e+15 2.7763e+14
3977.0252 1.3150e+15 2.7781e+14
3977.0381 1.3150e+15 2.7798e+14
3977.0511 1.3150e+15 2.7816e+14
3977.0640 1.3150e+15 2.7833e+14
3977.0769 1.3150e+15 2.7851e+14
3977.0899 1.3150e+15 2.7868e+14
3977.1028 1.3150e+15 2.7886e+14
3977.1157 1.3150e+15 2.7903e+14
3977.1287 1.3150e+15 2.7921e+14
3977.1416 1.3150e+15 2.7939e+14
3977.1545 1.3150e+15 2.7956e+14
3977.1675 1.3150e+15 2.7974e+14
3977.1804 1.3150e+15 2.7992e+14
3977.1933 1.3150e+15 2.8010e+14
3977.2063 1.3150e+15 2.8027e+14
3977.2192 1.3150e+15 2.8045e+14
3977.2321 1.3150e+15 2.8063e+14
3977.2450 1.3150e+15 2.8081e+14
3977.2580 1.3150e+15 2.8099e+14
3977.2709 1.3150e+15 2.8117e+14
3977.2838 1.3150e+15 2.8135e+14
3977.2968 1.3150e+15 2.8153e+14
3977.3097 1.3150e+15 2.8171e+14
3977.3226 1.3150e+15 2.8189e+14
3977.3356 1.3150e+15 2.8207e+14
3977.3485 1.3150e+15 2.8225e+14
3977.3614 1.3150e+15 2.8244e+14
3977.3744 1.3150e+15 2.8262e+14
3977.3873 1.3150e+15 2.8280e+14
3977.4002 1.3150e+15 2.8298e+14
3977.4132 1.3150e+15 2.8317e+14
3977.4261 1.3150e+15 2.8335e+14
3977.4390 1.3150e+15 2.8353e+14
3977.4520 1.3150e+15 2.8372e+14
3977.4649 1.3150e+15 2.8390e+14
3977.4778 1.3150e+15 2.8408e+14
3977.4908 1.3150e+15 2.8427e+14
3977.5037 1.3150e+15 2.8445e+14
3977.5166 1.3150e+15 2.8464e+14
3977.5296 1.3150e+15 2.8482e+14
3977.5425 1.3150e+15 2.8501e+14
3977.5554 1.3150e+15 2.8520e+14
3977.5684 1.3150e+15 2.8538e+14
3977.5813 1.3149e+15 2.8557e+14
3977.5942 1.3149e+15 2.8576e+14
3977.6072 1.3149e+15 2.8594e+14
3977.6201 1.3149e+15 2.8613e+14
3977.6330 1.3149e+15 2.8632e+14
3977.6459 1.3149e+15 2.8651e+14
3977.6589 1.3149e+15 2.8669e+14
3977.6718 1.3149e+15 2.8688e+14
3977.6847 1.3149e+15 2.8707e+14
3977.6977 1.3149e+15 2.8726e+14
3977.7106 1.3149e+15 2.8745e+14
3977.7235 1.3149e+15 2.8764e+14
3977.7365 1.3149e+15 2.8783e+14
3977.7494 1.3149e+15 2.8802e+14
3977.7623 1.3149e+15 2.8821e+14
3977.7753 1.3149e+15 2.8840e+14
3977.7882 1.3149e+15 2.8859e+14
3977.8011 1.3149e+15 2.8878e+14
3977.8141 1.3149e+15 2.8898e+14
3977.8270 1.3149e+15 2.8917e+14
3977.8399 1.3149e+15 2.8936e+14
3977.8529 1.3149e+15 2.8955e+14
3977.8658 1.3149e+15 2.8975e+14
3977.8787 1.3149e+15 2.8994e+14
3977.8917 1.3149e+15 2.9013e+14
3977.9046 1.3149e+15 2.9033e+14
3977.9175 1.3149e+15 2.9052e+14
3977.9305 1.3149e+15 2.9071e+14
3977.9434 1.3149e+15 2.9091e+14
3977.9563 1.3149e+15 2.9110e+14
3977.9693 1.3149e+15 2.9130e+14
3977.9822 1.3149e+15 2.9149e+14
3977.9951 1.3149e+15 2.9169e+14
3978.0081 1.3149e+15 2.9188e+14
3978.0210 1.3149e+15 2.9208e+14
3978.0339 1.3149e+15 2.9228e+14
3978.0468 1.3149e+15 2.9247e+14
3978.0598 1.3149e+15 2.9267e+14
3978.0727 1.3149e+15 2.9287e+14
3978.0856 1.3149e+15 2.9306e+14
3978.0986 1.3149e+15 2.9326e+14
3978.1115 1.3149e+15 2.9346e+14
3978.1244 1.3149e+15 2.9366e+14
3978.1374 1.3149e+15 2.9386e+14
3978.1503 1.3149e+15 2.9406e+14
3978.1632 1.3149e+15 2.9426e+14
3978.1762 1.3149e+15 2.9446e+14
3978.1891 1.3149e+15 2.9465e+14
3978.2020 1.3149e+15 2.9485e+14
3978.2150 1.3149e+15 2.9506e+14
3978.2279 1.3149e+15 2.9526e+14
3978.2408 1.3149e+15 2.9546e+14
3978.2538 1.3149e+15 2.9566e+14
3978.2667 1.3149e+15 2.9586e+14
3978.2796 1.3148e+15 2.9606e+14
3978.2926 1.3148e+15 2.9626e+14
3978.3055 1.3148e+15 2.9646e+14
3978.3184 1.3148e+15 2.9667e+14
3978.3314 1.3148e+15 2.9687e+14
3978.3443 1.3148e+15 2.9707e+14
3978.3572 1.3148e+15 2.9728e+14
3978.3702 1.3148e+15 2.9748e+14
3978.3831 1.3148e+15 2.9768e+14
3978.3960 1.3148e+15 2.9789e+14
3978.4089 1.3148e+15 2.9809e+14
3978.4219 1.3148e+15 2.9830e+14
3978.4348 1.3148e+15 2.9850e+14
3978.4477 1.3148e+15 2.9871e+14
3978.4607 1.3148e+15 2.9891e+14
3978.4736 1.3148e+15 2.9912e+14
3978.4865 1.3148e+15 2.9932e+14
3978.4995 1.3148e+15 2.9953e+14
3978.5124 1.3148e+15 2.9974e+14
3978.5253 1.3148e+15 2.9994e+14
3978.5383 1.3148e+15 3.0015e+14
3978.5512 1.3148e+15 3.0036e+14
3978.5641 1.3148e+15 3.0056e+14
3978.5771 1.3148e+15 3.0077e+14
3978.5900 1.3148e+15 3.0098e+14
3978.6029 1.3148e+15 3.0119e+14
3978.6159 1.3148e+15 3.0140e+14
3978.6288 1.3148e+15 3.0161e+14
3978.6417 1.3148e+15 3.0182e+14
3978.6547 1.3148e+15 3.0202e+14
3978.6676 1.3148e+15 3.0223e+14
3978.6805 1.3148e+15 3.0244e+14
3978.6935 1.3148e+15 3.0265e+14
3978.7064 1.3148e+15 3.0286e+14
3978.7193 1.3148e+15 3.0308e+14
3978.7323 1.3148e+15 3.0329e+14
3978.7452 1.3148e+15 3.0350e+14
3978.7581 1.3148e+15 3.0371e+14
3978.7711 1.3148e+15 3.0392e+14
3978.7840 1.3148e+15 3.0413e+14
3978.7969 1.3148e+15 3.0435e+14
3978.8098 1.3148e+15 3.0456e+14
3978.8228 1.3148e+15 3.0477e+14
3978.8357 1.3148e+15 3.0498e+14
3978.8486 1.3148e+15 3.0520e+14
3978.8616 1.3148e+15 3.0541e+14
3978.8745 1.3148e+15 3.0562e+14
3978.8874 1.3148e+15 3.0584e+14
3978.9004 1.3148e+15 3.0605e+14
3978.9133 1.3148e+15 3.0627e+14
3978.9262 1.3148e+15 3.0648e+14
3978.9392 1.3148e+15 3.0670e+14
3978.9521 1.3148e+15 3.0691e+14
3978.9650 1.3148e+15 3.0713e+14
3978.9780 1.3148e+15 3.0734e+14
3978.9909 1.3147e+15 3.0756e+14
3979.0038 1.3147e+15 3.0778e+14
3979.0168 1.3147e+15 3.0799e+14
3979.0297 1.3147e+15 3.0821e+14
3979.0426 1.3147e+15 3.0843e+14
3979.0556 1.3147e+15 3.0865e+14
3979.0685 1.3147e+15 3.0886e+14
3979.0814 1.3147e+15 3.0908e+14
3979.0944 1.3147e+15 3.0930e+14
3979.1073 1.3147e+15 3.0952e+14
3979.1202 1.3147e+15 3.0974e+14
3979.1332 1.3147e+15 3.0996e+14
3979.1461 1.3147e+15 3.1018e+14
3979.1590 1.3147e+15 3.1039e+14
3979.1719 1.3147e+15 3.1061e+14
3979.1849 1.3147e+15 3.1083e+14
3979.1978 1.3147e+15 3.1105e+14
3979.2107 1.3147e+15 3.1128e+14
3979.2237 1.3147e+15 3.1150e+14
3979.2366 1.3147e+15 3.1172e+14
3979.2495 1.3147e+15 3.1194e+14
3979.2625 1.3147e+15 3.1216e+14
3979.2754 1.3147e+15 3.1238e+14
3979.2883 1.3147e+15 3.1260e+14
3979.3013 1.3147e+15 3.1283e+14
3979.3142 1.3147e+15 3.1305e+14
3979.3271 1.3147e+15 3.1327e+14
3979.3401 1.3147e+15 3.1349e+14
3979.3530 1.3147e+15 3.1372e+14
3979.3659 1.3147e+15 3.1394e+14
3979.3789 1.3147e+15 3.1416e+14
3979.3918 1.3147e+15 3.1439e+14
3979.4047 1.3147e+15 3.1461e+14
3979.4177 1.3147e+15 3.1484e+14
3979.4306 1.3147e+15 3.1506e+14
3979.4435 1.3147e+15 3.1529e+14
3979.4565 1.3147e+15 3.1551e+14
3979.4694 1.3147e+15 3.1574e+14
3979.4823 1.3147e+15 3.1596e+14
3979.4953 1.3147e+15 3.1619e+14
3979.5082 1.3147e+15 3.1642e+14
3979.5211 1.3147e+15 3.1664e+14
3979.5341 1.3147e+15 3.1687e+14
3979.5470 1.3147e+15 3.1710e+14
3979.5599 1.3147e+15 3.1732e+14
3979.5728 1.3147e+15 3.1755e+14
3979.5858 1.3147e+15 3.1778e+14
3979.5987 1.3147e+15 3.1801e+14
3979.6116 1.3147e+15 3.1823e+14
3979.6246 1.3147e+15 3.1846e+14
3979.6375 1.3147e+15 3.1869e+14
3979.6504 1.3147e+15 3.1892e+14
3979.6634 1.3147e+15 3.1915e+14
3979.6763 1.3147e+15 3.1938e+14
3979.6892 1.3146e+15 3.1961e+14
3979.7022 1.3146e+15 3.1984e+14
3979.7151 1.3146e+15 3.2007e+14
3979.7280 1.3146e+15 3.2030e+14
3979.7410 1.3146e+15 3.2053e+14
3979.7539 1.3146e+15 3.2076e+14
3979.7668 1.3146e+15 3.2099e+14
3979.7798 1.3146e+15 3.2122e+14
3979.7927 1.3146e+15 3.2145e+14
3979.8056 1.3146e+15 3.2169e+14
3979.8186 1.3146e+15 3.2192e+14
3979.8315 1.3146e+15 3.2215e+14
3979.8444 1.3146e+15 3.2238e+14
3979.8574 1.3146e+15 3.2262e+14
3979.8703 1.3146e+15 3.2285e+14
3979.8832 1.3146e+15 3.2308e+14
3979.8962 1.3146e+15 3.2332e+14
3979.9091 1.3146e+15 3.2355e+14
3979.9220 1.3146e+15 3.2378e+14
3979.9350 1.3146e+15 3.2402e+14
3979.9479 1.3146e+15 3.2425e+14
3979.9608 1.3146e+15 3.2449e+14
3979.9737 1.3146e+15 3.2472e+14
3979.9867 1.3146e+15 3.2496e+14
3979.9996 1.3146e+15 3.2519e+14
3980.0125 1.3146e+15 3.2543e+14
3980.0255 1.3146e+15 3.2566e+14
3980.0384 1.3146e+15 3.2590e+14
3980.0513 1.3146e+15 3.2614e+14
3980.0643 1.3146e+15 3.2637e+14
3980.0772 1.3146e+15 3.2661e+14
3980.0901 1.3146e+15 3.2685e+14
3980.1031 1.3146e+15 3.2708e+14
3980.1160 1.3146e+15 3.2732e+14
3980.1289 1.3146e+15 3.2756e+14
3980.1419 1.3146e+15 3.2780e+14
3980.1548 1.3146e+15 3.2803e+14
3980.1677 1.3146e+15 3.2827e+14
3980.1807 1.3146e+15 3.2851e+14
3980.1936 1.3146e+15 3.2875e+14
3980.2065 1.3146e+15 3.2899e+14
3980.2195 1.3146e+15 3.2923e+14
3980.2324 1.3146e+15 3.2947e+14
3980.2453 1.3146e+15 3.2971e+14
3980.2583 1.3146e+15 3.2995e+14
3980.2712 1.3146e+15 3.3019e+14
3980.2841 1.3146e+15 3.3043e+14
3980.2971 1.3146e+15 3.3067e+14
3980.3100 1.3146e+15 3.3091e+14
3980.3229 1.3146e+15 3.3115e+14
3980.3358 1.3146e+15 3.3139e+14
3980.3488 1.3146e+15 3.3163e+14
3980.3617 1.3146e+15 3.3188e+14
3980.3746 1.3146e+15 3.3212e+14
3980.3876 1.3145e+15 3.3236e+14
3980.4005 1.3145e+15 3.3260e+14
3980.4134 1.3145e+15 3.3285e+14
3980.4264 1.3145e+15 3.3309e+14
3980.4393 1.3145e+15 3.3333e+14
3980.4522 1.3145e+15 3.3357e+14
3980.4652 1.3145e+15 3.3382e+14
3980.4781 1.3145e+15 3.3406e+14
3980.4910 1.3145e+15 3.3431e+14
3980.5040 1.3145e+15 3.3455e+14
3980.5169 1.3145e+15 3.3479e+14
3980.5298 1.3145e+15 3.3504e+14
3980.5428 1.3145e+15 3.3528e+14
3980.5557 1.3145e+15 3.3553e+14
3980.5686 1.3145e+15 3.3577e+14
3980.5816 1.3145e+15 3.3602e+14
3980.5945 1.3145e+15 3.3627e+14
3980.6074 1.3145e+15 3.3651e+14
3980.6204 1.3145e+15 3.3676e+14
3980.6333 1.3145e+15 3.3700e+14
3980.6462 1.3145e+15 3.3725e+14
3980.6592 1.3145e+15 3.3750e+14
3980.6721 1.3145e+15 3.3774e+14
3980.6850 1.3145e+15 3.3799e+14
3980.6980 1.3145e+15 3.3824e+14
3980.7109 1.3145e+15 3.3849e+14
3980.7238 1.3145e+15 3.3874e+14
3980.7367 1.3145e+15 3.3898e+14
3980.7497 1.3145e+15 3.3923e+14
3980.7626 1.3145e+15 3.3948e+14
3980.7755 1.3145e+15 3.3973e+14
3980.7885 1.3145e+15 3.3998e+14
3980.8014 1.3145e+15 3.4023e+14
3980.8143 1.3145e+15 3.4048e+14
3980.8273 1.3145e+15 3.4073e+14
3980.8402 1.3145e+15 3.4098e+14
3980.8531 1.3145e+15 3.4123e+14
3980.8661 1.3145e+15 3.4148e+14
3980.8790 1.3145e+15 3.4173e+14
3980.8919 1.3145e+15 3.4198e+14
3980.9049 1.3145e+15 3.4223e+14
3980.9178 1.3145e+15 3.4248e+14
3980.9307 1.3145e+15 3.4273e+14
3980.9437 1.3145e+15 3.4298e+14
3980.9566 1.3145e+15 3.4323e+14
3980.9695 1.3145e+15 3.4349e+14
3980.9825 1.3145e+15 3.4374e+14
3980.9954 1.3145e+15 3.4399e+14
3981.0083 1.3145e+15 3.4424e+14
3981.0213 1.3145e+15 3.4450e+14
3981.0342 1.3145e+15 3.4475e+14
3981.0471 1.3145e+15 3.4500e+14
3981.0601 1.3145e+15 3.4526e+14
3981.0730 1.3145e+15 3.4551e+14
3981.0859 1.3145e+15 3.4576e+14
3981.0988 1.3144e+15 3.4602e+14
3981.1118 1.3144e+15 3.4627e+14
3981.1247 1.3144e+15 3.4653e+14
3981.1376 1.3144e+15 3.4678e+14
3981.1506 1.3144e+15 3.4704e+14
3981.1635 1.3144e+15 3.4729e+14
3981.1764 1.3144e+15 3.4755e+14
3981.1894 1.3144e+15 3.4780e+14
3981.2023 1.3144e+15 3.4806e+14
3981.2152 1.3144e+15 3.4831e+14
3981.2282 1.3144e+15 3.4857e+14
3981.2411 1.3144e+15 3.4883e+14
3981.2540 1.3144e+15 3.4908e+14
3981.2670 1.3144e+15 3.4934e+14
3981.2799 1.3144e+15 3.4960e+14
3981.2928 1.3144e+15 3.4985e+14
3981.3058 1.3144e+15 3.5011e+14
3981.3187 1.3144e+15 3.5037e+14
3981.3316 1.3144e+15 3.5062e+14
3981.3446 1.3144e+15 3.5088e+14
3981.3575 1.3144e+15 3.5114e+14
3981.3704 1.3144e+15 3.5140e+14
3981.3834 1.3144e+15 3.5166e+14
3981.3963 1.3144e+15 3.5192e+14
3981.4092 1.3144e+15 3.5218e+14
3981.4222 1.3144e+15 3.5243e+14
3981.4351 1.3144e+15 3.5269e+14
3981.4480 1.3144e+15 3.5295e+14
3981.4610 1.3144e+15 3.5321e+14
3981.4739 1.3144e+15 3.5347e+14
3981.4868 1.3144e+15 3.5373e+14
3981.4997 1.3144e+15 3.5399e+14
3981.5127 1.3144e+15 3.5425e+14
3981.5256 1.3144e+15 3.5451e+14
3981.5385 1.3144e+15 3.5477e+14
3981.5515 1.3144e+15 3.5504e+14
3981.5644 1.3144e+15 3.5530e+14
3981.5773 1.3144e+15 3.5556e+14
3981.5903 1.3144e+15 3.5582e+14
3981.6032 1.3144e+15 3.5608e+14
3981.6161 1.3144e+15 3.5634e+14
3981.6291 1.3144e+15 3.5661e+14
3981.6420 1.3144e+15 3.5687e+14
3981.6549 1.3144e+15 3.5713e+14
3981.6679 1.3144e+15 3.5739e+14
3981.6808 1.3144e+15 3.5766e+14
3981.6937 1.3144e+15 3.5792e+14
3981.7067 1.3144e+15 3.5818e+14
3981.7196 1.3144e+15 3.5845e+14
3981.7325 1.3144e+15 3.5871e+14
3981.7455 1.3144e+15 3.5897e+14
3981.7584 1.3144e+15 3.5924e+14
3981.7713 1.3144e+15 3.5950e+14
3981.7843 1.3144e+15 3.5977e+14
3981.7972 1.3143e+15 3.6003e+14
3981.8101 1.3143e+15 3.6030e+14
3981.8231 1.3143e+15 3.6056e+14
3981.8360 1.3143e+15 3.6083e+14
3981.8489 1.3143e+15 3.6109e+14
3981.8619 1.3143e+15 3.6136e+14
3981.8748 1.3143e+15 3.6162e+14
3981.8877 1.3143e+15 3.6189e+14
3981.9006 1.3143e+15 3.6215e+14
3981.9136 1.3143e+15 3.6242e+14
3981.9265 1.3143e+15 3.6269e+14
3981.9394 1.3143e+15 3.6295e+14
3981.9524 1.3143e+15 3.6322e+14
3981.9653 1.3143e+15 3.6349e+14
3981.9782 1.3143e+15 3.6375e+14
3981.9912 1.3143e+15 3.6402e+14
3982.0041 1.3143e+15 3.6429e+14
3982.0170 1.3143e+15 3.6456e+14
3982.0300 1.3143e+15 3.6483e+14
3982.0429 1.3143e+15 3.6509e+14
3982.0558 1.3143e+15 3.6536e+14
3982.0688 1.3143e+15 3.6563e+14
3982.0817 1.3143e+15 3.6590e+14
3982.0946 1.3143e+15 3.6617e+14
3982.1076 1.3143e+15 3.6644e+14
3982.1205 1.3143e+15 3.6671e+14
3982.1334 1.3143e+15 3.6698e+14
3982.1464 1.3143e+15 3.6724e+14
3982.1593 1.3143e+15 3.6751e+14
3982.1722 1.3143e+15 3.6778e+14
3982.1852 1.3143e+15 3.6805e+14
3982.1981 1.3143e+15 3.6832e+14
3982.2110 1.3143e+15 3.6859e+14
3982.2240 1.3143e+15 3.6887e+14
3982.2369 1.3143e+15 3.6914e+14
3982.2498 1.3143e+15 3.6941e+14
3982.2627 1.3143e+15 3.6968e+14
3982.2757 1.3143e+15 3.6995e+14
3982.2886 1.3143e+15 3.7022e+14
3982.3015 1.3143e+15 3.7049e+14
3982.3145 1.3143e+15 3.7076e+14
3982.3274 1.3143e+15 3.7104e+14
3982.3403 1.3143e+15 3.7131e+14
3982.3533 1.3143e+15 3.7158e+14
3982.3662 1.3143e+15 3.7185e+14
3982.3791 1.3143e+15 3.7213e+14
3982.3921 1.3143e+15 3.7240e+14
3982.4050 1.3143e+15 3.7267e+14
3982.4179 1.3143e+15 3.7294e+14
3982.4309 1.3143e+15 3.7322e+14
3982.4438 1.3143e+15 3.7349e+14
3982.4567 1.3143e+15 3.7376e+14
3982.4697 1.3143e+15 3.7404e+14
3982.4826 1.3143e+15 3.7431e+14
3982.4955 1.3142e+15 3.7459e+14
3982.5085 1.3142e+15 3.7486e+14
3982.5214 1.3142e+15 3.7514e+14
3982.5343 1.3142e+15 3.7541e+14
3982.5473 1.3142e+15 3.7569e+14
3982.5602 1.3142e+15 3.7596e+14
3982.5731 1.3142e+15 3.7624e+14
3982.5861 1.3142e+15 3.7651e+14
3982.5990 1.3142e+15 3.7679e+14
3982.6119 1.3142e+15 3.7706e+14
3982.6249 1.3142e+15 3.7734e+14
3982.6378 1.3142e+15 3.7761e+14
3982.6507 1.3142e+15 3.7789e+14
3982.6636 1.3142e+15 3.7817e+14
3982.6766 1.3142e+15 3.7844e+14
3982.6895 1.3142e+15 3.7872e+14
3982.7024 1.3142e+15 3.7900e+14
3982.7154 1.3142e+15 3.7927e+14
3982.7283 1.3142e+15 3.7955e+14
3982.7412 1.3142e+15 3.7983e+14
3982.7542 1.3142e+15 3.8010e+14
3982.7671 1.3142e+15 3.8038e+14
3982.7800 1.3142e+15 3.8066e+14
3982.7930 1.3142e+15 3.8094e+14
3982.8059 1.3142e+15 3.8122e+14
3982.8188 1.3142e+15 3.8149e+14
3982.8318 1.3142e+15 3.8177e+14
3982.8447 1.3142e+15 3.8205e+14
3982.8576 1.3142e+15 3.8233e+14
3982.8706 1.3142e+15 3.8261e+14
3982.8835 1.3142e+15 3.8289e+14
3982.8964 1.3142e+15 3.8317e+14
3982.9094 1.3142e+15 3.8345e+14
3982.9223 1.3142e+15 3.8372e+14
3982.9352 1.3142e+15 3.8400e+14
3982.9482 1.3142e+15 3.8428e+14
3982.9611 1.3142e+15 3.8456e+14
3982.9740 1.3142e+15 3.8484e+14
3982.9870 1.3142e+15 3.8512e+14
3982.9999 1.3142e+15 3.8540e+14
3983.0128 1.3142e+15 3.8568e+14
3983.0258 1.3142e+15 3.8597e+14
