# Wavelength(Å) I_cont(erg/s/cm2/Å/sr) I_abs(erg/s/cm2/Å/sr)
3958.0091 6.8497e+14 6.6135e+14
3958.0212 6.8497e+14 6.6134e+14
3958.0333 6.8497e+14 6.6133e+14
3958.0454 6.8497e+14 6.6132e+14
3958.0575 6.8497e+14 6.6131e+14
3958.0696 6.8497e+14 6.6129e+14
3958.0816 6.8497e+14 6.6128e+14
3958.0937 6.8497e+14 6.6127e+14
3958.1058 6.8497e+14 6.6126e+14
3958.1179 6.8497e+14 6.6125e+14
3958.1300 6.8497e+14 6.6123e+14
3958.1421 6.8497e+14 6.6122e+14
3958.1542 6.8497e+14 6.6121e+14
3958.1663 6.8497e+14 6.6120e+14
3958.1784 6.8497e+14 6.6118e+14
3958.1905 6.8497e+14 6.6117e+14
3958.2026 6.8498e+14 6.6116e+14
3958.2147 6.8498e+14 6.6115e+14
3958.2268 6.8498e+14 6.6114e+14
3958.2389 6.8498e+14 6.6112e+14
3958.2510 6.8498e+14 6.6111e+14
3958.2631 6.8498e+14 6.6110e+14
3958.2752 6.8498e+14 6.6109e+14
3958.2873 6.8498e+14 6.6108e+14
3958.2994 6.8498e+14 6.6106e+14
3958.3115 6.8498e+14 6.6105e+14
3958.3236 6.8498e+14 6.6104e+14
3958.3357 6.8498e+14 6.6103e+14
3958.3478 6.8498e+14 6.6102e+14
3958.3599 6.8498e+14 6.6100e+14
3958.3720 6.8498e+14 6.6099e+14
3958.3841 6.8498e+14 6.6098e+14
3958.3962 6.8498e+14 6.6097e+14
3958.4083 6.8498e+14 6.6095e+14
3958.4204 6.8498e+14 6.6094e+14
3958.4325 6.8498e+14 6.6093e+14
3958.4446 6.8498e+14 6.6092e+14
3958.4567 6.8498e+14 6.6091e+14
3958.4688 6.8499e+14 6.6089e+14
3958.4809 6.8499e+14 6.6088e+14
3958.4929 6.8499e+14 6.6087e+14
3958.5050 6.8499e+14 6.6086e+14
3958.5171 6.8499e+14 6.6085e+14
3958.5292 6.8499e+14 6.6083e+14
3958.5413 6.8499e+14 6.6082e+14
3958.5534 6.8499e+14 6.6081e+14
3958.5655 6.8499e+14 6.6080e+14
3958.5776 6.8499e+14 6.6079e+14
3958.5897 6.8499e+14 6.6077e+14
3958.6018 6.8499e+14 6.6076e+14
3958.6139 6.8499e+14 6.6075e+14
3958.6260 6.8499e+14 6.6074e+14
3958.6381 6.8499e+14 6.6072e+14
3958.6502 6.8499e+14 6.6071e+14
3958.6623 6.8499e+14 6.6070e+14
3958.6744 6.8499e+14 6.6069e+14
3958.6865 6.8499e+14 6.6068e+14
3958.6986 6.8499e+14 6.6066e+14
3958.7107 6.8499e+14 6.6065e+14
3958.7228 6.8500e+14 6.6064e+14
3958.7349 6.8500e+14 6.6063e+14
3958.7470 6.8500e+14 6.6062e+14
3958.7591 6.8500e+14 6.6060e+14
3958.7712 6.8500e+14 6.6059e+14
3958.7833 6.8500e+14 6.6058e+14
3958.7954 6.8500e+14 6.6057e+14
3958.8075 6.8500e+14 6.6056e+14
3958.8196 6.8500e+14 6.6054e+14
3958.8317 6.8500e+14 6.6053e+14
3958.8438 6.8500e+14 6.6052e+14
3958.8559 6.8500e+14 6.6051e+14
3958.8680 6.8500e+14 6.6049e+14
3958.8801 6.8500e+14 6.6048e+14
3958.8921 6.8500e+14 6.6047e+14
3958.9042 6.8500e+14 6.6046e+14
3958.9163 6.8500e+14 6.6045e+14
3958.9284 6.8500e+14 6.6043e+14
3958.9405 6.8500e+14 6.6042e+14
3958.9526 6.8500e+14 6.6041e+14
3958.9647 6.8500e+14 6.6040e+14
3958.9768 6.8500e+14 6.6039e+14
3958.9889 6.8501e+14 6.6037e+14
3959.0010 6.8501e+14 6.6036e+14
3959.0131 6.8501e+14 6.6035e+14
3959.0252 6.8501e+14 6.6034e+14
3959.0373 6.8501e+14 6.6033e+14
3959.0494 6.8501e+14 6.6031e+14
3959.0615 6.8501e+14 6.6030e+14
3959.0736 6.8501e+14 6.6029e+14
3959.0857 6.8501e+14 6.6028e+14
3959.0978 6.8501e+14 6.6026e+14
3959.1099 6.8501e+14 6.6025e+14
3959.1220 6.8501e+14 6.6024e+14
3959.1341 6.8501e+14 6.6023e+14
3959.1462 6.8501e+14 6.6022e+14
3959.1583 6.8501e+14 6.6020e+14
3959.1704 6.8501e+14 6.6019e+14
3959.1825 6.8501e+14 6.6018e+14
3959.1946 6.8501e+14 6.6017e+14
3959.2067 6.8501e+14 6.6016e+14
3959.2188 6.8501e+14 6.6014e+14
3959.2309 6.8501e+14 6.6013e+14
3959.2430 6.8501e+14 6.6012e+14
3959.2551 6.8502e+14 6.6011e+14
3959.2672 6.8502e+14 6.6010e+14
3959.2793 6.8502e+14 6.6008e+14
3959.2913 6.8502e+14 6.6007e+14
3959.3034 6.8502e+14 6.6006e+14
3959.3155 6.8502e+14 6.6005e+14
3959.3276 6.8502e+14 6.6004e+14
3959.3397 6.8502e+14 6.6002e+14
3959.3518 6.8502e+14 6.6001e+14
3959.3639 6.8502e+14 6.6000e+14
3959.3760 6.8502e+14 6.5999e+14
3959.3881 6.8502e+14 6.5998e+14
3959.4002 6.8502e+14 6.5996e+14
3959.4123 6.8502e+14 6.5995e+14
3959.4244 6.8502e+14 6.5994e+14
3959.4365 6.8502e+14 6.5993e+14
3959.4486 6.8502e+14 6.5992e+14
3959.4607 6.8502e+14 6.5990e+14
3959.4728 6.8502e+14 6.5989e+14
3959.4849 6.8502e+14 6.5988e+14
3959.4970 6.8502e+14 6.5987e+14
3959.5091 6.8503e+14 6.5985e+14
3959.5212 6.8503e+14 6.5984e+14
3959.5333 6.8503e+14 6.5983e+14
3959.5454 6.8503e+14 6.5982e+14
3959.5575 6.8503e+14 6.5981e+14
3959.5696 6.8503e+14 6.5979e+14
3959.5817 6.8503e+14 6.5978e+14
3959.5938 6.8503e+14 6.5977e+14
3959.6059 6.8503e+14 6.5976e+14
3959.6180 6.8503e+14 6.5975e+14
3959.6301 6.8503e+14 6.5973e+14
3959.6422 6.8503e+14 6.5972e+14
3959.6543 6.8503e+14 6.5971e+14
3959.6664 6.8503e+14 6.5970e+14
3959.6785 6.8503e+14 6.5969e+14
3959.6905 6.8503e+14 6.5967e+14
3959.7026 6.8503e+14 6.5966e+14
3959.7147 6.8503e+14 6.5965e+14
3959.7268 6.8503e+14 6.5964e+14
3959.7389 6.8503e+14 6.5963e+14
3959.7510 6.8503e+14 6.5961e+14
3959.7631 6.8503e+14 6.5960e+14
3959.7752 6.8504e+14 6.5959e+14
3959.7873 6.8504e+14 6.5958e+14
3959.7994 6.8504e+14 6.5957e+14
3959.8115 6.8504e+14 6.5955e+14
3959.8236 6.8504e+14 6.5954e+14
3959.8357 6.8504e+14 6.5953e+14
3959.8478 6.8504e+14 6.5952e+14
3959.8599 6.8504e+14 6.5951e+14
3959.8720 6.8504e+14 6.5949e+14
3959.8841 6.8504e+14 6.5948e+14
3959.8962 6.8504e+14 6.5947e+14
3959.9083 6.8504e+14 6.5946e+14
3959.9204 6.8504e+14 6.5945e+14
3959.9325 6.8504e+14 6.5943e+14
3959.9446 6.8504e+14 6.5942e+14
3959.9567 6.8504e+14 6.5941e+14
3959.9688 6.8504e+14 6.5940e+14
3959.9809 6.8504e+14 6.5939e+14
3959.9930 6.8504e+14 6.5938e+14
3960.0051 6.8504e+14 6.5936e+14
3960.0172 6.8504e+14 6.5935e+14
3960.0293 6.8504e+14 6.5934e+14
3960.0414 6.8505e+14 6.5933e+14
3960.0535 6.8505e+14 6.5932e+14
3960.0656 6.8505e+14 6.5930e+14
3960.0777 6.8505e+14 6.5929e+14
3960.0897 6.8505e+14 6.5928e+14
3960.1018 6.8505e+14 6.5927e+14
3960.1139 6.8505e+14 6.5926e+14
3960.1260 6.8505e+14 6.5924e+14
3960.1381 6.8505e+14 6.5923e+14
3960.1502 6.8505e+14 6.5922e+14
3960.1623 6.8505e+14 6.5921e+14
3960.1744 6.8505e+14 6.5920e+14
3960.1865 6.8505e+14 6.5918e+14
3960.1986 6.8505e+14 6.5917e+14
3960.2107 6.8505e+14 6.5916e+14
3960.2228 6.8505e+14 6.5915e+14
3960.2349 6.8505e+14 6.5914e+14
3960.2470 6.8505e+14 6.5912e+14
3960.2591 6.8505e+14 6.5911e+14
3960.2712 6.8505e+14 6.5910e+14
3960.2833 6.8505e+14 6.5909e+14
3960.2954 6.8505e+14 6.5908e+14
3960.3075 6.8506e+14 6.5907e+14
3960.3196 6.8506e+14 6.5905e+14
3960.3317 6.8506e+14 6.5904e+14
3960.3438 6.8506e+14 6.5903e+14
3960.3559 6.8506e+14 6.5902e+14
3960.3680 6.8506e+14 6.5901e+14
3960.3801 6.8506e+14 6.5899e+14
3960.3922 6.8506e+14 6.5898e+14
3960.4043 6.8506e+14 6.5897e+14
3960.4164 6.8506e+14 6.5896e+14
3960.4285 6.8506e+14 6.5895e+14
3960.4406 6.8506e+14 6.5894e+14
3960.4527 6.8506e+14 6.5892e+14
3960.4648 6.8506e+14 6.5891e+14
3960.4769 6.8506e+14 6.5890e+14
3960.4889 6.8506e+14 6.5889e+14
3960.5010 6.8506e+14 6.5888e+14
3960.5131 6.8506e+14 6.5886e+14
3960.5252 6.8506e+14 6.5885e+14
3960.5373 6.8506e+14 6.5884e+14
3960.5494 6.8506e+14 6.5883e+14
3960.5615 6.8506e+14 6.5882e+14
3960.5736 6.8507e+14 6.5881e+14
3960.5857 6.8507e+14 6.5879e+14
3960.5978 6.8507e+14 6.5878e+14
3960.6099 6.8507e+14 6.5877e+14
3960.6220 6.8507e+14 6.5876e+14
3960.6341 6.8507e+14 6.5875e+14
3960.6462 6.8507e+14 6.5873e+14
3960.6583 6.8507e+14 6.5872e+14
3960.6704 6.8507e+14 6.5871e+14
3960.6825 6.8507e+14 6.5870e+14
3960.6946 6.8507e+14 6.5869e+14
3960.7067 6.8507e+14 6.5868e+14
3960.7188 6.8507e+14 6.5866e+14
3960.7309 6.8507e+14 6.5865e+14
3960.7430 6.8507e+14 6.5864e+14
3960.7551 6.8507e+14 6.5863e+14
3960.7672 6.8507e+14 6.5862e+14
3960.7793 6.8507e+14 6.5861e+14
3960.7914 6.8507e+14 6.5859e+14
3960.8035 6.8507e+14 6.5858e+14
3960.8156 6.8507e+14 6.5857e+14
3960.8277 6.8508e+14 6.5856e+14
3960.8398 6.8508e+14 6.5855e+14
3960.8519 6.8508e+14 6.5854e+14
3960.8640 6.8508e+14 6.5852e+14
3960.8761 6.8508e+14 6.5851e+14
3960.8881 6.8508e+14 6.5850e+14
3960.9002 6.8508e+14 6.5849e+14
3960.9123 6.8508e+14 6.5848e+14
3960.9244 6.8508e+14 6.5847e+14
3960.9365 6.8508e+14 6.5845e+14
3960.9486 6.8508e+14 6.5844e+14
3960.9607 6.8508e+14 6.5843e+14
3960.9728 6.8508e+14 6.5842e+14
3960.9849 6.8508e+14 6.5841e+14
3960.9970 6.8508e+14 6.5840e+14
3961.0091 6.8508e+14 6.5838e+14
3961.0212 6.8508e+14 6.5837e+14
3961.0333 6.8508e+14 6.5836e+14
3961.0454 6.8508e+14 6.5835e+14
3961.0575 6.8508e+14 6.5834e+14
3961.0696 6.8508e+14 6.5833e+14
3961.0817 6.8508e+14 6.5831e+14
3961.0938 6.8509e+14 6.5830e+14
3961.1059 6.8509e+14 6.5829e+14
3961.1180 6.8509e+14 6.5828e+14
3961.1301 6.8509e+14 6.5827e+14
3961.1422 6.8509e+14 6.5826e+14
3961.1543 6.8509e+14 6.5825e+14
3961.1664 6.8509e+14 6.5823e+14
3961.1785 6.8509e+14 6.5822e+14
3961.1906 6.8509e+14 6.5821e+14
3961.2027 6.8509e+14 6.5820e+14
3961.2148 6.8509e+14 6.5819e+14
3961.2269 6.8509e+14 6.5818e+14
3961.2390 6.8509e+14 6.5816e+14
3961.2511 6.8509e+14 6.5815e+14
3961.2632 6.8509e+14 6.5814e+14
3961.2753 6.8509e+14 6.5813e+14
3961.2873 6.8509e+14 6.5812e+14
3961.2994 6.8509e+14 6.5811e+14
3961.3115 6.8509e+14 6.5810e+14
3961.3236 6.8509e+14 6.5808e+14
3961.3357 6.8509e+14 6.5807e+14
3961.3478 6.8509e+14 6.5806e+14
3961.3599 6.8510e+14 6.5805e+14
3961.3720 6.8510e+14 6.5804e+14
3961.3841 6.8510e+14 6.5803e+14
3961.3962 6.8510e+14 6.5802e+14
3961.4083 6.8510e+14 6.5800e+14
3961.4204 6.8510e+14 6.5799e+14
3961.4325 6.8510e+14 6.5798e+14
3961.4446 6.8510e+14 6.5797e+14
3961.4567 6.8510e+14 6.5796e+14
3961.4688 6.8510e+14 6.5795e+14
3961.4809 6.8510e+14 6.5794e+14
3961.4930 6.8510e+14 6.5792e+14
3961.5051 6.8510e+14 6.5791e+14
3961.5172 6.8510e+14 6.5790e+14
3961.5293 6.8510e+14 6.5789e+14
3961.5414 6.8510e+14 6.5788e+14
3961.5535 6.8510e+14 6.5787e+14
3961.5656 6.8510e+14 6.5786e+14
3961.5777 6.8510e+14 6.5784e+14
3961.5898 6.8510e+14 6.5783e+14
3961.6019 6.8510e+14 6.5782e+14
3961.6140 6.8510e+14 6.5781e+14
3961.6261 6.8511e+14 6.5780e+14
3961.6382 6.8511e+14 6.5779e+14
3961.6503 6.8511e+14 6.5778e+14
3961.6624 6.8511e+14 6.5777e+14
3961.6745 6.8511e+14 6.5775e+14
3961.6866 6.8511e+14 6.5774e+14
3961.6986 6.8511e+14 6.5773e+14
3961.7107 6.8511e+14 6.5772e+14
3961.7228 6.8511e+14 6.5771e+14
3961.7349 6.8511e+14 6.5770e+14
3961.7470 6.8511e+14 6.5769e+14
3961.7591 6.8511e+14 6.5768e+14
3961.7712 6.8511e+14 6.5766e+14
3961.7833 6.8511e+14 6.5765e+14
3961.7954 6.8511e+14 6.5764e+14
3961.8075 6.8511e+14 6.5763e+14
3961.8196 6.8511e+14 6.5762e+14
3961.8317 6.8511e+14 6.5761e+14
3961.8438 6.8511e+14 6.5760e+14
3961.8559 6.8511e+14 6.5759e+14
3961.8680 6.8511e+14 6.5757e+14
3961.8801 6.8511e+14 6.5756e+14
3961.8922 6.8512e+14 6.5755e+14
3961.9043 6.8512e+14 6.5754e+14
3961.9164 6.8512e+14 6.5753e+14
3961.9285 6.8512e+14 6.5752e+14
3961.9406 6.8512e+14 6.5751e+14
3961.9527 6.8512e+14 6.5750e+14
3961.9648 6.8512e+14 6.5749e+14
3961.9769 6.8512e+14 6.5747e+14
3961.9890 6.8512e+14 6.5746e+14
3962.0011 6.8512e+14 6.5745e+14
3962.0132 6.8512e+14 6.5744e+14
3962.0253 6.8512e+14 6.5743e+14
3962.0374 6.8512e+14 6.5742e+14
3962.0495 6.8512e+14 6.5741e+14
3962.0616 6.8512e+14 6.5740e+14
3962.0737 6.8512e+14 6.5739e+14
3962.0858 6.8512e+14 6.5737e+14
3962.0978 6.8512e+14 6.5736e+14
3962.1099 6.8512e+14 6.5735e+14
3962.1220 6.8512e+14 6.5734e+14
3962.1341 6.8512e+14 6.5733e+14
3962.1462 6.8512e+14 6.5732e+14
3962.1583 6.8513e+14 6.5731e+14
3962.1704 6.8513e+14 6.5730e+14
3962.1825 6.8513e+14 6.5729e+14
3962.1946 6.8513e+14 6.5728e+14
3962.2067 6.8513e+14 6.5726e+14
3962.2188 6.8513e+14 6.5725e+14
3962.2309 6.8513e+14 6.5724e+14
3962.2430 6.8513e+14 6.5723e+14
3962.2551 6.8513e+14 6.5722e+14
3962.2672 6.8513e+14 6.5721e+14
3962.2793 6.8513e+14 6.5720e+14
3962.2914 6.8513e+14 6.5719e+14
3962.3035 6.8513e+14 6.5718e+14
3962.3156 6.8513e+14 6.5717e+14
3962.3277 6.8513e+14 6.5716e+14
3962.3398 6.8513e+14 6.5714e+14
3962.3519 6.8513e+14 6.5713e+14
3962.3640 6.8513e+14 6.5712e+14
3962.3761 6.8513e+14 6.5711e+14
3962.3882 6.8513e+14 6.5710e+14
3962.4003 6.8513e+14 6.5709e+14
3962.4124 6.8513e+14 6.5708e+14
3962.4245 6.8514e+14 6.5707e+14
3962.4366 6.8514e+14 6.5706e+14
3962.4487 6.8514e+14 6.5705e+14
3962.4608 6.8514e+14 6.5704e+14
3962.4729 6.8514e+14 6.5703e+14
3962.4850 6.8514e+14 6.5701e+14
3962.4970 6.8514e+14 6.5700e+14
3962.5091 6.8514e+14 6.5699e+14
3962.5212 6.8514e+14 6.5698e+14
3962.5333 6.8514e+14 6.5697e+14
3962.5454 6.8514e+14 6.5696e+14
3962.5575 6.8514e+14 6.5695e+14
3962.5696 6.8514e+14 6.5694e+14
3962.5817 6.8514e+14 6.5693e+14
3962.5938 6.8514e+14 6.5692e+14
3962.6059 6.8514e+14 6.5691e+14
3962.6180 6.8514e+14 6.5690e+14
3962.6301 6.8514e+14 6.5689e+14
3962.6422 6.8514e+14 6.5688e+14
3962.6543 6.8514e+14 6.5686e+14
3962.6664 6.8514e+14 6.5685e+14
3962.6785 6.8514e+14 6.5684e+14
3962.6906 6.8515e+14 6.5683e+14
3962.7027 6.8515e+14 6.5682e+14
3962.7148 6.8515e+14 6.5681e+14
3962.7269 6.8515e+14 6.5680e+14
3962.7390 6.8515e+14 6.5679e+14
3962.7511 6.8515e+14 6.5678e+14
3962.7632 6.8515e+14 6.5677e+14
3962.7753 6.8515e+14 6.5676e+14
3962.7874 6.8515e+14 6.5675e+14
3962.7995 6.8515e+14 6.5674e+14
3962.8116 6.8515e+14 6.5673e+14
3962.8237 6.8515e+14 6.5672e+14
3962.8358 6.8515e+14 6.5671e+14
3962.8479 6.8515e+14 6.5670e+14
3962.8600 6.8515e+14 6.5669e+14
3962.8721 6.8515e+14 6.5667e+14
3962.8842 6.8515e+14 6.5666e+14
3962.8962 6.8515e+14 6.5665e+14
3962.9083 6.8515e+14 6.5664e+14
3962.9204 6.8515e+14 6.5663e+14
3962.9325 6.8515e+14 6.5662e+14
3962.9446 6.8515e+14 6.5661e+14
3962.9567 6.8515e+14 6.5660e+14
3962.9688 6.8516e+14 6.5659e+14
3962.9809 6.8516e+14 6.5658e+14
3962.9930 6.8516e+14 6.5657e+14
3963.0051 6.8516e+14 6.5656e+14
3963.0172 6.8516e+14 6.5655e+14
3963.0293 6.8516e+14 6.5654e+14
3963.0414 6.8516e+14 6.5653e+14
3963.0535 6.8516e+14 6.5652e+14
3963.0656 6.8516e+14 6.5651e+14
3963.0777 6.8516e+14 6.5650e+14
3963.0898 6.8516e+14 6.5649e+14
3963.1019 6.8516e+14 6.5648e+14
3963.1140 6.8516e+14 6.5647e+14
3963.1261 6.8516e+14 6.5646e+14
3963.1382 6.8516e+14 6.5645e+14
3963.1503 6.8516e+14 6.5644e+14
3963.1624 6.8516e+14 6.5643e+14
3963.1745 6.8516e+14 6.5642e+14
3963.1866 6.8516e+14 6.5641e+14
3963.1987 6.8516e+14 6.5640e+14
3963.2108 6.8516e+14 6.5639e+14
3963.2229 6.8516e+14 6.5638e+14
3963.2350 6.8517e+14 6.5637e+14
3963.2471 6.8517e+14 6.5636e+14
3963.2592 6.8517e+14 6.5635e+14
3963.2713 6.8517e+14 6.5634e+14
3963.2834 6.8517e+14 6.5632e+14
3963.2954 6.8517e+14 6.5631e+14
3963.3075 6.8517e+14 6.5630e+14
3963.3196 6.8517e+14 6.5629e+14
3963.3317 6.8517e+14 6.5628e+14
3963.3438 6.8517e+14 6.5627e+14
3963.3559 6.8517e+14 6.5626e+14
3963.3680 6.8517e+14 6.5625e+14
3963.3801 6.8517e+14 6.5624e+14
3963.3922 6.8517e+14 6.5623e+14
3963.4043 6.8517e+14 6.5622e+14
3963.4164 6.8517e+14 6.5621e+14
3963.4285 6.8517e+14 6.5620e+14
3963.4406 6.8517e+14 6.5619e+14
3963.4527 6.8517e+14 6.5618e+14
3963.4648 6.8517e+14 6.5617e+14
3963.4769 6.8517e+14 6.5616e+14
3963.4890 6.8517e+14 6.5615e+14
3963.5011 6.8518e+14 6.5614e+14
3963.5132 6.8518e+14 6.5613e+14
3963.5253 6.8518e+14 6.5612e+14
3963.5374 6.8518e+14 6.5611e+14
3963.5495 6.8518e+14 6.5611e+14
3963.5616 6.8518e+14 6.5610e+14
3963.5737 6.8518e+14 6.5609e+14
3963.5858 6.8518e+14 6.5608e+14
3963.5979 6.8518e+14 6.5607e+14
3963.6100 6.8518e+14 6.5606e+14
3963.6221 6.8518e+14 6.5605e+14
3963.6342 6.8518e+14 6.5604e+14
3963.6463 6.8518e+14 6.5603e+14
3963.6584 6.8518e+14 6.5602e+14
3963.6705 6.8518e+14 6.5601e+14
3963.6826 6.8518e+14 6.5600e+14
3963.6946 6.8518e+14 6.5599e+14
3963.7067 6.8518e+14 6.5598e+14
3963.7188 6.8518e+14 6.5597e+14
3963.7309 6.8518e+14 6.5596e+14
3963.7430 6.8518e+14 6.5595e+14
3963.7551 6.8518e+14 6.5594e+14
3963.7672 6.8519e+14 6.5593e+14
3963.7793 6.8519e+14 6.5592e+14
3963.7914 6.8519e+14 6.5591e+14
3963.8035 6.8519e+14 6.5590e+14
3963.8156 6.8519e+14 6.5589e+14
3963.8277 6.8519e+14 6.5588e+14
3963.8398 6.8519e+14 6.5587e+14
3963.8519 6.8519e+14 6.5586e+14
3963.8640 6.8519e+14 6.5585e+14
3963.8761 6.8519e+14 6.5584e+14
3963.8882 6.8519e+14 6.5583e+14
3963.9003 6.8519e+14 6.5582e+14
3963.9124 6.8519e+14 6.5581e+14
3963.9245 6.8519e+14 6.5581e+14
3963.9366 6.8519e+14 6.5580e+14
3963.9487 6.8519e+14 6.5579e+14
3963.9608 6.8519e+14 6.5578e+14
3963.9729 6.8519e+14 6.5577e+14
3963.9850 6.8519e+14 6.5576e+14
3963.9971 6.8519e+14 6.5575e+14
3964.0092 6.8519e+14 6.5574e+14
3964.0213 6.8519e+14 6.5573e+14
3964.0334 6.8519e+14 6.5572e+14
3964.0455 6.8520e+14 6.5571e+14
3964.0576 6.8520e+14 6.5570e+14
3964.0697 6.8520e+14 6.5569e+14
3964.0818 6.8520e+14 6.5568e+14
3964.0938 6.8520e+14 6.5567e+14
3964.1059 6.8520e+14 6.5566e+14
3964.1180 6.8520e+14 6.5565e+14
3964.1301 6.8520e+14 6.5565e+14
3964.1422 6.8520e+14 6.5564e+14
3964.1543 6.8520e+14 6.5563e+14
3964.1664 6.8520e+14 6.5562e+14
3964.1785 6.8520e+14 6.5561e+14
3964.1906 6.8520e+14 6.5560e+14
3964.2027 6.8520e+14 6.5559e+14
3964.2148 6.8520e+14 6.5558e+14
3964.2269 6.8520e+14 6.5557e+14
3964.2390 6.8520e+14 6.5556e+14
3964.2511 6.8520e+14 6.5555e+14
3964.2632 6.8520e+14 6.5554e+14
3964.2753 6.8520e+14 6.5554e+14
3964.2874 6.8520e+14 6.5553e+14
3964.2995 6.8520e+14 6.5552e+14
3964.3116 6.8521e+14 6.5551e+14
3964.3237 6.8521e+14 6.5550e+14
3964.3358 6.8521e+14 6.5549e+14
3964.3479 6.8521e+14 6.5548e+14
3964.3600 6.8521e+14 6.5547e+14
3964.3721 6.8521e+14 6.5546e+14
3964.3842 6.8521e+14 6.5545e+14
3964.3963 6.8521e+14 6.5545e+14
3964.4084 6.8521e+14 6.5544e+14
3964.4205 6.8521e+14 6.5543e+14
3964.4326 6.8521e+14 6.5542e+14
3964.4447 6.8521e+14 6.5541e+14
3964.4568 6.8521e+14 6.5540e+14
3964.4689 6.8521e+14 6.5539e+14
3964.4810 6.8521e+14 6.5538e+14
3964.4930 6.8521e+14 6.5537e+14
3964.5051 6.8521e+14 6.5536e+14
3964.5172 6.8521e+14 6.5536e+14
3964.5293 6.8521e+14 6.5535e+14
3964.5414 6.8521e+14 6.5534e+14
3964.5535 6.8521e+14 6.5533e+14
3964.5656 6.8521e+14 6.5532e+14
3964.5777 6.8522e+14 6.5531e+14
3964.5898 6.8522e+14 6.5530e+14
3964.6019 6.8522e+14 6.5529e+14
3964.6140 6.8522e+14 6.5529e+14
3964.6261 6.8522e+14 6.5528e+14
3964.6382 6.8522e+14 6.5527e+14
3964.6503 6.8522e+14 6.5526e+14
3964.6624 6.8522e+14 6.5525e+14
3964.6745 6.8522e+14 6.5524e+14
3964.6866 6.8522e+14 6.5523e+14
3964.6987 6.8522e+14 6.5523e+14
3964.7108 6.8522e+14 6.5522e+14
3964.7229 6.8522e+14 6.5521e+14
3964.7350 6.8522e+14 6.5520e+14
3964.7471 6.8522e+14 6.5519e+14
3964.7592 6.8522e+14 6.5518e+14
3964.7713 6.8522e+14 6.5517e+14
3964.7834 6.8522e+14 6.5517e+14
3964.7955 6.8522e+14 6.5516e+14
3964.8076 6.8522e+14 6.5515e+14
3964.8197 6.8522e+14 6.5514e+14
3964.8318 6.8522e+14 6.5513e+14
3964.8439 6.8522e+14 6.5512e+14
3964.8560 6.8523e+14 6.5511e+14
3964.8681 6.8523e+14 6.5511e+14
3964.8802 6.8523e+14 6.5510e+14
3964.8922 6.8523e+14 6.5509e+14
3964.9043 6.8523e+14 6.5508e+14
3964.9164 6.8523e+14 6.5507e+14
3964.9285 6.8523e+14 6.5506e+14
3964.9406 6.8523e+14 6.5506e+14
3964.9527 6.8523e+14 6.5505e+14
3964.9648 6.8523e+14 6.5504e+14
3964.9769 6.8523e+14 6.5503e+14
3964.9890 6.8523e+14 6.5502e+14
3965.0011 6.8523e+14 6.5501e+14
3965.0132 6.8523e+14 6.5501e+14
3965.0253 6.8523e+14 6.5500e+14
3965.0374 6.8523e+14 6.5499e+14
3965.0495 6.8523e+14 6.5498e+14
3965.0616 6.8523e+14 6.5497e+14
3965.0737 6.8523e+14 6.5497e+14
3965.0858 6.8523e+14 6.5496e+14
3965.0979 6.8523e+14 6.5495e+14
3965.1100 6.8523e+14 6.5494e+14
3965.1221 6.8524e+14 6.5493e+14
3965.1342 6.8524e+14 6.5493e+14
3965.1463 6.8524e+14 6.5492e+14
3965.1584 6.8524e+14 6.5491e+14
3965.1705 6.8524e+14 6.5490e+14
3965.1826 6.8524e+14 6.5489e+14
3965.1947 6.8524e+14 6.5489e+14
3965.2068 6.8524e+14 6.5488e+14
3965.2189 6.8524e+14 6.5487e+14
3965.2310 6.8524e+14 6.5486e+14
3965.2431 6.8524e+14 6.5485e+14
3965.2552 6.8524e+14 6.5485e+14
3965.2673 6.8524e+14 6.5484e+14
3965.2794 6.8524e+14 6.5483e+14
3965.2915 6.8524e+14 6.5482e+14
3965.3035 6.8524e+14 6.5481e+14
3965.3156 6.8524e+14 6.5481e+14
3965.3277 6.8524e+14 6.5480e+14
3965.3398 6.8524e+14 6.5479e+14
3965.3519 6.8524e+14 6.5478e+14
3965.3640 6.8524e+14 6.5478e+14
3965.3761 6.8524e+14 6.5477e+14
3965.3882 6.8524e+14 6.5476e+14
3965.4003 6.8525e+14 6.5475e+14
3965.4124 6.8525e+14 6.5474e+14
3965.4245 6.8525e+14 6.5474e+14
3965.4366 6.8525e+14 6.5473e+14
3965.4487 6.8525e+14 6.5472e+14
3965.4608 6.8525e+14 6.5471e+14
3965.4729 6.8525e+14 6.5471e+14
3965.4850 6.8525e+14 6.5470e+14
3965.4971 6.8525e+14 6.5469e+14
3965.5092 6.8525e+14 6.5468e+14
3965.5213 6.8525e+14 6.5468e+14
3965.5334 6.8525e+14 6.5467e+14
3965.5455 6.8525e+14 6.5466e+14
3965.5576 6.8525e+14 6.5465e+14
3965.5697 6.8525e+14 6.5465e+14
3965.5818 6.8525e+14 6.5464e+14
3965.5939 6.8525e+14 6.5463e+14
3965.6060 6.8525e+14 6.5462e+14
3965.6181 6.8525e+14 6.5462e+14
3965.6302 6.8525e+14 6.5461e+14
3965.6423 6.8525e+14 6.5460e+14
3965.6544 6.8525e+14 6.5459e+14
3965.6665 6.8526e+14 6.5459e+14
3965.6786 6.8526e+14 6.5458e+14
3965.6907 6.8526e+14 6.5457e+14
3965.7027 6.8526e+14 6.5456e+14
3965.7148 6.8526e+14 6.5456e+14
3965.7269 6.8526e+14 6.5455e+14
3965.7390 6.8526e+14 6.5454e+14
3965.7511 6.8526e+14 6.5454e+14
3965.7632 6.8526e+14 6.5453e+14
3965.7753 6.8526e+14 6.5452e+14
3965.7874 6.8526e+14 6.5451e+14
3965.7995 6.8526e+14 6.5451e+14
3965.8116 6.8526e+14 6.5450e+14
3965.8237 6.8526e+14 6.5449e+14
3965.8358 6.8526e+14 6.5449e+14
3965.8479 6.8526e+14 6.5448e+14
3965.8600 6.8526e+14 6.5447e+14
3965.8721 6.8526e+14 6.5446e+14
3965.8842 6.8526e+14 6.5446e+14
3965.8963 6.8526e+14 6.5445e+14
3965.9084 6.8526e+14 6.5444e+14
3965.9205 6.8526e+14 6.5444e+14
3965.9326 6.8526e+14 6.5443e+14
3965.9447 6.8527e+14 6.5442e+14
3965.9568 6.8527e+14 6.5442e+14
3965.9689 6.8527e+14 6.5441e+14
3965.9810 6.8527e+14 6.5440e+14
3965.9931 6.8527e+14 6.5439e+14
3966.0052 6.8527e+14 6.5439e+14
3966.0173 6.8527e+14 6.5438e+14
3966.0294 6.8527e+14 6.5437e+14
3966.0415 6.8527e+14 6.5437e+14
3966.0536 6.8527e+14 6.5436e+14
3966.0657 6.8527e+14 6.5435e+14
3966.0778 6.8527e+14 6.5435e+14
3966.0899 6.8527e+14 6.5434e+14
3966.1019 6.8527e+14 6.5433e+14
3966.1140 6.8527e+14 6.5433e+14
3966.1261 6.8527e+14 6.5432e+14
3966.1382 6.8527e+14 6.5431e+14
3966.1503 6.8527e+14 6.5431e+14
3966.1624 6.8527e+14 6.5430e+14
3966.1745 6.8527e+14 6.5429e+14
3966.1866 6.8527e+14 6.5429e+14
3966.1987 6.8527e+14 6.5428e+14
3966.2108 6.8528e+14 6.5427e+14
3966.2229 6.8528e+14 6.5427e+14
3966.2350 6.8528e+14 6.5426e+14
3966.2471 6.8528e+14 6.5426e+14
3966.2592 6.8528e+14 6.5425e+14
3966.2713 6.8528e+14 6.5424e+14
3966.2834 6.8528e+14 6.5424e+14
3966.2955 6.8528e+14 6.5423e+14
3966.3076 6.8528e+14 6.5422e+14
3966.3197 6.8528e+14 6.5422e+14
3966.3318 6.8528e+14 6.5421e+14
3966.3439 6.8528e+14 6.5420e+14
3966.3560 6.8528e+14 6.5420e+14
3966.3681 6.8528e+14 6.5419e+14
3966.3802 6.8528e+14 6.5418e+14
3966.3923 6.8528e+14 6.5418e+14
3966.4044 6.8528e+14 6.5417e+14
3966.4165 6.8528e+14 6.5417e+14
3966.4286 6.8528e+14 6.5416e+14
3966.4407 6.8528e+14 6.5415e+14
3966.4528 6.8528e+14 6.5415e+14
3966.4649 6.8528e+14 6.5414e+14
3966.4770 6.8528e+14 6.5414e+14
3966.4891 6.8529e+14 6.5413e+14
3966.5011 6.8529e+14 6.5412e+14
3966.5132 6.8529e+14 6.5412e+14
3966.5253 6.8529e+14 6.5411e+14
3966.5374 6.8529e+14 6.5411e+14
3966.5495 6.8529e+14 6.5410e+14
3966.5616 6.8529e+14 6.5409e+14
3966.5737 6.8529e+14 6.5409e+14
3966.5858 6.8529e+14 6.5408e+14
3966.5979 6.8529e+14 6.5408e+14
3966.6100 6.8529e+14 6.5407e+14
3966.6221 6.8529e+14 6.5406e+14
3966.6342 6.8529e+14 6.5406e+14
3966.6463 6.8529e+14 6.5405e+14
3966.6584 6.8529e+14 6.5405e+14
3966.6705 6.8529e+14 6.5404e+14
3966.6826 6.8529e+14 6.5403e+14
3966.6947 6.8529e+14 6.5403e+14
3966.7068 6.8529e+14 6.5402e+14
3966.7189 6.8529e+14 6.5402e+14
3966.7310 6.8529e+14 6.5401e+14
3966.7431 6.8529e+14 6.5401e+14
3966.7552 6.8529e+14 6.5400e+14
3966.7673 6.8530e+14 6.5399e+14
3966.7794 6.8530e+14 6.5399e+14
3966.7915 6.8530e+14 6.5398e+14
3966.8036 6.8530e+14 6.5398e+14
3966.8157 6.8530e+14 6.5397e+14
3966.8278 6.8530e+14 6.5397e+14
3966.8399 6.8530e+14 6.5396e+14
3966.8520 6.8530e+14 6.5396e+14
3966.8641 6.8530e+14 6.5395e+14
3966.8762 6.8530e+14 6.5394e+14
3966.8883 6.8530e+14 6.5394e+14
3966.9003 6.8530e+14 6.5393e+14
3966.9124 6.8530e+14 6.5393e+14
3966.9245 6.8530e+14 6.5392e+14
3966.9366 6.8530e+14 6.5392e+14
3966.9487 6.8530e+14 6.5391e+14
3966.9608 6.8530e+14 6.5391e+14
3966.9729 6.8530e+14 6.5390e+14
3966.9850 6.8530e+14 6.5390e+14
3966.9971 6.8530e+14 6.5389e+14
3967.0092 6.8530e+14 6.5389e+14
3967.0213 6.8530e+14 6.5388e+14
3967.0334 6.8531e+14 6.5387e+14
3967.0455 6.8531e+14 6.5387e+14
3967.0576 6.8531e+14 6.5386e+14
3967.0697 6.8531e+14 6.5386e+14
3967.0818 6.8531e+14 6.5385e+14
3967.0939 6.8531e+14 6.5385e+14
3967.1060 6.8531e+14 6.5384e+14
3967.1181 6.8531e+14 6.5384e+14
3967.1302 6.8531e+14 6.5383e+14
3967.1423 6.8531e+14 6.5383e+14
3967.1544 6.8531e+14 6.5382e+14
3967.1665 6.8531e+14 6.5382e+14
3967.1786 6.8531e+14 6.5381e+14
3967.1907 6.8531e+14 6.5381e+14
3967.2028 6.8531e+14 6.5380e+14
3967.2149 6.8531e+14 6.5380e+14
3967.2270 6.8531e+14 6.5379e+14
3967.2391 6.8531e+14 6.5379e+14
3967.2512 6.8531e+14 6.5378e+14
3967.2633 6.8531e+14 6.5378e+14
3967.2754 6.8531e+14 6.5377e+14
3967.2875 6.8531e+14 6.5377e+14
3967.2995 6.8531e+14 6.5377e+14
3967.3116 6.8532e+14 6.5376e+14
3967.3237 6.8532e+14 6.5376e+14
3967.3358 6.8532e+14 6.5375e+14
3967.3479 6.8532e+14 6.5375e+14
3967.3600 6.8532e+14 6.5374e+14
3967.3721 6.8532e+14 6.5374e+14
3967.3842 6.8532e+14 6.5373e+14
3967.3963 6.8532e+14 6.5373e+14
3967.4084 6.8532e+14 6.5372e+14
3967.4205 6.8532e+14 6.5372e+14
3967.4326 6.8532e+14 6.5371e+14
3967.4447 6.8532e+14 6.5371e+14
3967.4568 6.8532e+14 6.5370e+14
3967.4689 6.8532e+14 6.5370e+14
3967.4810 6.8532e+14 6.5370e+14
3967.4931 6.8532e+14 6.5369e+14
3967.5052 6.8532e+14 6.5369e+14
3967.5173 6.8532e+14 6.5368e+14
3967.5294 6.8532e+14 6.5368e+14
3967.5415 6.8532e+14 6.5367e+14
3967.5536 6.8532e+14 6.5367e+14
3967.5657 6.8532e+14 6.5367e+14
3967.5778 6.8532e+14 6.5366e+14
3967.5899 6.8533e+14 6.5366e+14
3967.6020 6.8533e+14 6.5365e+14
3967.6141 6.8533e+14 6.5365e+14
3967.6262 6.8533e+14 6.5364e+14
3967.6383 6.8533e+14 6.5364e+14
3967.6504 6.8533e+14 6.5364e+14
3967.6625 6.8533e+14 6.5363e+14
3967.6746 6.8533e+14 6.5363e+14
3967.6867 6.8533e+14 6.5362e+14
3967.6987 6.8533e+14 6.5362e+14
3967.7108 6.8533e+14 6.5362e+14
3967.7229 6.8533e+14 6.5361e+14
3967.7350 6.8533e+14 6.5361e+14
3967.7471 6.8533e+14 6.5360e+14
3967.7592 6.8533e+14 6.5360e+14
3967.7713 6.8533e+14 6.5360e+14
3967.7834 6.8533e+14 6.5359e+14
3967.7955 6.8533e+14 6.5359e+14
3967.8076 6.8533e+14 6.5358e+14
3967.8197 6.8533e+14 6.5358e+14
3967.8318 6.8533e+14 6.5358e+14
3967.8439 6.8533e+14 6.5357e+14
3967.8560 6.8533e+14 6.5357e+14
3967.8681 6.8534e+14 6.5356e+14
3967.8802 6.8534e+14 6.5356e+14
3967.8923 6.8534e+14 6.5356e+14
3967.9044 6.8534e+14 6.5355e+14
3967.9165 6.8534e+14 6.5355e+14
3967.9286 6.8534e+14 6.5355e+14
3967.9407 6.8534e+14 6.5354e+14
3967.9528 6.8534e+14 6.5354e+14
3967.9649 6.8534e+14 6.5353e+14
3967.9770 6.8534e+14 6.5353e+14
3967.9891 6.8534e+14 6.5353e+14
3968.0012 6.8534e+14 6.5352e+14
3968.0133 6.8534e+14 6.5352e+14
3968.0254 6.8534e+14 6.5352e+14
3968.0375 6.8534e+14 6.5351e+14
3968.0496 6.8534e+14 6.5351e+14
3968.0617 6.8534e+14 6.5351e+14
3968.0738 6.8534e+14 6.5350e+14
3968.0859 6.8534e+14 6.5350e+14
3968.0979 6.8534e+14 6.5350e+14
3968.1100 6.8534e+14 6.5349e+14
3968.1221 6.8534e+14 6.5349e+14
3968.1342 6.8534e+14 6.5349e+14
3968.1463 6.8535e+14 6.5348e+14
3968.1584 6.8535e+14 6.5348e+14
3968.1705 6.8535e+14 6.5348e+14
3968.1826 6.8535e+14 6.5347e+14
3968.1947 6.8535e+14 6.5347e+14
3968.2068 6.8535e+14 6.5347e+14
3968.2189 6.8535e+14 6.5346e+14
3968.2310 6.8535e+14 6.5346e+14
3968.2431 6.8535e+14 6.5346e+14
3968.2552 6.8535e+14 6.5345e+14
3968.2673 6.8535e+14 6.5345e+14
3968.2794 6.8535e+14 6.5345e+14
3968.2915 6.8535e+14 6.5345e+14
3968.3036 6.8535e+14 6.5344e+14
3968.3157 6.8535e+14 6.5344e+14
3968.3278 6.8535e+14 6.5344e+14
3968.3399 6.8535e+14 6.5343e+14
3968.3520 6.8535e+14 6.5343e+14
3968.3641 6.8535e+14 6.5343e+14
3968.3762 6.8535e+14 6.5343e+14
3968.3883 6.8535e+14 6.5342e+14
3968.4004 6.8535e+14 6.5342e+14
3968.4125 6.8535e+14 6.5342e+14
3968.4246 6.8536e+14 6.5341e+14
3968.4367 6.8536e+14 6.5341e+14
3968.4488 6.8536e+14 6.5341e+14
3968.4609 6.8536e+14 6.5341e+14
3968.4730 6.8536e+14 6.5340e+14
3968.4851 6.8536e+14 6.5340e+14
3968.4972 6.8536e+14 6.5340e+14
3968.5092 6.8536e+14 6.5340e+14
3968.5213 6.8536e+14 6.5339e+14
3968.5334 6.8536e+14 6.5339e+14
3968.5455 6.8536e+14 6.5339e+14
3968.5576 6.8536e+14 6.5338e+14
3968.5697 6.8536e+14 6.5338e+14
3968.5818 6.8536e+14 6.5338e+14
3968.5939 6.8536e+14 6.5338e+14
3968.6060 6.8536e+14 6.5337e+14
3968.6181 6.8536e+14 6.5337e+14
3968.6302 6.8536e+14 6.5337e+14
3968.6423 6.8536e+14 6.5337e+14
3968.6544 6.8536e+14 6.5337e+14
3968.6665 6.8536e+14 6.5336e+14
3968.6786 6.8536e+14 6.5336e+14
3968.6907 6.8537e+14 6.5336e+14
3968.7028 6.8537e+14 6.5336e+14
3968.7149 6.8537e+14 6.5335e+14
3968.7270 6.8537e+14 6.5335e+14
3968.7391 6.8537e+14 6.5335e+14
3968.7512 6.8537e+14 6.5335e+14
3968.7633 6.8537e+14 6.5335e+14
3968.7754 6.8537e+14 6.5334e+14
3968.7875 6.8537e+14 6.5334e+14
3968.7996 6.8537e+14 6.5334e+14
3968.8117 6.8537e+14 6.5334e+14
3968.8238 6.8537e+14 6.5333e+14
3968.8359 6.8537e+14 6.5333e+14
3968.8480 6.8537e+14 6.5333e+14
3968.8601 6.8537e+14 6.5333e+14
3968.8722 6.8537e+14 6.5333e+14
3968.8843 6.8537e+14 6.5333e+14
3968.8964 6.8537e+14 6.5332e+14
3968.9084 6.8537e+14 6.5332e+14
3968.9205 6.8537e+14 6.5332e+14
3968.9326 6.8537e+14 6.5332e+14
3968.9447 6.8537e+14 6.5332e+14
3968.9568 6.8537e+14 6.5331e+14
3968.9689 6.8538e+14 6.5331e+14
3968.9810 6.8538e+14 6.5331e+14
3968.9931 6.8538e+14 6.5331e+14
3969.0052 6.8538e+14 6.5331e+14
3969.0173 6.8538e+14 6.5331e+14
3969.0294 6.8538e+14 6.5330e+14
3969.0415 6.8538e+14 6.5330e+14
3969.0536 6.8538e+14 6.5330e+14
3969.0657 6.8538e+14 6.5330e+14
3969.0778 6.8538e+14 6.5330e+14
3969.0899 6.8538e+14 6.5330e+14
3969.1020 6.8538e+14 6.5329e+14
3969.1141 6.8538e+14 6.5329e+14
3969.1262 6.8538e+14 6.5329e+14
3969.1383 6.8538e+14 6.5329e+14
3969.1504 6.8538e+14 6.5329e+14
3969.1625 6.8538e+14 6.5329e+14
3969.1746 6.8538e+14 6.5329e+14
3969.1867 6.8538e+14 6.5328e+14
3969.1988 6.8538e+14 6.5328e+14
3969.2109 6.8538e+14 6.5328e+14
3969.2230 6.8538e+14 6.5328e+14
3969.2351 6.8538e+14 6.5328e+14
3969.2472 6.8538e+14 6.5328e+14
3969.2593 6.8539e+14 6.5328e+14
3969.2714 6.8539e+14 6.5328e+14
3969.2835 6.8539e+14 6.5327e+14
3969.2956 6.8539e+14 6.5327e+14
3969.3076 6.8539e+14 6.5327e+14
3969.3197 6.8539e+14 6.5327e+14
3969.3318 6.8539e+14 6.5327e+14
3969.3439 6.8539e+14 6.5327e+14
3969.3560 6.8539e+14 6.5327e+14
3969.3681 6.8539e+14 6.5327e+14
3969.3802 6.8539e+14 6.5327e+14
3969.3923 6.8539e+14 6.5327e+14
3969.4044 6.8539e+14 6.5326e+14
3969.4165 6.8539e+14 6.5326e+14
3969.4286 6.8539e+14 6.5326e+14
3969.4407 6.8539e+14 6.5326e+14
3969.4528 6.8539e+14 6.5326e+14
3969.4649 6.8539e+14 6.5326e+14
3969.4770 6.8539e+14 6.5326e+14
3969.4891 6.8539e+14 6.5326e+14
3969.5012 6.8539e+14 6.5326e+14
3969.5133 6.8539e+14 6.5326e+14
3969.5254 6.8539e+14 6.5326e+14
3969.5375 6.8540e+14 6.5326e+14
3969.5496 6.8540e+14 6.5325e+14
3969.5617 6.8540e+14 6.5325e+14
3969.5738 6.8540e+14 6.5325e+14
3969.5859 6.8540e+14 6.5325e+14
3969.5980 6.8540e+14 6.5325e+14
3969.6101 6.8540e+14 6.5325e+14
3969.6222 6.8540e+14 6.5325e+14
3969.6343 6.8540e+14 6.5325e+14
3969.6464 6.8540e+14 6.5325e+14
3969.6585 6.8540e+14 6.5325e+14
3969.6706 6.8540e+14 6.5325e+14
3969.6827 6.8540e+14 6.5325e+14
3969.6948 6.8540e+14 6.5325e+14
3969.7068 6.8540e+14 6.5325e+14
3969.7189 6.8540e+14 6.5325e+14
3969.7310 6.8540e+14 6.5325e+14
3969.7431 6.8540e+14 6.5325e+14
3969.7552 6.8540e+14 6.5325e+14
3969.7673 6.8540e+14 6.5325e+14
3969.7794 6.8540e+14 6.5325e+14
3969.7915 6.8540e+14 6.5325e+14
3969.8036 6.8540e+14 6.5325e+14
3969.8157 6.8541e+14 6.5325e+14
3969.8278 6.8541e+14 6.5325e+14
3969.8399 6.8541e+14 6.5325e+14
3969.8520 6.8541e+14 6.5325e+14
3969.8641 6.8541e+14 6.5325e+14
3969.8762 6.8541e+14 6.5325e+14
3969.8883 6.8541e+14 6.5325e+14
3969.9004 6.8541e+14 6.5325e+14
3969.9125 6.8541e+14 6.5325e+14
3969.9246 6.8541e+14 6.5325e+14
3969.9367 6.8541e+14 6.5325e+14
3969.9488 6.8541e+14 6.5325e+14
3969.9609 6.8541e+14 6.5325e+14
3969.9730 6.8541e+14 6.5325e+14
3969.9851 6.8541e+14 6.5325e+14
3969.9972 6.8541e+14 6.5325e+14
3970.0093 6.8541e+14 6.5325e+14
3970.0214 6.8541e+14 6.5325e+14
3970.0335 6.8541e+14 6.5325e+14
3970.0456 6.8541e+14 6.5325e+14
3970.0577 6.8541e+14 6.5325e+14
3970.0698 6.8541e+14 6.5325e+14
3970.0819 6.8541e+14 6.5325e+14
3970.0940 6.8542e+14 6.5325e+14
3970.1060 6.8542e+14 6.5325e+14
3970.1181 6.8542e+14 6.5325e+14
3970.1302 6.8542e+14 6.5325e+14
3970.1423 6.8542e+14 6.5325e+14
3970.1544 6.8542e+14 6.5325e+14
3970.1665 6.8542e+14 6.5325e+14
3970.1786 6.8542e+14 6.5325e+14
3970.1907 6.8542e+14 6.5325e+14
3970.2028 6.8542e+14 6.5325e+14
3970.2149 6.8542e+14 6.5325e+14
3970.2270 6.8542e+14 6.5326e+14
3970.2391 6.8542e+14 6.5326e+14
3970.2512 6.8542e+14 6.5326e+14
3970.2633 6.8542e+14 6.5326e+14
3970.2754 6.8542e+14 6.5326e+14
3970.2875 6.8542e+14 6.5326e+14
3970.2996 6.8542e+14 6.5326e+14
3970.3117 6.8542e+14 6.5326e+14
3970.3238 6.8542e+14 6.5326e+14
3970.3359 6.8542e+14 6.5326e+14
3970.3480 6.8542e+14 6.5326e+14
3970.3601 6.8542e+14 6.5326e+14
3970.3722 6.8543e+14 6.5326e+14
3970.3843 6.8543e+14 6.5327e+14
3970.3964 6.8543e+14 6.5327e+14
3970.4085 6.8543e+14 6.5327e+14
3970.4206 6.8543e+14 6.5327e+14
3970.4327 6.8543e+14 6.5327e+14
3970.4448 6.8543e+14 6.5327e+14
3970.4569 6.8543e+14 6.5327e+14
3970.4690 6.8543e+14 6.5327e+14
3970.4811 6.8543e+14 6.5327e+14
3970.4932 6.8543e+14 6.5328e+14
3970.5052 6.8543e+14 6.5328e+14
3970.5173 6.8543e+14 6.5328e+14
3970.5294 6.8543e+14 6.5328e+14
3970.5415 6.8543e+14 6.5328e+14
3970.5536 6.8543e+14 6.5328e+14
3970.5657 6.8543e+14 6.5328e+14
3970.5778 6.8543e+14 6.5328e+14
3970.5899 6.8543e+14 6.5329e+14
3970.6020 6.8543e+14 6.5329e+14
3970.6141 6.8543e+14 6.5329e+14
3970.6262 6.8543e+14 6.5329e+14
3970.6383 6.8543e+14 6.5329e+14
3970.6504 6.8544e+14 6.5329e+14
3970.6625 6.8544e+14 6.5329e+14
3970.6746 6.8544e+14 6.5330e+14
3970.6867 6.8544e+14 6.5330e+14
3970.6988 6.8544e+14 6.5330e+14
3970.7109 6.8544e+14 6.5330e+14
3970.7230 6.8544e+14 6.5330e+14
3970.7351 6.8544e+14 6.5330e+14
3970.7472 6.8544e+14 6.5330e+14
3970.7593 6.8544e+14 6.5331e+14
3970.7714 6.8544e+14 6.5331e+14
3970.7835 6.8544e+14 6.5331e+14
3970.7956 6.8544e+14 6.5331e+14
3970.8077 6.8544e+14 6.5331e+14
3970.8198 6.8544e+14 6.5332e+14
3970.8319 6.8544e+14 6.5332e+14
3970.8440 6.8544e+14 6.5332e+14
3970.8561 6.8544e+14 6.5332e+14
3970.8682 6.8544e+14 6.5332e+14
3970.8803 6.8544e+14 6.5332e+14
3970.8924 6.8544e+14 6.5333e+14
3970.9044 6.8544e+14 6.5333e+14
3970.9165 6.8544e+14 6.5333e+14
3970.9286 6.8544e+14 6.5333e+14
3970.9407 6.8545e+14 6.5333e+14
3970.9528 6.8545e+14 6.5334e+14
3970.9649 6.8545e+14 6.5334e+14
3970.9770 6.8545e+14 6.5334e+14
3970.9891 6.8545e+14 6.5334e+14
3971.0012 6.8545e+14 6.5334e+14
3971.0133 6.8545e+14 6.5335e+14
3971.0254 6.8545e+14 6.5335e+14
3971.0375 6.8545e+14 6.5335e+14
3971.0496 6.8545e+14 6.5335e+14
3971.0617 6.8545e+14 6.5336e+14
3971.0738 6.8545e+14 6.5336e+14
3971.0859 6.8545e+14 6.5336e+14
3971.0980 6.8545e+14 6.5336e+14
3971.1101 6.8545e+14 6.5336e+14
3971.1222 6.8545e+14 6.5337e+14
3971.1343 6.8545e+14 6.5337e+14
3971.1464 6.8545e+14 6.5337e+14
3971.1585 6.8545e+14 6.5337e+14
3971.1706 6.8545e+14 6.5338e+14
3971.1827 6.8545e+14 6.5338e+14
3971.1948 6.8545e+14 6.5338e+14
3971.2069 6.8545e+14 6.5338e+14
3971.2190 6.8546e+14 6.5339e+14
3971.2311 6.8546e+14 6.5339e+14
3971.2432 6.8546e+14 6.5339e+14
3971.2553 6.8546e+14 6.5339e+14
3971.2674 6.8546e+14 6.5340e+14
3971.2795 6.8546e+14 6.5340e+14
3971.2916 6.8546e+14 6.5340e+14
3971.3036 6.8546e+14 6.5341e+14
3971.3157 6.8546e+14 6.5341e+14
3971.3278 6.8546e+14 6.5341e+14
3971.3399 6.8546e+14 6.5341e+14
3971.3520 6.8546e+14 6.5342e+14
3971.3641 6.8546e+14 6.5342e+14
3971.3762 6.8546e+14 6.5342e+14
3971.3883 6.8546e+14 6.5342e+14
3971.4004 6.8546e+14 6.5343e+14
3971.4125 6.8546e+14 6.5343e+14
3971.4246 6.8546e+14 6.5343e+14
3971.4367 6.8546e+14 6.5344e+14
3971.4488 6.8546e+14 6.5344e+14
3971.4609 6.8546e+14 6.5344e+14
3971.4730 6.8546e+14 6.5345e+14
3971.4851 6.8546e+14 6.5345e+14
3971.4972 6.8547e+14 6.5345e+14
3971.5093 6.8547e+14 6.5345e+14
3971.5214 6.8547e+14 6.5346e+14
3971.5335 6.8547e+14 6.5346e+14
3971.5456 6.8547e+14 6.5346e+14
3971.5577 6.8547e+14 6.5347e+14
3971.5698 6.8547e+14 6.5347e+14
3971.5819 6.8547e+14 6.5347e+14
3971.5940 6.8547e+14 6.5348e+14
3971.6061 6.8547e+14 6.5348e+14
3971.6182 6.8547e+14 6.5348e+14
3971.6303 6.8547e+14 6.5349e+14
3971.6424 6.8547e+14 6.5349e+14
3971.6545 6.8547e+14 6.5349e+14
3971.6666 6.8547e+14 6.5350e+14
3971.6787 6.8547e+14 6.5350e+14
3971.6908 6.8547e+14 6.5350e+14
3971.7028 6.8547e+14 6.5351e+14
3971.7149 6.8547e+14 6.5351e+14
3971.7270 6.8547e+14 6.5351e+14
3971.7391 6.8547e+14 6.5352e+14
3971.7512 6.8547e+14 6.5352e+14
3971.7633 6.8547e+14 6.5352e+14
3971.7754 6.8547e+14 6.5353e+14
3971.7875 6.8548e+14 6.5353e+14
3971.7996 6.8548e+14 6.5354e+14
3971.8117 6.8548e+14 6.5354e+14
3971.8238 6.8548e+14 6.5354e+14
3971.8359 6.8548e+14 6.5355e+14
3971.8480 6.8548e+14 6.5355e+14
3971.8601 6.8548e+14 6.5355e+14
3971.8722 6.8548e+14 6.5356e+14
3971.8843 6.8548e+14 6.5356e+14
3971.8964 6.8548e+14 6.5356e+14
3971.9085 6.8548e+14 6.5357e+14
3971.9206 6.8548e+14 6.5357e+14
3971.9327 6.8548e+14 6.5358e+14
3971.9448 6.8548e+14 6.5358e+14
3971.9569 6.8548e+14 6.5358e+14
3971.9690 6.8548e+14 6.5359e+14
3971.9811 6.8548e+14 6.5359e+14
3971.9932 6.8548e+14 6.5360e+14
3972.0053 6.8548e+14 6.5360e+14
3972.0174 6.8548e+14 6.5360e+14
3972.0295 6.8548e+14 6.5361e+14
3972.0416 6.8548e+14 6.5361e+14
3972.0537 6.8548e+14 6.5362e+14
3972.0658 6.8549e+14 6.5362e+14
3972.0779 6.8549e+14 6.5362e+14
3972.0900 6.8549e+14 6.5363e+14
3972.1021 6.8549e+14 6.5363e+14
3972.1141 6.8549e+14 6.5364e+14
3972.1262 6.8549e+14 6.5364e+14
3972.1383 6.8549e+14 6.5365e+14
3972.1504 6.8549e+14 6.5365e+14
3972.1625 6.8549e+14 6.5365e+14
3972.1746 6.8549e+14 6.5366e+14
3972.1867 6.8549e+14 6.5366e+14
3972.1988 6.8549e+14 6.5367e+14
3972.2109 6.8549e+14 6.5367e+14
3972.2230 6.8549e+14 6.5368e+14
3972.2351 6.8549e+14 6.5368e+14
3972.2472 6.8549e+14 6.5368e+14
3972.2593 6.8549e+14 6.5369e+14
3972.2714 6.8549e+14 6.5369e+14
3972.2835 6.8549e+14 6.5370e+14
3972.2956 6.8549e+14 6.5370e+14
3972.3077 6.8549e+14 6.5371e+14
3972.3198 6.8549e+14 6.5371e+14
3972.3319 6.8549e+14 6.5372e+14
3972.3440 6.8549e+14 6.5372e+14
3972.3561 6.8550e+14 6.5373e+14
3972.3682 6.8550e+14 6.5373e+14
3972.3803 6.8550e+14 6.5373e+14
3972.3924 6.8550e+14 6.5374e+14
3972.4045 6.8550e+14 6.5374e+14
3972.4166 6.8550e+14 6.5375e+14
3972.4287 6.8550e+14 6.5375e+14
3972.4408 6.8550e+14 6.5376e+14
3972.4529 6.8550e+14 6.5376e+14
3972.4650 6.8550e+14 6.5377e+14
3972.4771 6.8550e+14 6.5377e+14
3972.4892 6.8550e+14 6.5378e+14
3972.5013 6.8550e+14 6.5378e+14
3972.5133 6.8550e+14 6.5379e+14
3972.5254 6.8550e+14 6.5379e+14
3972.5375 6.8550e+14 6.5380e+14
3972.5496 6.8550e+14 6.5380e+14
3972.5617 6.8550e+14 6.5381e+14
3972.5738 6.8550e+14 6.5381e+14
3972.5859 6.8550e+14 6.5382e+14
3972.5980 6.8550e+14 6.5382e+14
3972.6101 6.8550e+14 6.5383e+14
3972.6222 6.8550e+14 6.5383e+14
3972.6343 6.8551e+14 6.5384e+14
3972.6464 6.8551e+14 6.5384e+14
3972.6585 6.8551e+14 6.5385e+14
3972.6706 6.8551e+14 6.5385e+14
3972.6827 6.8551e+14 6.5386e+14
3972.6948 6.8551e+14 6.5386e+14
3972.7069 6.8551e+14 6.5387e+14
3972.7190 6.8551e+14 6.5387e+14
3972.7311 6.8551e+14 6.5388e+14
3972.7432 6.8551e+14 6.5388e+14
3972.7553 6.8551e+14 6.5389e+14
3972.7674 6.8551e+14 6.5390e+14
3972.7795 6.8551e+14 6.5390e+14
3972.7916 6.8551e+14 6.5391e+14
3972.8037 6.8551e+14 6.5391e+14
3972.8158 6.8551e+14 6.5392e+14
3972.8279 6.8551e+14 6.5392e+14
3972.8400 6.8551e+14 6.5393e+14
3972.8521 6.8551e+14 6.5393e+14
3972.8642 6.8551e+14 6.5394e+14
3972.8763 6.8551e+14 6.5394e+14
3972.8884 6.8551e+14 6.5395e+14
3972.9005 6.8551e+14 6.5396e+14
3972.9125 6.8551e+14 6.5396e+14
3972.9246 6.8552e+14 6.5397e+14
3972.9367 6.8552e+14 6.5397e+14
3972.9488 6.8552e+14 6.5398e+14
3972.9609 6.8552e+14 6.5398e+14
3972.9730 6.8552e+14 6.5399e+14
3972.9851 6.8552e+14 6.5400e+14
3972.9972 6.8552e+14 6.5400e+14
3973.0093 6.8552e+14 6.5401e+14
3973.0214 6.8552e+14 6.5401e+14
3973.0335 6.8552e+14 6.5402e+14
3973.0456 6.8552e+14 6.5402e+14
3973.0577 6.8552e+14 6.5403e+14
3973.0698 6.8552e+14 6.5404e+14
3973.0819 6.8552e+14 6.5404e+14
3973.0940 6.8552e+14 6.5405e+14
3973.1061 6.8552e+14 6.5405e+14
3973.1182 6.8552e+14 6.5406e+14
3973.1303 6.8552e+14 6.5407e+14
3973.1424 6.8552e+14 6.5407e+14
3973.1545 6.8552e+14 6.5408e+14
3973.1666 6.8552e+14 6.5408e+14
3973.1787 6.8552e+14 6.5409e+14
3973.1908 6.8552e+14 6.5410e+14
3973.2029 6.8553e+14 6.5410e+14
3973.2150 6.8553e+14 6.5411e+14
3973.2271 6.8553e+14 6.5411e+14
3973.2392 6.8553e+14 6.5412e+14
3973.2513 6.8553e+14 6.5413e+14
3973.2634 6.8553e+14 6.5413e+14
3973.2755 6.8553e+14 6.5414e+14
3973.2876 6.8553e+14 6.5414e+14
3973.2997 6.8553e+14 6.5415e+14
3973.3117 6.8553e+14 6.5416e+14
3973.3238 6.8553e+14 6.5416e+14
3973.3359 6.8553e+14 6.5417e+14
3973.3480 6.8553e+14 6.5418e+14
3973.3601 6.8553e+14 6.5418e+14
3973.3722 6.8553e+14 6.5419e+14
3973.3843 6.8553e+14 6.5420e+14
3973.3964 6.8553e+14 6.5420e+14
3973.4085 6.8553e+14 6.5421e+14
3973.4206 6.8553e+14 6.5421e+14
3973.4327 6.8553e+14 6.5422e+14
3973.4448 6.8553e+14 6.5423e+14
3973.4569 6.8553e+14 6.5423e+14
3973.4690 6.8553e+14 6.5424e+14
3973.4811 6.8553e+14 6.5425e+14
3973.4932 6.8554e+14 6.5425e+14
3973.5053 6.8554e+14 6.5426e+14
3973.5174 6.8554e+14 6.5427e+14
3973.5295 6.8554e+14 6.5427e+14
3973.5416 6.8554e+14 6.5428e+14
3973.5537 6.8554e+14 6.5429e+14
3973.5658 6.8554e+14 6.5429e+14
3973.5779 6.8554e+14 6.5430e+14
3973.5900 6.8554e+14 6.5431e+14
3973.6021 6.8554e+14 6.5431e+14
3973.6142 6.8554e+14 6.5432e+14
3973.6263 6.8554e+14 6.5433e+14
3973.6384 6.8554e+14 6.5433e+14
3973.6505 6.8554e+14 6.5434e+14
3973.6626 6.8554e+14 6.5435e+14
3973.6747 6.8554e+14 6.5435e+14
3973.6868 6.8554e+14 6.5436e+14
3973.6989 6.8554e+14 6.5437e+14
3973.7109 6.8554e+14 6.5438e+14
3973.7230 6.8554e+14 6.5438e+14
3973.7351 6.8554e+14 6.5439e+14
3973.7472 6.8554e+14 6.5440e+14
3973.7593 6.8554e+14 6.5440e+14
3973.7714 6.8554e+14 6.5441e+14
3973.7835 6.8555e+14 6.5442e+14
3973.7956 6.8555e+14 6.5442e+14
3973.8077 6.8555e+14 6.5443e+14
3973.8198 6.8555e+14 6.5444e+14
3973.8319 6.8555e+14 6.5445e+14
3973.8440 6.8555e+14 6.5445e+14
3973.8561 6.8555e+14 6.5446e+14
3973.8682 6.8555e+14 6.5447e+14
3973.8803 6.8555e+14 6.5447e+14
3973.8924 6.8555e+14 6.5448e+14
3973.9045 6.8555e+14 6.5449e+14
3973.9166 6.8555e+14 6.5450e+14
3973.9287 6.8555e+14 6.5450e+14
3973.9408 6.8555e+14 6.5451e+14
3973.9529 6.8555e+14 6.5452e+14
3973.9650 6.8555e+14 6.5452e+14
3973.9771 6.8555e+14 6.5453e+14
3973.9892 6.8555e+14 6.5454e+14
3974.0013 6.8555e+14 6.5455e+14
3974.0134 6.8555e+14 6.5455e+14
3974.0255 6.8555e+14 6.5456e+14
3974.0376 6.8555e+14 6.5457e+14
3974.0497 6.8555e+14 6.5458e+14
3974.0618 6.8556e+14 6.5458e+14
3974.0739 6.8556e+14 6.5459e+14
3974.0860 6.8556e+14 6.5460e+14
3974.0981 6.8556e+14 6.5461e+14
3974.1101 6.8556e+14 6.5461e+14
3974.1222 6.8556e+14 6.5462e+14
3974.1343 6.8556e+14 6.5463e+14
3974.1464 6.8556e+14 6.5464e+14
3974.1585 6.8556e+14 6.5464e+14
3974.1706 6.8556e+14 6.5465e+14
3974.1827 6.8556e+14 6.5466e+14
3974.1948 6.8556e+14 6.5467e+14
3974.2069 6.8556e+14 6.5467e+14
3974.2190 6.8556e+14 6.5468e+14
3974.2311 6.8556e+14 6.5469e+14
3974.2432 6.8556e+14 6.5470e+14
3974.2553 6.8556e+14 6.5471e+14
3974.2674 6.8556e+14 6.5471e+14
3974.2795 6.8556e+14 6.5472e+14
3974.2916 6.8556e+14 6.5473e+14
3974.3037 6.8556e+14 6.5474e+14
3974.3158 6.8556e+14 6.5474e+14
3974.3279 6.8556e+14 6.5475e+14
3974.3400 6.8556e+14 6.5476e+14
3974.3521 6.8557e+14 6.5477e+14
3974.3642 6.8557e+14 6.5478e+14
3974.3763 6.8557e+14 6.5478e+14
3974.3884 6.8557e+14 6.5479e+14
3974.4005 6.8557e+14 6.5480e+14
3974.4126 6.8557e+14 6.5481e+14
3974.4247 6.8557e+14 6.5482e+14
3974.4368 6.8557e+14 6.5482e+14
3974.4489 6.8557e+14 6.5483e+14
3974.4610 6.8557e+14 6.5484e+14
3974.4731 6.8557e+14 6.5485e+14
3974.4852 6.8557e+14 6.5486e+14
3974.4973 6.8557e+14 6.5486e+14
3974.5093 6.8557e+14 6.5487e+14
3974.5214 6.8557e+14 6.5488e+14
3974.5335 6.8557e+14 6.5489e+14
3974.5456 6.8557e+14 6.5490e+14
3974.5577 6.8557e+14 6.5490e+14
3974.5698 6.8557e+14 6.5491e+14
3974.5819 6.8557e+14 6.5492e+14
3974.5940 6.8557e+14 6.5493e+14
3974.6061 6.8557e+14 6.5494e+14
3974.6182 6.8557e+14 6.5495e+14
3974.6303 6.8557e+14 6.5495e+14
3974.6424 6.8558e+14 6.5496e+14
3974.6545 6.8558e+14 6.5497e+14
3974.6666 6.8558e+14 6.5498e+14
3974.6787 6.8558e+14 6.5499e+14
3974.6908 6.8558e+14 6.5500e+14
3974.7029 6.8558e+14 6.5500e+14
3974.7150 6.8558e+14 6.5501e+14
3974.7271 6.8558e+14 6.5502e+14
3974.7392 6.8558e+14 6.5503e+14
3974.7513 6.8558e+14 6.5504e+14
3974.7634 6.8558e+14 6.5505e+14
3974.7755 6.8558e+14 6.5506e+14
3974.7876 6.8558e+14 6.5506e+14
3974.7997 6.8558e+14 6.5507e+14
3974.8118 6.8558e+14 6.5508e+14
3974.8239 6.8558e+14 6.5509e+14
3974.8360 6.8558e+14 6.5510e+14
3974.8481 6.8558e+14 6.5511e+14
3974.8602 6.8558e+14 6.5512e+14
3974.8723 6.8558e+14 6.5512e+14
3974.8844 6.8558e+14 6.5513e+14
3974.8965 6.8558e+14 6.5514e+14
3974.9085 6.8558e+14 6.5515e+14
3974.9206 6.8558e+14 6.5516e+14
3974.9327 6.8559e+14 6.5517e+14
3974.9448 6.8559e+14 6.5518e+14
3974.9569 6.8559e+14 6.5518e+14
3974.9690 6.8559e+14 6.5519e+14
3974.9811 6.8559e+14 6.5520e+14
3974.9932 6.8559e+14 6.5521e+14
3975.0053 6.8559e+14 6.5522e+14
3975.0174 6.8559e+14 6.5523e+14
3975.0295 6.8559e+14 6.5524e+14
3975.0416 6.8559e+14 6.5525e+14
3975.0537 6.8559e+14 6.5525e+14
3975.0658 6.8559e+14 6.5526e+14
3975.0779 6.8559e+14 6.5527e+14
3975.0900 6.8559e+14 6.5528e+14
3975.1021 6.8559e+14 6.5529e+14
3975.1142 6.8559e+14 6.5530e+14
3975.1263 6.8559e+14 6.5531e+14
3975.1384 6.8559e+14 6.5532e+14
3975.1505 6.8559e+14 6.5533e+14
3975.1626 6.8559e+14 6.5534e+14
3975.1747 6.8559e+14 6.5534e+14
3975.1868 6.8559e+14 6.5535e+14
3975.1989 6.8559e+14 6.5536e+14
3975.2110 6.8559e+14 6.5537e+14
3975.2231 6.8560e+14 6.5538e+14
3975.2352 6.8560e+14 6.5539e+14
3975.2473 6.8560e+14 6.5540e+14
3975.2594 6.8560e+14 6.5541e+14
3975.2715 6.8560e+14 6.5542e+14
3975.2836 6.8560e+14 6.5543e+14
3975.2957 6.8560e+14 6.5544e+14
3975.3078 6.8560e+14 6.5544e+14
3975.3198 6.8560e+14 6.5545e+14
3975.3319 6.8560e+14 6.5546e+14
3975.3440 6.8560e+14 6.5547e+14
3975.3561 6.8560e+14 6.5548e+14
3975.3682 6.8560e+14 6.5549e+14
3975.3803 6.8560e+14 6.5550e+14
3975.3924 6.8560e+14 6.5551e+14
3975.4045 6.8560e+14 6.5552e+14
3975.4166 6.8560e+14 6.5553e+14
3975.4287 6.8560e+14 6.5554e+14
3975.4408 6.8560e+14 6.5555e+14
3975.4529 6.8560e+14 6.5556e+14
3975.4650 6.8560e+14 6.5557e+14
3975.4771 6.8560e+14 6.5557e+14
3975.4892 6.8560e+14 6.5558e+14
3975.5013 6.8560e+14 6.5559e+14
3975.5134 6.8561e+14 6.5560e+14
3975.5255 6.8561e+14 6.5561e+14
3975.5376 6.8561e+14 6.5562e+14
3975.5497 6.8561e+14 6.5563e+14
3975.5618 6.8561e+14 6.5564e+14
3975.5739 6.8561e+14 6.5565e+14
3975.5860 6.8561e+14 6.5566e+14
3975.5981 6.8561e+14 6.5567e+14
3975.6102 6.8561e+14 6.5568e+14
3975.6223 6.8561e+14 6.5569e+14
3975.6344 6.8561e+14 6.5570e+14
3975.6465 6.8561e+14 6.5571e+14
3975.6586 6.8561e+14 6.5572e+14
3975.6707 6.8561e+14 6.5573e+14
3975.6828 6.8561e+14 6.5574e+14
3975.6949 6.8561e+14 6.5575e+14
3975.7070 6.8561e+14 6.5576e+14
3975.7190 6.8561e+14 6.5577e+14
3975.7311 6.8561e+14 6.5578e+14
3975.7432 6.8561e+14 6.5579e+14
3975.7553 6.8561e+14 6.5580e+14
3975.7674 6.8561e+14 6.5580e+14
3975.7795 6.8561e+14 6.5581e+14
3975.7916 6.8561e+14 6.5582e+14
3975.8037 6.8562e+14 6.5583e+14
3975.8158 6.8562e+14 6.5584e+14
3975.8279 6.8562e+14 6.5585e+14
3975.8400 6.8562e+14 6.5586e+14
3975.8521 6.8562e+14 6.5587e+14
3975.8642 6.8562e+14 6.5588e+14
3975.8763 6.8562e+14 6.5589e+14
3975.8884 6.8562e+14 6.5590e+14
3975.9005 6.8562e+14 6.5591e+14
3975.9126 6.8562e+14 6.5592e+14
3975.9247 6.8562e+14 6.5593e+14
3975.9368 6.8562e+14 6.5594e+14
3975.9489 6.8562e+14 6.5595e+14
3975.9610 6.8562e+14 6.5596e+14
3975.9731 6.8562e+14 6.5597e+14
3975.9852 6.8562e+14 6.5598e+14
3975.9973 6.8562e+14 6.5599e+14
3976.0094 6.8562e+14 6.5600e+14
3976.0215 6.8562e+14 6.5601e+14
3976.0336 6.8562e+14 6.5602e+14
3976.0457 6.8562e+14 6.5603e+14
3976.0578 6.8562e+14 6.5604e+14
3976.0699 6.8562e+14 6.5605e+14
3976.0820 6.8562e+14 6.5606e+14
3976.0941 6.8563e+14 6.5607e+14
3976.1062 6.8563e+14 6.5608e+14
3976.1182 6.8563e+14 6.5609e+14
3976.1303 6.8563e+14 6.5610e+14
3976.1424 6.8563e+14 6.5611e+14
3976.1545 6.8563e+14 6.5612e+14
3976.1666 6.8563e+14 6.5613e+14
3976.1787 6.8563e+14 6.5614e+14
3976.1908 6.8563e+14 6.5615e+14
3976.2029 6.8563e+14 6.5617e+14
3976.2150 6.8563e+14 6.5618e+14
3976.2271 6.8563e+14 6.5619e+14
3976.2392 6.8563e+14 6.5620e+14
3976.2513 6.8563e+14 6.5621e+14
3976.2634 6.8563e+14 6.5622e+14
3976.2755 6.8563e+14 6.5623e+14
3976.2876 6.8563e+14 6.5624e+14
3976.2997 6.8563e+14 6.5625e+14
3976.3118 6.8563e+14 6.5626e+14
3976.3239 6.8563e+14 6.5627e+14
3976.3360 6.8563e+14 6.5628e+14
3976.3481 6.8563e+14 6.5629e+14
3976.3602 6.8563e+14 6.5630e+14
3976.3723 6.8563e+14 6.5631e+14
3976.3844 6.8564e+14 6.5632e+14
3976.3965 6.8564e+14 6.5633e+14
3976.4086 6.8564e+14 6.5634e+14
3976.4207 6.8564e+14 6.5635e+14
3976.4328 6.8564e+14 6.5636e+14
3976.4449 6.8564e+14 6.5637e+14
3976.4570 6.8564e+14 6.5638e+14
3976.4691 6.8564e+14 6.5639e+14
3976.4812 6.8564e+14 6.5640e+14
3976.4933 6.8564e+14 6.5641e+14
3976.5054 6.8564e+14 6.5643e+14
3976.5174 6.8564e+14 6.5644e+14
3976.5295 6.8564e+14 6.5645e+14
3976.5416 6.8564e+14 6.5646e+14
3976.5537 6.8564e+14 6.5647e+14
3976.5658 6.8564e+14 6.5648e+14
3976.5779 6.8564e+14 6.5649e+14
3976.5900 6.8564e+14 6.5650e+14
3976.6021 6.8564e+14 6.5651e+14
3976.6142 6.8564e+14 6.5652e+14
3976.6263 6.8564e+14 6.5653e+14
3976.6384 6.8564e+14 6.5654e+14
3976.6505 6.8564e+14 6.5655e+14
3976.6626 6.8564e+14 6.5656e+14
3976.6747 6.8565e+14 6.5657e+14
3976.6868 6.8565e+14 6.5658e+14
3976.6989 6.8565e+14 6.5660e+14
3976.7110 6.8565e+14 6.5661e+14
3976.7231 6.8565e+14 6.5662e+14
3976.7352 6.8565e+14 6.5663e+14
3976.7473 6.8565e+14 6.5664e+14
3976.7594 6.8565e+14 6.5665e+14
3976.7715 6.8565e+14 6.5666e+14
3976.7836 6.8565e+14 6.5667e+14
3976.7957 6.8565e+14 6.5668e+14
3976.8078 6.8565e+14 6.5669e+14
3976.8199 6.8565e+14 6.5670e+14
3976.8320 6.8565e+14 6.5671e+14
3976.8441 6.8565e+14 6.5673e+14
3976.8562 6.8565e+14 6.5674e+14
3976.8683 6.8565e+14 6.5675e+14
3976.8804 6.8565e+14 6.5676e+14
3976.8925 6.8565e+14 6.5677e+14
3976.9046 6.8565e+14 6.5678e+14
3976.9166 6.8565e+14 6.5679e+14
3976.9287 6.8565e+14 6.5680e+14
3976.9408 6.8565e+14 6.5681e+14
3976.9529 6.8565e+14 6.5682e+14
3976.9650 6.8565e+14 6.5683e+14
3976.9771 6.8566e+14 6.5685e+14
3976.9892 6.8566e+14 6.5686e+14
3977.0013 6.8566e+14 6.5687e+14
3977.0134 6.8566e+14 6.5688e+14
3977.0255 6.8566e+14 6.5689e+14
3977.0376 6.8566e+14 6.5690e+14
3977.0497 6.8566e+14 6.5691e+14
3977.0618 6.8566e+14 6.5692e+14
3977.0739 6.8566e+14 6.5693e+14
3977.0860 6.8566e+14 6.5694e+14
3977.0981 6.8566e+14 6.5696e+14
3977.1102 6.8566e+14 6.5697e+14
3977.1223 6.8566e+14 6.5698e+14
3977.1344 6.8566e+14 6.5699e+14
3977.1465 6.8566e+14 6.5700e+14
3977.1586 6.8566e+14 6.5701e+14
3977.1707 6.8566e+14 6.5702e+14
3977.1828 6.8566e+14 6.5703e+14
3977.1949 6.8566e+14 6.5705e+14
3977.2070 6.8566e+14 6.5706e+14
3977.2191 6.8566e+14 6.5707e+14
3977.2312 6.8566e+14 6.5708e+14
3977.2433 6.8566e+14 6.5709e+14
3977.2554 6.8566e+14 6.5710e+14
3977.2675 6.8567e+14 6.5711e+14
3977.2796 6.8567e+14 6.5712e+14
3977.2917 6.8567e+14 6.5714e+14
3977.3038 6.8567e+14 6.5715e+14
3977.3158 6.8567e+14 6.5716e+14
3977.3279 6.8567e+14 6.5717e+14
3977.3400 6.8567e+14 6.5718e+14
3977.3521 6.8567e+14 6.5719e+14
3977.3642 6.8567e+14 6.5720e+14
3977.3763 6.8567e+14 6.5721e+14
3977.3884 6.8567e+14 6.5723e+14
3977.4005 6.8567e+14 6.5724e+14
3977.4126 6.8567e+14 6.5725e+14
3977.4247 6.8567e+14 6.5726e+14
3977.4368 6.8567e+14 6.5727e+14
3977.4489 6.8567e+14 6.5728e+14
3977.4610 6.8567e+14 6.5729e+14
3977.4731 6.8567e+14 6.5731e+14
3977.4852 6.8567e+14 6.5732e+14
3977.4973 6.8567e+14 6.5733e+14
3977.5094 6.8567e+14 6.5734e+14
3977.5215 6.8567e+14 6.5735e+14
3977.5336 6.8567e+14 6.5736e+14
3977.5457 6.8567e+14 6.5737e+14
3977.5578 6.8568e+14 6.5739e+14
3977.5699 6.8568e+14 6.5740e+14
3977.5820 6.8568e+14 6.5741e+14
3977.5941 6.8568e+14 6.5742e+14
3977.6062 6.8568e+14 6.5743e+14
3977.6183 6.8568e+14 6.5744e+14
3977.6304 6.8568e+14 6.5745e+14
3977.6425 6.8568e+14 6.5747e+14
3977.6546 6.8568e+14 6.5748e+14
3977.6667 6.8568e+14 6.5749e+14
3977.6788 6.8568e+14 6.5750e+14
3977.6909 6.8568e+14 6.5751e+14
3977.7030 6.8568e+14 6.5752e+14
3977.7150 6.8568e+14 6.5754e+14
3977.7271 6.8568e+14 6.5755e+14
3977.7392 6.8568e+14 6.5756e+14
3977.7513 6.8568e+14 6.5757e+14
3977.7634 6.8568e+14 6.5758e+14
3977.7755 6.8568e+14 6.5759e+14
3977.7876 6.8568e+14 6.5761e+14
3977.7997 6.8568e+14 6.5762e+14
3977.8118 6.8568e+14 6.5763e+14
3977.8239 6.8568e+14 6.5764e+14
3977.8360 6.8568e+14 6.5765e+14
3977.8481 6.8569e+14 6.5766e+14
3977.8602 6.8569e+14 6.5768e+14
3977.8723 6.8569e+14 6.5769e+14
3977.8844 6.8569e+14 6.5770e+14
3977.8965 6.8569e+14 6.5771e+14
3977.9086 6.8569e+14 6.5772e+14
3977.9207 6.8569e+14 6.5773e+14
3977.9328 6.8569e+14 6.5775e+14
3977.9449 6.8569e+14 6.5776e+14
3977.9570 6.8569e+14 6.5777e+14
3977.9691 6.8569e+14 6.5778e+14
3977.9812 6.8569e+14 6.5779e+14
3977.9933 6.8569e+14 6.5780e+14
3978.0054 6.8569e+14 6.5782e+14
3978.0175 6.8569e+14 6.5783e+14
3978.0296 6.8569e+14 6.5784e+14
3978.0417 6.8569e+14 6.5785e+14
3978.0538 6.8569e+14 6.5786e+14
3978.0659 6.8569e+14 6.5788e+14
3978.0780 6.8569e+14 6.5789e+14
3978.0901 6.8569e+14 6.5790e+14
3978.1022 6.8569e+14 6.5791e+14
3978.1142 6.8569e+14 6.5792e+14
3978.1263 6.8569e+14 6.5793e+14
3978.1384 6.8569e+14 6.5795e+14
3978.1505 6.8570e+14 6.5796e+14
3978.1626 6.8570e+14 6.5797e+14
3978.1747 6.8570e+14 6.5798e+14
3978.1868 6.8570e+14 6.5799e+14
3978.1989 6.8570e+14 6.5801e+14
3978.2110 6.8570e+14 6.5802e+14
3978.2231 6.8570e+14 6.5803e+14
3978.2352 6.8570e+14 6.5804e+14
3978.2473 6.8570e+14 6.5805e+14
3978.2594 6.8570e+14 6.5807e+14
3978.2715 6.8570e+14 6.5808e+14
3978.2836 6.8570e+14 6.5809e+14
3978.2957 6.8570e+14 6.5810e+14
3978.3078 6.8570e+14 6.5811e+14
3978.3199 6.8570e+14 6.5813e+14
3978.3320 6.8570e+14 6.5814e+14
3978.3441 6.8570e+14 6.5815e+14
3978.3562 6.8570e+14 6.5816e+14
3978.3683 6.8570e+14 6.5817e+14
3978.3804 6.8570e+14 6.5819e+14
3978.3925 6.8570e+14 6.5820e+14
3978.4046 6.8570e+14 6.5821e+14
3978.4167 6.8570e+14 6.5822e+14
3978.4288 6.8570e+14 6.5823e+14
3978.4409 6.8571e+14 6.5825e+14
3978.4530 6.8571e+14 6.5826e+14
3978.4651 6.8571e+14 6.5827e+14
3978.4772 6.8571e+14 6.5828e+14
3978.4893 6.8571e+14 6.5829e+14
3978.5014 6.8571e+14 6.5831e+14
3978.5134 6.8571e+14 6.5832e+14
3978.5255 6.8571e+14 6.5833e+14
3978.5376 6.8571e+14 6.5834e+14
3978.5497 6.8571e+14 6.5836e+14
3978.5618 6.8571e+14 6.5837e+14
3978.5739 6.8571e+14 6.5838e+14
3978.5860 6.8571e+14 6.5839e+14
3978.5981 6.8571e+14 6.5840e+14
3978.6102 6.8571e+14 6.5842e+14
3978.6223 6.8571e+14 6.5843e+14
3978.6344 6.8571e+14 6.5844e+14
3978.6465 6.8571e+14 6.5845e+14
3978.6586 6.8571e+14 6.5847e+14
3978.6707 6.8571e+14 6.5848e+14
3978.6828 6.8571e+14 6.5849e+14
3978.6949 6.8571e+14 6.5850e+14
3978.7070 6.8571e+14 6.5851e+14
3978.7191 6.8571e+14 6.5853e+14
3978.7312 6.8571e+14 6.5854e+14
3978.7433 6.8572e+14 6.5855e+14
3978.7554 6.8572e+14 6.5856e+14
3978.7675 6.8572e+14 6.5858e+14
3978.7796 6.8572e+14 6.5859e+14
3978.7917 6.8572e+14 6.5860e+14
3978.8038 6.8572e+14 6.5861e+14
3978.8159 6.8572e+14 6.5862e+14
3978.8280 6.8572e+14 6.5864e+14
3978.8401 6.8572e+14 6.5865e+14
3978.8522 6.8572e+14 6.5866e+14
3978.8643 6.8572e+14 6.5867e+14
3978.8764 6.8572e+14 6.5869e+14
3978.8885 6.8572e+14 6.5870e+14
3978.9006 6.8572e+14 6.5871e+14
3978.9127 6.8572e+14 6.5872e+14
3978.9247 6.8572e+14 6.5873e+14
3978.9368 6.8572e+14 6.5875e+14
3978.9489 6.8572e+14 6.5876e+14
3978.9610 6.8572e+14 6.5877e+14
3978.9731 6.8572e+14 6.5878e+14
3978.9852 6.8572e+14 6.5880e+14
3978.9973 6.8572e+14 6.5881e+14
3979.0094 6.8572e+14 6.5882e+14
3979.0215 6.8572e+14 6.5883e+14
3979.0336 6.8573e+14 6.5885e+14
3979.0457 6.8573e+14 6.5886e+14
3979.0578 6.8573e+14 6.5887e+14
3979.0699 6.8573e+14 6.5888e+14
3979.0820 6.8573e+14 6.5890e+14
3979.0941 6.8573e+14 6.5891e+14
3979.1062 6.8573e+14 6.5892e+14
3979.1183 6.8573e+14 6.5893e+14
3979.1304 6.8573e+14 6.5895e+14
3979.1425 6.8573e+14 6.5896e+14
3979.1546 6.8573e+14 6.5897e+14
3979.1667 6.8573e+14 6.5898e+14
3979.1788 6.8573e+14 6.5900e+14
3979.1909 6.8573e+14 6.5901e+14
3979.2030 6.8573e+14 6.5902e+14
3979.2151 6.8573e+14 6.5903e+14
3979.2272 6.8573e+14 6.5904e+14
3979.2393 6.8573e+14 6.5906e+14
3979.2514 6.8573e+14 6.5907e+14
3979.2635 6.8573e+14 6.5908e+14
3979.2756 6.8573e+14 6.5909e+14
3979.2877 6.8573e+14 6.5911e+14
3979.2998 6.8573e+14 6.5912e+14
3979.3119 6.8573e+14 6.5913e+14
3979.3239 6.8573e+14 6.5914e+14
3979.3360 6.8574e+14 6.5916e+14
3979.3481 6.8574e+14 6.5917e+14
3979.3602 6.8574e+14 6.5918e+14
3979.3723 6.8574e+14 6.5919e+14
3979.3844 6.8574e+14 6.5921e+14
3979.3965 6.8574e+14 6.5922e+14
3979.4086 6.8574e+14 6.5923e+14
3979.4207 6.8574e+14 6.5925e+14
3979.4328 6.8574e+14 6.5926e+14
3979.4449 6.8574e+14 6.5927e+14
3979.4570 6.8574e+14 6.5928e+14
3979.4691 6.8574e+14 6.5930e+14
3979.4812 6.8574e+14 6.5931e+14
3979.4933 6.8574e+14 6.5932e+14
3979.5054 6.8574e+14 6.5933e+14
3979.5175 6.8574e+14 6.5935e+14
3979.5296 6.8574e+14 6.5936e+14
3979.5417 6.8574e+14 6.5937e+14
3979.5538 6.8574e+14 6.5938e+14
3979.5659 6.8574e+14 6.5940e+14
3979.5780 6.8574e+14 6.5941e+14
3979.5901 6.8574e+14 6.5942e+14
3979.6022 6.8574e+14 6.5943e+14
3979.6143 6.8574e+14 6.5945e+14
3979.6264 6.8574e+14 6.5946e+14
3979.6385 6.8575e+14 6.5947e+14
3979.6506 6.8575e+14 6.5948e+14
3979.6627 6.8575e+14 6.5950e+14
3979.6748 6.8575e+14 6.5951e+14
3979.6869 6.8575e+14 6.5952e+14
3979.6990 6.8575e+14 6.5953e+14
3979.7111 6.8575e+14 6.5955e+14
3979.7231 6.8575e+14 6.5956e+14
3979.7352 6.8575e+14 6.5957e+14
3979.7473 6.8575e+14 6.5959e+14
3979.7594 6.8575e+14 6.5960e+14
3979.7715 6.8575e+14 6.5961e+14
3979.7836 6.8575e+14 6.5962e+14
3979.7957 6.8575e+14 6.5964e+14
3979.8078 6.8575e+14 6.5965e+14
3979.8199 6.8575e+14 6.5966e+14
3979.8320 6.8575e+14 6.5967e+14
3979.8441 6.8575e+14 6.5969e+14
3979.8562 6.8575e+14 6.5970e+14
3979.8683 6.8575e+14 6.5971e+14
3979.8804 6.8575e+14 6.5972e+14
3979.8925 6.8575e+14 6.5974e+14
3979.9046 6.8575e+14 6.5975e+14
3979.9167 6.8575e+14 6.5976e+14
3979.9288 6.8576e+14 6.5978e+14
3979.9409 6.8576e+14 6.5979e+14
3979.9530 6.8576e+14 6.5980e+14
3979.9651 6.8576e+14 6.5981e+14
3979.9772 6.8576e+14 6.5983e+14
3979.9893 6.8576e+14 6.5984e+14
3980.0014 6.8576e+14 6.5985e+14
3980.0135 6.8576e+14 6.5986e+14
3980.0256 6.8576e+14 6.5988e+14
3980.0377 6.8576e+14 6.5989e+14
3980.0498 6.8576e+14 6.5990e+14
3980.0619 6.8576e+14 6.5992e+14
3980.0740 6.8576e+14 6.5993e+14
3980.0861 6.8576e+14 6.5994e+14
3980.0982 6.8576e+14 6.5995e+14
3980.1103 6.8576e+14 6.5997e+14
3980.1223 6.8576e+14 6.5998e+14
3980.1344 6.8576e+14 6.5999e+14
3980.1465 6.8576e+14 6.6001e+14
3980.1586 6.8576e+14 6.6002e+14
3980.1707 6.8576e+14 6.6003e+14
3980.1828 6.8576e+14 6.6004e+14
3980.1949 6.8576e+14 6.6006e+14
3980.2070 6.8576e+14 6.6007e+14
3980.2191 6.8576e+14 6.6008e+14
3980.2312 6.8577e+14 6.6009e+14
3980.2433 6.8577e+14 6.6011e+14
3980.2554 6.8577e+14 6.6012e+14
3980.2675 6.8577e+14 6.6013e+14
3980.2796 6.8577e+14 6.6015e+14
3980.2917 6.8577e+14 6.6016e+14
3980.3038 6.8577e+14 6.6017e+14
3980.3159 6.8577e+14 6.6018e+14
3980.3280 6.8577e+14 6.6020e+14
3980.3401 6.8577e+14 6.6021e+14
3980.3522 6.8577e+14 6.6022e+14
3980.3643 6.8577e+14 6.6024e+14
3980.3764 6.8577e+14 6.6025e+14
3980.3885 6.8577e+14 6.6026e+14
3980.4006 6.8577e+14 6.6027e+14
3980.4127 6.8577e+14 6.6029e+14
3980.4248 6.8577e+14 6.6030e+14
3980.4369 6.8577e+14 6.6031e+14
3980.4490 6.8577e+14 6.6033e+14
3980.4611 6.8577e+14 6.6034e+14
3980.4732 6.8577e+14 6.6035e+14
3980.4853 6.8577e+14 6.6036e+14
3980.4974 6.8577e+14 6.6038e+14
3980.5095 6.8577e+14 6.6039e+14
3980.5215 6.8577e+14 6.6040e+14
3980.5336 6.8578e+14 6.6042e+14
3980.5457 6.8578e+14 6.6043e+14
3980.5578 6.8578e+14 6.6044e+14
3980.5699 6.8578e+14 6.6045e+14
3980.5820 6.8578e+14 6.6047e+14
3980.5941 6.8578e+14 6.6048e+14
3980.6062 6.8578e+14 6.6049e+14
3980.6183 6.8578e+14 6.6051e+14
3980.6304 6.8578e+14 6.6052e+14
3980.6425 6.8578e+14 6.6053e+14
3980.6546 6.8578e+14 6.6054e+14
3980.6667 6.8578e+14 6.6056e+14
3980.6788 6.8578e+14 6.6057e+14
3980.6909 6.8578e+14 6.6058e+14
3980.7030 6.8578e+14 6.6060e+14
3980.7151 6.8578e+14 6.6061e+14
3980.7272 6.8578e+14 6.6062e+14
3980.7393 6.8578e+14 6.6063e+14
3980.7514 6.8578e+14 6.6065e+14
3980.7635 6.8578e+14 6.6066e+14
3980.7756 6.8578e+14 6.6067e+14
3980.7877 6.8578e+14 6.6069e+14
3980.7998 6.8578e+14 6.6070e+14
3980.8119 6.8578e+14 6.6071e+14
3980.8240 6.8578e+14 6.6072e+14
3980.8361 6.8579e+14 6.6074e+14
3980.8482 6.8579e+14 6.6075e+14
3980.8603 6.8579e+14 6.6076e+14
3980.8724 6.8579e+14 6.6078e+14
3980.8845 6.8579e+14 6.6079e+14
3980.8966 6.8579e+14 6.6080e+14
3980.9087 6.8579e+14 6.6081e+14
3980.9207 6.8579e+14 6.6083e+14
3980.9328 6.8579e+14 6.6084e+14
3980.9449 6.8579e+14 6.6085e+14
3980.9570 6.8579e+14 6.6087e+14
3980.9691 6.8579e+14 6.6088e+14
3980.9812 6.8579e+14 6.6089e+14
3980.9933 6.8579e+14 6.6091e+14
3981.0054 6.8579e+14 6.6092e+14
3981.0175 6.8579e+14 6.6093e+14
3981.0296 6.8579e+14 6.6094e+14
3981.0417 6.8579e+14 6.6096e+14
3981.0538 6.8579e+14 6.6097e+14
3981.0659 6.8579e+14 6.6098e+14
3981.0780 6.8579e+14 6.6100e+14
3981.0901 6.8579e+14 6.6101e+14
3981.1022 6.8579e+14 6.6102e+14
3981.1143 6.8579e+14 6.6103e+14
3981.1264 6.8579e+14 6.6105e+14
3981.1385 6.8580e+14 6.6106e+14
3981.1506 6.8580e+14 6.6107e+14
3981.1627 6.8580e+14 6.6109e+14
3981.1748 6.8580e+14 6.6110e+14
3981.1869 6.8580e+14 6.6111e+14
3981.1990 6.8580e+14 6.6112e+14
3981.2111 6.8580e+14 6.6114e+14
3981.2232 6.8580e+14 6.6115e+14
3981.2353 6.8580e+14 6.6116e+14
3981.2474 6.8580e+14 6.6118e+14
3981.2595 6.8580e+14 6.6119e+14
3981.2716 6.8580e+14 6.6120e+14
3981.2837 6.8580e+14 6.6122e+14
3981.2958 6.8580e+14 6.6123e+14
3981.3079 6.8580e+14 6.6124e+14
3981.3199 6.8580e+14 6.6125e+14
3981.3320 6.8580e+14 6.6127e+14
3981.3441 6.8580e+14 6.6128e+14
3981.3562 6.8580e+14 6.6129e+14
3981.3683 6.8580e+14 6.6131e+14
3981.3804 6.8580e+14 6.6132e+14
3981.3925 6.8580e+14 6.6133e+14
3981.4046 6.8580e+14 6.6135e+14
3981.4167 6.8580e+14 6.6136e+14
3981.4288 6.8581e+14 6.6137e+14
3981.4409 6.8581e+14 6.6138e+14
3981.4530 6.8581e+14 6.6140e+14
3981.4651 6.8581e+14 6.6141e+14
3981.4772 6.8581e+14 6.6142e+14
3981.4893 6.8581e+14 6.6144e+14
3981.5014 6.8581e+14 6.6145e+14
3981.5135 6.8581e+14 6.6146e+14
3981.5256 6.8581e+14 6.6147e+14
3981.5377 6.8581e+14 6.6149e+14
3981.5498 6.8581e+14 6.6150e+14
3981.5619 6.8581e+14 6.6151e+14
3981.5740 6.8581e+14 6.6153e+14
3981.5861 6.8581e+14 6.6154e+14
3981.5982 6.8581e+14 6.6155e+14
3981.6103 6.8581e+14 6.6157e+14
3981.6224 6.8581e+14 6.6158e+14
3981.6345 6.8581e+14 6.6159e+14
3981.6466 6.8581e+14 6.6160e+14
3981.6587 6.8581e+14 6.6162e+14
3981.6708 6.8581e+14 6.6163e+14
3981.6829 6.8581e+14 6.6164e+14
3981.6950 6.8581e+14 6.6166e+14
3981.7071 6.8581e+14 6.6167e+14
3981.7191 6.8581e+14 6.6168e+14
3981.7312 6.8582e+14 6.6169e+14
3981.7433 6.8582e+14 6.6171e+14
3981.7554 6.8582e+14 6.6172e+14
3981.7675 6.8582e+14 6.6173e+14
3981.7796 6.8582e+14 6.6175e+14
3981.7917 6.8582e+14 6.6176e+14
3981.8038 6.8582e+14 6.6177e+14
3981.8159 6.8582e+14 6.6179e+14
3981.8280 6.8582e+14 6.6180e+14
3981.8401 6.8582e+14 6.6181e+14
3981.8522 6.8582e+14 6.6182e+14
3981.8643 6.8582e+14 6.6184e+14
3981.8764 6.8582e+14 6.6185e+14
3981.8885 6.8582e+14 6.6186e+14
3981.9006 6.8582e+14 6.6188e+14
3981.9127 6.8582e+14 6.6189e+14
3981.9248 6.8582e+14 6.6190e+14
3981.9369 6.8582e+14 6.6192e+14
3981.9490 6.8582e+14 6.6193e+14
3981.9611 6.8582e+14 6.6194e+14
3981.9732 6.8582e+14 6.6195e+14
3981.9853 6.8582e+14 6.6197e+14
3981.9974 6.8582e+14 6.6198e+14
3982.0095 6.8582e+14 6.6199e+14
3982.0216 6.8582e+14 6.6201e+14
3982.0337 6.8582e+14 6.6202e+14
3982.0458 6.8583e+14 6.6203e+14
3982.0579 6.8583e+14 6.6204e+14
3982.0700 6.8583e+14 6.6206e+14
3982.0821 6.8583e+14 6.6207e+14
3982.0942 6.8583e+14 6.6208e+14
3982.1063 6.8583e+14 6.6210e+14
3982.1184 6.8583e+14 6.6211e+14
3982.1304 6.8583e+14 6.6212e+14
3982.1425 6.8583e+14 6.6214e+14
3982.1546 6.8583e+14 6.6215e+14
3982.1667 6.8583e+14 6.6216e+14
3982.1788 6.8583e+14 6.6217e+14
3982.1909 6.8583e+14 6.6219e+14
