# Wavelength(Å) I_cont(erg/s/cm2/Å/sr) I_abs(erg/s/cm2/Å/sr)
3959.8813 8.5488e+13 8.5488e+13
3959.8915 8.5488e+13 8.5488e+13
3959.9017 8.5489e+13 8.5489e+13
3959.9120 8.5489e+13 8.5489e+13
3959.9222 8.5490e+13 8.5490e+13
3959.9324 8.5490e+13 8.5490e+13
3959.9426 8.5491e+13 8.5491e+13
3959.9529 8.5491e+13 8.5491e+13
3959.9631 8.5492e+13 8.5492e+13
3959.9733 8.5492e+13 8.5492e+13
3959.9835 8.5493e+13 8.5493e+13
3959.9938 8.5493e+13 8.5493e+13
3960.0040 8.5494e+13 8.5494e+13
3960.0142 8.5494e+13 8.5494e+13
3960.0244 8.5495e+13 8.5495e+13
3960.0347 8.5495e+13 8.5495e+13
3960.0449 8.5496e+13 8.5496e+13
3960.0551 8.5496e+13 8.5496e+13
3960.0653 8.5497e+13 8.5497e+13
3960.0755 8.5497e+13 8.5497e+13
3960.0858 8.5498e+13 8.5498e+13
3960.0960 8.5498e+13 8.5498e+13
3960.1062 8.5499e+13 8.5499e+13
3960.1164 8.5499e+13 8.5499e+13
3960.1267 8.5500e+13 8.5500e+13
3960.1369 8.5500e+13 8.5500e+13
3960.1471 8.5501e+13 8.5501e+13
3960.1573 8.5501e+13 8.5501e+13
3960.1676 8.5502e+13 8.5502e+13
3960.1778 8.5502e+13 8.5502e+13
3960.1880 8.5503e+13 8.5503e+13
3960.1982 8.5503e+13 8.5503e+13
3960.2085 8.5504e+13 8.5504e+13
3960.2187 8.5504e+13 8.5504e+13
3960.2289 8.5505e+13 8.5505e+13
3960.2391 8.5505e+13 8.5505e+13
3960.2494 8.5506e+13 8.5506e+13
3960.2596 8.5506e+13 8.5506e+13
3960.2698 8.5507e+13 8.5507e+13
3960.2800 8.5507e+13 8.5507e+13
3960.2902 8.5508e+13 8.5508e+13
3960.3005 8.5508e+13 8.5508e+13
3960.3107 8.5509e+13 8.5509e+13
3960.3209 8.5509e+13 8.5509e+13
3960.3311 8.5510e+13 8.5510e+13
3960.3414 8.5510e+13 8.5510e+13
3960.3516 8.5511e+13 8.5511e+13
3960.3618 8.5511e+13 8.5511e+13
3960.3720 8.5512e+13 8.5512e+13
3960.3823 8.5512e+13 8.5512e+13
3960.3925 8.5513e+13 8.5513e+13
3960.4027 8.5513e+13 8.5513e+13
3960.4129 8.5514e+13 8.5514e+13
3960.4232 8.5514e+13 8.5514e+13
3960.4334 8.5515e+13 8.5515e+13
3960.4436 8.5515e+13 8.5515e+13
3960.4538 8.5516e+13 8.5516e+13
3960.4641 8.5516e+13 8.5516e+13
3960.4743 8.5517e+13 8.5517e+13
3960.4845 8.5517e+13 8.5517e+13
3960.4947 8.5518e+13 8.5518e+13
3960.5050 8.5518e+13 8.5518e+13
3960.5152 8.5519e+13 8.5519e+13
3960.5254 8.5519e+13 8.5519e+13
3960.5356 8.5520e+13 8.5520e+13
3960.5458 8.5520e+13 8.5520e+13
3960.5561 8.5521e+13 8.5521e+13
3960.5663 8.5521e+13 8.5521e+13
3960.5765 8.5522e+13 8.5522e+13
3960.5867 8.5522e+13 8.5522e+13
3960.5970 8.5523e+13 8.5523e+13
3960.6072 8.5523e+13 8.5523e+13
3960.6174 8.5524e+13 8.5524e+13
3960.6276 8.5524e+13 8.5524e+13
3960.6379 8.5525e+13 8.5525e+13
3960.6481 8.5525e+13 8.5525e+13
3960.6583 8.5526e+13 8.5526e+13
3960.6685 8.5526e+13 8.5526e+13
3960.6788 8.5527e+13 8.5527e+13
3960.6890 8.5527e+13 8.5527e+13
3960.6992 8.5528e+13 8.5528e+13
3960.7094 8.5528e+13 8.5528e+13
3960.7197 8.5529e+13 8.5529e+13
3960.7299 8.5529e+13 8.5529e+13
3960.7401 8.5530e+13 8.5530e+13
3960.7503 8.5530e+13 8.5530e+13
3960.7605 8.5531e+13 8.5531e+13
3960.7708 8.5531e+13 8.5531e+13
3960.7810 8.5532e+13 8.5532e+13
3960.7912 8.5532e+13 8.5532e+13
3960.8014 8.5533e+13 8.5533e+13
3960.8117 8.5533e+13 8.5533e+13
3960.8219 8.5534e+13 8.5534e+13
3960.8321 8.5534e+13 8.5534e+13
3960.8423 8.5535e+13 8.5535e+13
3960.8526 8.5535e+13 8.5535e+13
3960.8628 8.5536e+13 8.5536e+13
3960.8730 8.5536e+13 8.5536e+13
3960.8832 8.5537e+13 8.5537e+13
3960.8935 8.5537e+13 8.5537e+13
3960.9037 8.5538e+13 8.5538e+13
3960.9139 8.5538e+13 8.5538e+13
3960.9241 8.5539e+13 8.5539e+13
3960.9344 8.5539e+13 8.5539e+13
3960.9446 8.5540e+13 8.5540e+13
3960.9548 8.5540e+13 8.5540e+13
3960.9650 8.5541e+13 8.5541e+13
3960.9752 8.5541e+13 8.5541e+13
3960.9855 8.5542e+13 8.5542e+13
3960.9957 8.5542e+13 8.5542e+13
3961.0059 8.5543e+13 8.5543e+13
3961.0161 8.5543e+13 8.5543e+13
3961.0264 8.5544e+13 8.5544e+13
3961.0366 8.5544e+13 8.5544e+13
3961.0468 8.5545e+13 8.5545e+13
3961.0570 8.5545e+13 8.5545e+13
3961.0673 8.5546e+13 8.5546e+13
3961.0775 8.5546e+13 8.5546e+13
3961.0877 8.5547e+13 8.5547e+13
3961.0979 8.5547e+13 8.5547e+13
3961.1082 8.5548e+13 8.5548e+13
3961.1184 8.5548e+13 8.5548e+13
3961.1286 8.5549e+13 8.5549e+13
3961.1388 8.5549e+13 8.5549e+13
3961.1491 8.5550e+13 8.5550e+13
3961.1593 8.5550e+13 8.5550e+13
3961.1695 8.5551e+13 8.5551e+13
3961.1797 8.5551e+13 8.5551e+13
3961.1899 8.5552e+13 8.5552e+13
3961.2002 8.5552e+13 8.5552e+13
3961.2104 8.5553e+13 8.5553e+13
3961.2206 8.5553e+13 8.5553e+13
3961.2308 8.5554e+13 8.5554e+13
3961.2411 8.5554e+13 8.5554e+13
3961.2513 8.5555e+13 8.5555e+13
3961.2615 8.5555e+13 8.5555e+13
3961.2717 8.5556e+13 8.5556e+13
3961.2820 8.5556e+13 8.5556e+13
3961.2922 8.5557e+13 8.5557e+13
3961.3024 8.5557e+13 8.5557e+13
3961.3126 8.5558e+13 8.5558e+13
3961.3229 8.5558e+13 8.5558e+13
3961.3331 8.5559e+13 8.5559e+13
3961.3433 8.5559e+13 8.5559e+13
3961.3535 8.5560e+13 8.5560e+13
3961.3638 8.5560e+13 8.5560e+13
3961.3740 8.5561e+13 8.5561e+13
3961.3842 8.5561e+13 8.5561e+13
3961.3944 8.5562e+13 8.5562e+13
3961.4046 8.5562e+13 8.5562e+13
3961.4149 8.5563e+13 8.5563e+13
3961.4251 8.5563e+13 8.5563e+13
3961.4353 8.5564e+13 8.5564e+13
3961.4455 8.5564e+13 8.5564e+13
3961.4558 8.5565e+13 8.5565e+13
3961.4660 8.5565e+13 8.5565e+13
3961.4762 8.5566e+13 8.5566e+13
3961.4864 8.5566e+13 8.5566e+13
3961.4967 8.5567e+13 8.5567e+13
3961.5069 8.5567e+13 8.5567e+13
3961.5171 8.5568e+13 8.5568e+13
3961.5273 8.5568e+13 8.5568e+13
3961.5376 8.5569e+13 8.5569e+13
3961.5478 8.5569e+13 8.5569e+13
3961.5580 8.5570e+13 8.5570e+13
3961.5682 8.5570e+13 8.5570e+13
3961.5785 8.5571e+13 8.5571e+13
3961.5887 8.5571e+13 8.5571e+13
3961.5989 8.5572e+13 8.5572e+13
3961.6091 8.5572e+13 8.5572e+13
3961.6193 8.5573e+13 8.5573e+13
3961.6296 8.5573e+13 8.5573e+13
3961.6398 8.5574e+13 8.5574e+13
3961.6500 8.5574e+13 8.5574e+13
3961.6602 8.5575e+13 8.5575e+13
3961.6705 8.5575e+13 8.5575e+13
3961.6807 8.5576e+13 8.5576e+13
3961.6909 8.5576e+13 8.5576e+13
3961.7011 8.5577e+13 8.5577e+13
3961.7114 8.5577e+13 8.5577e+13
3961.7216 8.5578e+13 8.5578e+13
3961.7318 8.5578e+13 8.5578e+13
3961.7420 8.5579e+13 8.5579e+13
3961.7523 8.5579e+13 8.5579e+13
3961.7625 8.5580e+13 8.5580e+13
3961.7727 8.5580e+13 8.5580e+13
3961.7829 8.5581e+13 8.5581e+13
3961.7932 8.5581e+13 8.5581e+13
3961.8034 8.5582e+13 8.5582e+13
3961.8136 8.5582e+13 8.5582e+13
3961.8238 8.5583e+13 8.5583e+13
3961.8340 8.5583e+13 8.5583e+13
3961.8443 8.5584e+13 8.5584e+13
3961.8545 8.5584e+13 8.5584e+13
3961.8647 8.5585e+13 8.5585e+13
3961.8749 8.5585e+13 8.5585e+13
3961.8852 8.5586e+13 8.5586e+13
3961.8954 8.5586e+13 8.5586e+13
3961.9056 8.5587e+13 8.5587e+13
3961.9158 8.5587e+13 8.5587e+13
3961.9261 8.5588e+13 8.5588e+13
3961.9363 8.5588e+13 8.5588e+13
3961.9465 8.5589e+13 8.5589e+13
3961.9567 8.5589e+13 8.5589e+13
3961.9670 8.5590e+13 8.5590e+13
3961.9772 8.5590e+13 8.5590e+13
3961.9874 8.5591e+13 8.5591e+13
3961.9976 8.5591e+13 8.5591e+13
3962.0079 8.5592e+13 8.5592e+13
3962.0181 8.5592e+13 8.5592e+13
3962.0283 8.5593e+13 8.5593e+13
3962.0385 8.5593e+13 8.5593e+13
3962.0487 8.5594e+13 8.5594e+13
3962.0590 8.5594e+13 8.5594e+13
3962.0692 8.5595e+13 8.5595e+13
3962.0794 8.5595e+13 8.5595e+13
3962.0896 8.5596e+13 8.5596e+13
3962.0999 8.5596e+13 8.5596e+13
3962.1101 8.5597e+13 8.5597e+13
3962.1203 8.5597e+13 8.5597e+13
3962.1305 8.5598e+13 8.5598e+13
3962.1408 8.5598e+13 8.5598e+13
3962.1510 8.5599e+13 8.5599e+13
3962.1612 8.5599e+13 8.5599e+13
3962.1714 8.5600e+13 8.5600e+13
3962.1817 8.5600e+13 8.5600e+13
3962.1919 8.5601e+13 8.5601e+13
3962.2021 8.5601e+13 8.5601e+13
3962.2123 8.5602e+13 8.5602e+13
3962.2226 8.5602e+13 8.5602e+13
3962.2328 8.5603e+13 8.5603e+13
3962.2430 8.5603e+13 8.5603e+13
3962.2532 8.5604e+13 8.5604e+13
3962.2634 8.5604e+13 8.5604e+13
3962.2737 8.5605e+13 8.5605e+13
3962.2839 8.5605e+13 8.5605e+13
3962.2941 8.5606e+13 8.5606e+13
3962.3043 8.5606e+13 8.5606e+13
3962.3146 8.5607e+13 8.5607e+13
3962.3248 8.5607e+13 8.5607e+13
3962.3350 8.5608e+13 8.5608e+13
3962.3452 8.5608e+13 8.5608e+13
3962.3555 8.5609e+13 8.5609e+13
3962.3657 8.5609e+13 8.5609e+13
3962.3759 8.5610e+13 8.5610e+13
3962.3861 8.5610e+13 8.5610e+13
3962.3964 8.5611e+13 8.5611e+13
3962.4066 8.5611e+13 8.5611e+13
3962.4168 8.5612e+13 8.5612e+13
3962.4270 8.5612e+13 8.5612e+13
3962.4373 8.5613e+13 8.5613e+13
3962.4475 8.5613e+13 8.5613e+13
3962.4577 8.5614e+13 8.5614e+13
3962.4679 8.5614e+13 8.5614e+13
3962.4781 8.5615e+13 8.5615e+13
3962.4884 8.5615e+13 8.5615e+13
3962.4986 8.5616e+13 8.5616e+13
3962.5088 8.5616e+13 8.5616e+13
3962.5190 8.5617e+13 8.5617e+13
3962.5293 8.5617e+13 8.5617e+13
3962.5395 8.5618e+13 8.5618e+13
3962.5497 8.5618e+13 8.5618e+13
3962.5599 8.5619e+13 8.5619e+13
3962.5702 8.5619e+13 8.5619e+13
3962.5804 8.5620e+13 8.5620e+13
3962.5906 8.5620e+13 8.5620e+13
3962.6008 8.5621e+13 8.5621e+13
3962.6111 8.5621e+13 8.5621e+13
3962.6213 8.5622e+13 8.5622e+13
3962.6315 8.5622e+13 8.5622e+13
3962.6417 8.5623e+13 8.5623e+13
3962.6520 8.5623e+13 8.5623e+13
3962.6622 8.5624e+13 8.5624e+13
3962.6724 8.5624e+13 8.5624e+13
3962.6826 8.5625e+13 8.5625e+13
3962.6928 8.5625e+13 8.5625e+13
3962.7031 8.5626e+13 8.5626e+13
3962.7133 8.5626e+13 8.5626e+13
3962.7235 8.5627e+13 8.5627e+13
3962.7337 8.5627e+13 8.5627e+13
3962.7440 8.5628e+13 8.5628e+13
3962.7542 8.5628e+13 8.5628e+13
3962.7644 8.5629e+13 8.5629e+13
3962.7746 8.5629e+13 8.5629e+13
3962.7849 8.5630e+13 8.5630e+13
3962.7951 8.5630e+13 8.5630e+13
3962.8053 8.5631e+13 8.5631e+13
3962.8155 8.5631e+13 8.5631e+13
3962.8258 8.5632e+13 8.5632e+13
3962.8360 8.5632e+13 8.5632e+13
3962.8462 8.5633e+13 8.5633e+13
3962.8564 8.5633e+13 8.5633e+13
3962.8667 8.5634e+13 8.5634e+13
3962.8769 8.5634e+13 8.5634e+13
3962.8871 8.5635e+13 8.5635e+13
3962.8973 8.5635e+13 8.5635e+13
3962.9075 8.5636e+13 8.5636e+13
3962.9178 8.5636e+13 8.5636e+13
3962.9280 8.5637e+13 8.5637e+13
3962.9382 8.5637e+13 8.5637e+13
3962.9484 8.5638e+13 8.5638e+13
3962.9587 8.5638e+13 8.5638e+13
3962.9689 8.5639e+13 8.5639e+13
3962.9791 8.5639e+13 8.5639e+13
3962.9893 8.5640e+13 8.5640e+13
3962.9996 8.5640e+13 8.5640e+13
3963.0098 8.5641e+13 8.5641e+13
3963.0200 8.5641e+13 8.5641e+13
3963.0302 8.5642e+13 8.5642e+13
3963.0405 8.5642e+13 8.5642e+13
3963.0507 8.5643e+13 8.5643e+13
3963.0609 8.5643e+13 8.5643e+13
3963.0711 8.5644e+13 8.5644e+13
3963.0814 8.5644e+13 8.5644e+13
3963.0916 8.5645e+13 8.5645e+13
3963.1018 8.5645e+13 8.5645e+13
3963.1120 8.5646e+13 8.5646e+13
3963.1222 8.5646e+13 8.5646e+13
3963.1325 8.5647e+13 8.5647e+13
3963.1427 8.5647e+13 8.5647e+13
3963.1529 8.5648e+13 8.5648e+13
3963.1631 8.5648e+13 8.5648e+13
3963.1734 8.5649e+13 8.5649e+13
3963.1836 8.5649e+13 8.5649e+13
3963.1938 8.5650e+13 8.5650e+13
3963.2040 8.5650e+13 8.5650e+13
3963.2143 8.5651e+13 8.5651e+13
3963.2245 8.5651e+13 8.5651e+13
3963.2347 8.5652e+13 8.5652e+13
3963.2449 8.5652e+13 8.5652e+13
3963.2552 8.5653e+13 8.5653e+13
3963.2654 8.5653e+13 8.5653e+13
3963.2756 8.5654e+13 8.5654e+13
3963.2858 8.5654e+13 8.5654e+13
3963.2961 8.5655e+13 8.5655e+13
3963.3063 8.5655e+13 8.5655e+13
3963.3165 8.5656e+13 8.5656e+13
3963.3267 8.5656e+13 8.5656e+13
3963.3369 8.5657e+13 8.5657e+13
3963.3472 8.5657e+13 8.5657e+13
3963.3574 8.5658e+13 8.5658e+13
3963.3676 8.5658e+13 8.5658e+13
3963.3778 8.5659e+13 8.5659e+13
3963.3881 8.5659e+13 8.5659e+13
3963.3983 8.5660e+13 8.5660e+13
3963.4085 8.5660e+13 8.5660e+13
3963.4187 8.5661e+13 8.5661e+13
3963.4290 8.5661e+13 8.5661e+13
3963.4392 8.5662e+13 8.5662e+13
3963.4494 8.5662e+13 8.5662e+13
3963.4596 8.5663e+13 8.5663e+13
3963.4699 8.5663e+13 8.5663e+13
3963.4801 8.5664e+13 8.5664e+13
3963.4903 8.5664e+13 8.5664e+13
3963.5005 8.5665e+13 8.5665e+13
3963.5108 8.5665e+13 8.5665e+13
3963.5210 8.5666e+13 8.5666e+13
3963.5312 8.5666e+13 8.5666e+13
3963.5414 8.5667e+13 8.5667e+13
3963.5516 8.5667e+13 8.5667e+13
3963.5619 8.5668e+13 8.5668e+13
3963.5721 8.5668e+13 8.5668e+13
3963.5823 8.5669e+13 8.5669e+13
3963.5925 8.5669e+13 8.5669e+13
3963.6028 8.5670e+13 8.5670e+13
3963.6130 8.5670e+13 8.5670e+13
3963.6232 8.5671e+13 8.5671e+13
3963.6334 8.5671e+13 8.5671e+13
3963.6437 8.5672e+13 8.5672e+13
3963.6539 8.5672e+13 8.5672e+13
3963.6641 8.5673e+13 8.5673e+13
3963.6743 8.5673e+13 8.5673e+13
3963.6846 8.5674e+13 8.5674e+13
3963.6948 8.5674e+13 8.5674e+13
3963.7050 8.5675e+13 8.5675e+13
3963.7152 8.5675e+13 8.5675e+13
3963.7255 8.5676e+13 8.5676e+13
3963.7357 8.5676e+13 8.5676e+13
3963.7459 8.5677e+13 8.5677e+13
3963.7561 8.5677e+13 8.5677e+13
3963.7663 8.5678e+13 8.5678e+13
3963.7766 8.5678e+13 8.5678e+13
3963.7868 8.5679e+13 8.5679e+13
3963.7970 8.5679e+13 8.5679e+13
3963.8072 8.5680e+13 8.5680e+13
3963.8175 8.5680e+13 8.5680e+13
3963.8277 8.5681e+13 8.5681e+13
3963.8379 8.5681e+13 8.5681e+13
3963.8481 8.5682e+13 8.5682e+13
3963.8584 8.5682e+13 8.5682e+13
3963.8686 8.5683e+13 8.5683e+13
3963.8788 8.5683e+13 8.5683e+13
3963.8890 8.5684e+13 8.5684e+13
3963.8993 8.5684e+13 8.5684e+13
3963.9095 8.5685e+13 8.5685e+13
3963.9197 8.5685e+13 8.5685e+13
3963.9299 8.5686e+13 8.5686e+13
3963.9402 8.5686e+13 8.5686e+13
3963.9504 8.5687e+13 8.5687e+13
3963.9606 8.5687e+13 8.5687e+13
3963.9708 8.5688e+13 8.5688e+13
3963.9810 8.5688e+13 8.5688e+13
3963.9913 8.5689e+13 8.5689e+13
3964.0015 8.5689e+13 8.5689e+13
3964.0117 8.5690e+13 8.5690e+13
3964.0219 8.5690e+13 8.5690e+13
3964.0322 8.5691e+13 8.5691e+13
3964.0424 8.5691e+13 8.5691e+13
3964.0526 8.5692e+13 8.5692e+13
3964.0628 8.5692e+13 8.5692e+13
3964.0731 8.5693e+13 8.5693e+13
3964.0833 8.5693e+13 8.5693e+13
3964.0935 8.5694e+13 8.5694e+13
3964.1037 8.5694e+13 8.5694e+13
3964.1140 8.5695e+13 8.5695e+13
3964.1242 8.5695e+13 8.5695e+13
3964.1344 8.5696e+13 8.5696e+13
3964.1446 8.5696e+13 8.5696e+13
3964.1549 8.5697e+13 8.5697e+13
3964.1651 8.5697e+13 8.5697e+13
3964.1753 8.5698e+13 8.5698e+13
3964.1855 8.5698e+13 8.5698e+13
3964.1957 8.5699e+13 8.5699e+13
3964.2060 8.5699e+13 8.5699e+13
3964.2162 8.5700e+13 8.5700e+13
3964.2264 8.5700e+13 8.5700e+13
3964.2366 8.5701e+13 8.5701e+13
3964.2469 8.5701e+13 8.5701e+13
3964.2571 8.5702e+13 8.5702e+13
3964.2673 8.5702e+13 8.5702e+13
3964.2775 8.5703e+13 8.5703e+13
3964.2878 8.5703e+13 8.5703e+13
3964.2980 8.5704e+13 8.5704e+13
3964.3082 8.5704e+13 8.5704e+13
3964.3184 8.5705e+13 8.5705e+13
3964.3287 8.5705e+13 8.5705e+13
3964.3389 8.5706e+13 8.5706e+13
3964.3491 8.5706e+13 8.5706e+13
3964.3593 8.5707e+13 8.5707e+13
3964.3696 8.5707e+13 8.5707e+13
3964.3798 8.5708e+13 8.5708e+13
3964.3900 8.5708e+13 8.5708e+13
3964.4002 8.5709e+13 8.5709e+13
3964.4104 8.5709e+13 8.5709e+13
3964.4207 8.5710e+13 8.5710e+13
3964.4309 8.5710e+13 8.5710e+13
3964.4411 8.5711e+13 8.5711e+13
3964.4513 8.5711e+13 8.5711e+13
3964.4616 8.5712e+13 8.5712e+13
3964.4718 8.5712e+13 8.5712e+13
3964.4820 8.5713e+13 8.5713e+13
3964.4922 8.5713e+13 8.5713e+13
3964.5025 8.5714e+13 8.5714e+13
3964.5127 8.5714e+13 8.5714e+13
3964.5229 8.5715e+13 8.5715e+13
3964.5331 8.5715e+13 8.5715e+13
3964.5434 8.5716e+13 8.5716e+13
3964.5536 8.5716e+13 8.5716e+13
3964.5638 8.5717e+13 8.5717e+13
3964.5740 8.5717e+13 8.5717e+13
3964.5843 8.5718e+13 8.5718e+13
3964.5945 8.5718e+13 8.5718e+13
3964.6047 8.5719e+13 8.5719e+13
3964.6149 8.5719e+13 8.5719e+13
3964.6251 8.5720e+13 8.5720e+13
3964.6354 8.5720e+13 8.5720e+13
3964.6456 8.5721e+13 8.5721e+13
3964.6558 8.5721e+13 8.5721e+13
3964.6660 8.5722e+13 8.5722e+13
3964.6763 8.5722e+13 8.5722e+13
3964.6865 8.5723e+13 8.5723e+13
3964.6967 8.5723e+13 8.5723e+13
3964.7069 8.5724e+13 8.5724e+13
3964.7172 8.5724e+13 8.5724e+13
3964.7274 8.5725e+13 8.5725e+13
3964.7376 8.5725e+13 8.5725e+13
3964.7478 8.5726e+13 8.5726e+13
3964.7581 8.5726e+13 8.5726e+13
3964.7683 8.5727e+13 8.5727e+13
3964.7785 8.5727e+13 8.5727e+13
3964.7887 8.5728e+13 8.5728e+13
3964.7990 8.5728e+13 8.5728e+13
3964.8092 8.5729e+13 8.5729e+13
3964.8194 8.5729e+13 8.5729e+13
3964.8296 8.5730e+13 8.5730e+13
3964.8398 8.5730e+13 8.5730e+13
3964.8501 8.5731e+13 8.5731e+13
3964.8603 8.5731e+13 8.5731e+13
3964.8705 8.5732e+13 8.5732e+13
3964.8807 8.5732e+13 8.5732e+13
3964.8910 8.5733e+13 8.5733e+13
3964.9012 8.5733e+13 8.5733e+13
3964.9114 8.5734e+13 8.5734e+13
3964.9216 8.5734e+13 8.5734e+13
3964.9319 8.5735e+13 8.5735e+13
3964.9421 8.5735e+13 8.5735e+13
3964.9523 8.5736e+13 8.5736e+13
3964.9625 8.5736e+13 8.5736e+13
3964.9728 8.5737e+13 8.5737e+13
3964.9830 8.5737e+13 8.5737e+13
3964.9932 8.5738e+13 8.5738e+13
3965.0034 8.5738e+13 8.5738e+13
3965.0137 8.5739e+13 8.5739e+13
3965.0239 8.5739e+13 8.5739e+13
3965.0341 8.5740e+13 8.5740e+13
3965.0443 8.5740e+13 8.5740e+13
3965.0545 8.5741e+13 8.5741e+13
3965.0648 8.5741e+13 8.5741e+13
3965.0750 8.5742e+13 8.5742e+13
3965.0852 8.5742e+13 8.5742e+13
3965.0954 8.5743e+13 8.5743e+13
3965.1057 8.5743e+13 8.5743e+13
3965.1159 8.5744e+13 8.5744e+13
3965.1261 8.5744e+13 8.5744e+13
3965.1363 8.5745e+13 8.5745e+13
3965.1466 8.5745e+13 8.5745e+13
3965.1568 8.5746e+13 8.5746e+13
3965.1670 8.5746e+13 8.5746e+13
3965.1772 8.5747e+13 8.5747e+13
3965.1875 8.5747e+13 8.5747e+13
3965.1977 8.5748e+13 8.5748e+13
3965.2079 8.5748e+13 8.5748e+13
3965.2181 8.5749e+13 8.5749e+13
3965.2284 8.5749e+13 8.5749e+13
3965.2386 8.5750e+13 8.5750e+13
3965.2488 8.5750e+13 8.5750e+13
3965.2590 8.5751e+13 8.5751e+13
3965.2692 8.5751e+13 8.5751e+13
3965.2795 8.5752e+13 8.5752e+13
3965.2897 8.5752e+13 8.5752e+13
3965.2999 8.5753e+13 8.5753e+13
3965.3101 8.5753e+13 8.5753e+13
3965.3204 8.5754e+13 8.5754e+13
3965.3306 8.5754e+13 8.5754e+13
3965.3408 8.5755e+13 8.5755e+13
3965.3510 8.5755e+13 8.5755e+13
3965.3613 8.5756e+13 8.5756e+13
3965.3715 8.5756e+13 8.5756e+13
3965.3817 8.5757e+13 8.5757e+13
3965.3919 8.5757e+13 8.5757e+13
3965.4022 8.5758e+13 8.5758e+13
3965.4124 8.5758e+13 8.5758e+13
3965.4226 8.5759e+13 8.5759e+13
3965.4328 8.5759e+13 8.5759e+13
3965.4431 8.5760e+13 8.5760e+13
3965.4533 8.5760e+13 8.5760e+13
3965.4635 8.5761e+13 8.5761e+13
3965.4737 8.5761e+13 8.5761e+13
3965.4839 8.5762e+13 8.5762e+13
3965.4942 8.5762e+13 8.5762e+13
3965.5044 8.5763e+13 8.5763e+13
3965.5146 8.5763e+13 8.5763e+13
3965.5248 8.5764e+13 8.5764e+13
3965.5351 8.5764e+13 8.5764e+13
3965.5453 8.5765e+13 8.5765e+13
3965.5555 8.5765e+13 8.5765e+13
3965.5657 8.5766e+13 8.5766e+13
3965.5760 8.5766e+13 8.5766e+13
3965.5862 8.5767e+13 8.5767e+13
3965.5964 8.5767e+13 8.5767e+13
3965.6066 8.5768e+13 8.5768e+13
3965.6169 8.5768e+13 8.5768e+13
3965.6271 8.5769e+13 8.5769e+13
3965.6373 8.5769e+13 8.5769e+13
3965.6475 8.5770e+13 8.5770e+13
3965.6578 8.5770e+13 8.5770e+13
3965.6680 8.5771e+13 8.5771e+13
3965.6782 8.5771e+13 8.5771e+13
3965.6884 8.5772e+13 8.5772e+13
3965.6986 8.5772e+13 8.5772e+13
3965.7089 8.5773e+13 8.5773e+13
3965.7191 8.5773e+13 8.5773e+13
3965.7293 8.5774e+13 8.5774e+13
3965.7395 8.5774e+13 8.5774e+13
3965.7498 8.5775e+13 8.5775e+13
3965.7600 8.5775e+13 8.5775e+13
3965.7702 8.5776e+13 8.5776e+13
3965.7804 8.5776e+13 8.5776e+13
3965.7907 8.5777e+13 8.5777e+13
3965.8009 8.5777e+13 8.5777e+13
3965.8111 8.5778e+13 8.5778e+13
3965.8213 8.5778e+13 8.5778e+13
3965.8316 8.5779e+13 8.5779e+13
3965.8418 8.5779e+13 8.5779e+13
3965.8520 8.5780e+13 8.5780e+13
3965.8622 8.5780e+13 8.5780e+13
3965.8725 8.5781e+13 8.5781e+13
3965.8827 8.5781e+13 8.5781e+13
3965.8929 8.5782e+13 8.5782e+13
3965.9031 8.5782e+13 8.5782e+13
3965.9133 8.5783e+13 8.5783e+13
3965.9236 8.5783e+13 8.5783e+13
3965.9338 8.5784e+13 8.5784e+13
3965.9440 8.5784e+13 8.5784e+13
3965.9542 8.5785e+13 8.5785e+13
3965.9645 8.5785e+13 8.5785e+13
3965.9747 8.5786e+13 8.5786e+13
3965.9849 8.5786e+13 8.5786e+13
3965.9951 8.5787e+13 8.5787e+13
3966.0054 8.5787e+13 8.5787e+13
3966.0156 8.5788e+13 8.5788e+13
3966.0258 8.5788e+13 8.5788e+13
3966.0360 8.5789e+13 8.5789e+13
3966.0463 8.5789e+13 8.5789e+13
3966.0565 8.5790e+13 8.5790e+13
3966.0667 8.5790e+13 8.5790e+13
3966.0769 8.5791e+13 8.5791e+13
3966.0872 8.5791e+13 8.5791e+13
3966.0974 8.5792e+13 8.5792e+13
3966.1076 8.5792e+13 8.5792e+13
3966.1178 8.5793e+13 8.5793e+13
3966.1280 8.5793e+13 8.5793e+13
3966.1383 8.5794e+13 8.5794e+13
3966.1485 8.5794e+13 8.5794e+13
3966.1587 8.5795e+13 8.5795e+13
3966.1689 8.5795e+13 8.5795e+13
3966.1792 8.5796e+13 8.5796e+13
3966.1894 8.5796e+13 8.5796e+13
3966.1996 8.5797e+13 8.5797e+13
3966.2098 8.5797e+13 8.5797e+13
3966.2201 8.5798e+13 8.5798e+13
3966.2303 8.5798e+13 8.5798e+13
3966.2405 8.5799e+13 8.5799e+13
3966.2507 8.5799e+13 8.5799e+13
3966.2610 8.5800e+13 8.5800e+13
3966.2712 8.5800e+13 8.5800e+13
3966.2814 8.5801e+13 8.5801e+13
3966.2916 8.5801e+13 8.5801e+13
3966.3019 8.5802e+13 8.5802e+13
3966.3121 8.5802e+13 8.5802e+13
3966.3223 8.5803e+13 8.5803e+13
3966.3325 8.5803e+13 8.5803e+13
3966.3427 8.5804e+13 8.5804e+13
3966.3530 8.5804e+13 8.5804e+13
3966.3632 8.5805e+13 8.5805e+13
3966.3734 8.5805e+13 8.5805e+13
3966.3836 8.5806e+13 8.5806e+13
3966.3939 8.5806e+13 8.5806e+13
3966.4041 8.5807e+13 8.5807e+13
3966.4143 8.5807e+13 8.5807e+13
3966.4245 8.5808e+13 8.5808e+13
3966.4348 8.5808e+13 8.5808e+13
3966.4450 8.5809e+13 8.5809e+13
3966.4552 8.5809e+13 8.5809e+13
3966.4654 8.5810e+13 8.5810e+13
3966.4757 8.5810e+13 8.5810e+13
3966.4859 8.5811e+13 8.5811e+13
3966.4961 8.5811e+13 8.5811e+13
3966.5063 8.5812e+13 8.5812e+13
3966.5166 8.5812e+13 8.5812e+13
3966.5268 8.5813e+13 8.5813e+13
3966.5370 8.5813e+13 8.5813e+13
3966.5472 8.5814e+13 8.5814e+13
3966.5574 8.5814e+13 8.5814e+13
3966.5677 8.5815e+13 8.5815e+13
3966.5779 8.5815e+13 8.5815e+13
3966.5881 8.5816e+13 8.5816e+13
3966.5983 8.5816e+13 8.5816e+13
3966.6086 8.5817e+13 8.5817e+13
3966.6188 8.5817e+13 8.5817e+13
3966.6290 8.5818e+13 8.5818e+13
3966.6392 8.5818e+13 8.5818e+13
3966.6495 8.5819e+13 8.5819e+13
3966.6597 8.5819e+13 8.5819e+13
3966.6699 8.5820e+13 8.5820e+13
3966.6801 8.5820e+13 8.5820e+13
3966.6904 8.5821e+13 8.5821e+13
3966.7006 8.5821e+13 8.5821e+13
3966.7108 8.5822e+13 8.5822e+13
3966.7210 8.5822e+13 8.5822e+13
3966.7313 8.5823e+13 8.5823e+13
3966.7415 8.5823e+13 8.5823e+13
3966.7517 8.5824e+13 8.5824e+13
3966.7619 8.5824e+13 8.5824e+13
3966.7721 8.5825e+13 8.5825e+13
3966.7824 8.5825e+13 8.5825e+13
3966.7926 8.5826e+13 8.5826e+13
3966.8028 8.5826e+13 8.5826e+13
3966.8130 8.5827e+13 8.5827e+13
3966.8233 8.5827e+13 8.5827e+13
3966.8335 8.5828e+13 8.5828e+13
3966.8437 8.5828e+13 8.5828e+13
3966.8539 8.5829e+13 8.5829e+13
3966.8642 8.5829e+13 8.5829e+13
3966.8744 8.5830e+13 8.5830e+13
3966.8846 8.5830e+13 8.5830e+13
3966.8948 8.5831e+13 8.5831e+13
3966.9051 8.5831e+13 8.5831e+13
3966.9153 8.5832e+13 8.5832e+13
3966.9255 8.5832e+13 8.5832e+13
3966.9357 8.5833e+13 8.5833e+13
3966.9460 8.5833e+13 8.5833e+13
3966.9562 8.5834e+13 8.5834e+13
3966.9664 8.5834e+13 8.5834e+13
3966.9766 8.5835e+13 8.5835e+13
3966.9868 8.5835e+13 8.5835e+13
3966.9971 8.5836e+13 8.5836e+13
3967.0073 8.5836e+13 8.5836e+13
3967.0175 8.5837e+13 8.5837e+13
3967.0277 8.5837e+13 8.5837e+13
3967.0380 8.5838e+13 8.5838e+13
3967.0482 8.5838e+13 8.5838e+13
3967.0584 8.5839e+13 8.5839e+13
3967.0686 8.5839e+13 8.5839e+13
3967.0789 8.5840e+13 8.5840e+13
3967.0891 8.5840e+13 8.5840e+13
3967.0993 8.5841e+13 8.5841e+13
3967.1095 8.5841e+13 8.5841e+13
3967.1198 8.5842e+13 8.5842e+13
3967.1300 8.5842e+13 8.5842e+13
3967.1402 8.5843e+13 8.5843e+13
3967.1504 8.5843e+13 8.5843e+13
3967.1607 8.5844e+13 8.5844e+13
3967.1709 8.5844e+13 8.5844e+13
3967.1811 8.5845e+13 8.5845e+13
3967.1913 8.5845e+13 8.5845e+13
3967.2015 8.5846e+13 8.5846e+13
3967.2118 8.5846e+13 8.5846e+13
3967.2220 8.5847e+13 8.5847e+13
3967.2322 8.5847e+13 8.5847e+13
3967.2424 8.5848e+13 8.5848e+13
3967.2527 8.5848e+13 8.5848e+13
3967.2629 8.5849e+13 8.5849e+13
3967.2731 8.5849e+13 8.5849e+13
3967.2833 8.5850e+13 8.5850e+13
3967.2936 8.5850e+13 8.5850e+13
3967.3038 8.5851e+13 8.5851e+13
3967.3140 8.5851e+13 8.5851e+13
3967.3242 8.5852e+13 8.5852e+13
3967.3345 8.5852e+13 8.5852e+13
3967.3447 8.5853e+13 8.5853e+13
3967.3549 8.5853e+13 8.5853e+13
3967.3651 8.5854e+13 8.5854e+13
3967.3754 8.5854e+13 8.5854e+13
3967.3856 8.5855e+13 8.5855e+13
3967.3958 8.5855e+13 8.5855e+13
3967.4060 8.5856e+13 8.5856e+13
3967.4162 8.5856e+13 8.5856e+13
3967.4265 8.5857e+13 8.5857e+13
3967.4367 8.5857e+13 8.5857e+13
3967.4469 8.5858e+13 8.5858e+13
3967.4571 8.5858e+13 8.5858e+13
3967.4674 8.5859e+13 8.5859e+13
3967.4776 8.5859e+13 8.5859e+13
3967.4878 8.5860e+13 8.5860e+13
3967.4980 8.5860e+13 8.5860e+13
3967.5083 8.5861e+13 8.5861e+13
3967.5185 8.5861e+13 8.5861e+13
3967.5287 8.5862e+13 8.5862e+13
3967.5389 8.5862e+13 8.5862e+13
3967.5492 8.5863e+13 8.5863e+13
3967.5594 8.5863e+13 8.5863e+13
3967.5696 8.5864e+13 8.5864e+13
3967.5798 8.5864e+13 8.5864e+13
3967.5901 8.5865e+13 8.5865e+13
3967.6003 8.5865e+13 8.5865e+13
3967.6105 8.5866e+13 8.5866e+13
3967.6207 8.5866e+13 8.5866e+13
3967.6309 8.5867e+13 8.5867e+13
3967.6412 8.5867e+13 8.5867e+13
3967.6514 8.5868e+13 8.5868e+13
3967.6616 8.5868e+13 8.5868e+13
3967.6718 8.5869e+13 8.5869e+13
3967.6821 8.5869e+13 8.5869e+13
3967.6923 8.5870e+13 8.5870e+13
3967.7025 8.5870e+13 8.5870e+13
3967.7127 8.5871e+13 8.5871e+13
3967.7230 8.5871e+13 8.5871e+13
3967.7332 8.5872e+13 8.5872e+13
3967.7434 8.5872e+13 8.5872e+13
3967.7536 8.5873e+13 8.5873e+13
3967.7639 8.5873e+13 8.5873e+13
3967.7741 8.5874e+13 8.5874e+13
3967.7843 8.5874e+13 8.5874e+13
3967.7945 8.5875e+13 8.5875e+13
3967.8048 8.5875e+13 8.5875e+13
3967.8150 8.5876e+13 8.5876e+13
3967.8252 8.5876e+13 8.5876e+13
3967.8354 8.5877e+13 8.5877e+13
3967.8456 8.5877e+13 8.5877e+13
3967.8559 8.5878e+13 8.5878e+13
3967.8661 8.5878e+13 8.5878e+13
3967.8763 8.5879e+13 8.5879e+13
3967.8865 8.5879e+13 8.5879e+13
3967.8968 8.5880e+13 8.5880e+13
3967.9070 8.5880e+13 8.5880e+13
3967.9172 8.5881e+13 8.5881e+13
3967.9274 8.5881e+13 8.5881e+13
3967.9377 8.5882e+13 8.5882e+13
3967.9479 8.5882e+13 8.5882e+13
3967.9581 8.5883e+13 8.5883e+13
3967.9683 8.5883e+13 8.5883e+13
3967.9786 8.5884e+13 8.5884e+13
3967.9888 8.5884e+13 8.5884e+13
3967.9990 8.5885e+13 8.5885e+13
3968.0092 8.5885e+13 8.5885e+13
3968.0195 8.5886e+13 8.5886e+13
3968.0297 8.5886e+13 8.5886e+13
3968.0399 8.5887e+13 8.5887e+13
3968.0501 8.5887e+13 8.5887e+13
3968.0603 8.5888e+13 8.5888e+13
3968.0706 8.5888e+13 8.5888e+13
3968.0808 8.5889e+13 8.5889e+13
3968.0910 8.5889e+13 8.5889e+13
3968.1012 8.5890e+13 8.5890e+13
3968.1115 8.5890e+13 8.5890e+13
3968.1217 8.5891e+13 8.5891e+13
3968.1319 8.5891e+13 8.5891e+13
3968.1421 8.5892e+13 8.5892e+13
3968.1524 8.5892e+13 8.5892e+13
3968.1626 8.5893e+13 8.5893e+13
3968.1728 8.5893e+13 8.5893e+13
3968.1830 8.5894e+13 8.5894e+13
3968.1933 8.5894e+13 8.5894e+13
3968.2035 8.5895e+13 8.5895e+13
3968.2137 8.5895e+13 8.5895e+13
3968.2239 8.5896e+13 8.5896e+13
3968.2342 8.5896e+13 8.5896e+13
3968.2444 8.5897e+13 8.5897e+13
3968.2546 8.5897e+13 8.5897e+13
3968.2648 8.5898e+13 8.5898e+13
3968.2750 8.5898e+13 8.5898e+13
3968.2853 8.5899e+13 8.5899e+13
3968.2955 8.5899e+13 8.5899e+13
3968.3057 8.5900e+13 8.5900e+13
3968.3159 8.5900e+13 8.5900e+13
3968.3262 8.5901e+13 8.5901e+13
3968.3364 8.5901e+13 8.5901e+13
3968.3466 8.5902e+13 8.5902e+13
3968.3568 8.5902e+13 8.5902e+13
3968.3671 8.5903e+13 8.5903e+13
3968.3773 8.5903e+13 8.5903e+13
3968.3875 8.5904e+13 8.5904e+13
3968.3977 8.5904e+13 8.5904e+13
3968.4080 8.5905e+13 8.5905e+13
3968.4182 8.5905e+13 8.5905e+13
3968.4284 8.5906e+13 8.5906e+13
3968.4386 8.5906e+13 8.5906e+13
3968.4489 8.5907e+13 8.5907e+13
3968.4591 8.5907e+13 8.5907e+13
3968.4693 8.5908e+13 8.5908e+13
3968.4795 8.5908e+13 8.5908e+13
3968.4897 8.5909e+13 8.5909e+13
3968.5000 8.5909e+13 8.5909e+13
3968.5102 8.5910e+13 8.5910e+13
3968.5204 8.5910e+13 8.5910e+13
3968.5306 8.5911e+13 8.5911e+13
3968.5409 8.5911e+13 8.5911e+13
3968.5511 8.5912e+13 8.5912e+13
3968.5613 8.5912e+13 8.5912e+13
3968.5715 8.5913e+13 8.5913e+13
3968.5818 8.5913e+13 8.5913e+13
3968.5920 8.5914e+13 8.5914e+13
3968.6022 8.5914e+13 8.5914e+13
3968.6124 8.5915e+13 8.5915e+13
3968.6227 8.5915e+13 8.5915e+13
3968.6329 8.5916e+13 8.5916e+13
3968.6431 8.5916e+13 8.5916e+13
3968.6533 8.5917e+13 8.5917e+13
3968.6636 8.5917e+13 8.5917e+13
3968.6738 8.5918e+13 8.5918e+13
3968.6840 8.5918e+13 8.5918e+13
3968.6942 8.5919e+13 8.5919e+13
3968.7044 8.5919e+13 8.5919e+13
3968.7147 8.5920e+13 8.5920e+13
3968.7249 8.5920e+13 8.5920e+13
3968.7351 8.5921e+13 8.5921e+13
3968.7453 8.5921e+13 8.5921e+13
3968.7556 8.5922e+13 8.5922e+13
3968.7658 8.5922e+13 8.5922e+13
3968.7760 8.5923e+13 8.5923e+13
3968.7862 8.5923e+13 8.5923e+13
3968.7965 8.5924e+13 8.5924e+13
3968.8067 8.5924e+13 8.5924e+13
3968.8169 8.5925e+13 8.5925e+13
3968.8271 8.5925e+13 8.5925e+13
3968.8374 8.5926e+13 8.5926e+13
3968.8476 8.5926e+13 8.5926e+13
3968.8578 8.5927e+13 8.5927e+13
3968.8680 8.5927e+13 8.5927e+13
3968.8783 8.5928e+13 8.5928e+13
3968.8885 8.5928e+13 8.5928e+13
3968.8987 8.5929e+13 8.5929e+13
3968.9089 8.5929e+13 8.5929e+13
3968.9191 8.5930e+13 8.5930e+13
3968.9294 8.5930e+13 8.5930e+13
3968.9396 8.5931e+13 8.5931e+13
3968.9498 8.5931e+13 8.5931e+13
3968.9600 8.5932e+13 8.5932e+13
3968.9703 8.5932e+13 8.5932e+13
3968.9805 8.5933e+13 8.5933e+13
3968.9907 8.5933e+13 8.5933e+13
3969.0009 8.5934e+13 8.5934e+13
3969.0112 8.5934e+13 8.5934e+13
3969.0214 8.5935e+13 8.5935e+13
3969.0316 8.5935e+13 8.5935e+13
3969.0418 8.5936e+13 8.5936e+13
3969.0521 8.5936e+13 8.5936e+13
3969.0623 8.5937e+13 8.5937e+13
3969.0725 8.5937e+13 8.5937e+13
3969.0827 8.5938e+13 8.5938e+13
3969.0930 8.5938e+13 8.5938e+13
3969.1032 8.5939e+13 8.5939e+13
3969.1134 8.5939e+13 8.5939e+13
3969.1236 8.5940e+13 8.5940e+13
3969.1338 8.5940e+13 8.5940e+13
3969.1441 8.5941e+13 8.5941e+13
3969.1543 8.5941e+13 8.5941e+13
3969.1645 8.5942e+13 8.5942e+13
3969.1747 8.5942e+13 8.5942e+13
3969.1850 8.5943e+13 8.5943e+13
3969.1952 8.5943e+13 8.5943e+13
3969.2054 8.5944e+13 8.5944e+13
3969.2156 8.5944e+13 8.5944e+13
3969.2259 8.5945e+13 8.5945e+13
3969.2361 8.5945e+13 8.5945e+13
3969.2463 8.5946e+13 8.5946e+13
3969.2565 8.5946e+13 8.5946e+13
3969.2668 8.5947e+13 8.5947e+13
3969.2770 8.5947e+13 8.5947e+13
3969.2872 8.5948e+13 8.5948e+13
3969.2974 8.5948e+13 8.5948e+13
3969.3077 8.5949e+13 8.5949e+13
3969.3179 8.5949e+13 8.5949e+13
3969.3281 8.5950e+13 8.5950e+13
3969.3383 8.5950e+13 8.5950e+13
3969.3485 8.5951e+13 8.5951e+13
3969.3588 8.5951e+13 8.5951e+13
3969.3690 8.5952e+13 8.5952e+13
3969.3792 8.5952e+13 8.5952e+13
3969.3894 8.5953e+13 8.5953e+13
3969.3997 8.5953e+13 8.5953e+13
3969.4099 8.5954e+13 8.5954e+13
3969.4201 8.5954e+13 8.5954e+13
3969.4303 8.5955e+13 8.5955e+13
3969.4406 8.5955e+13 8.5955e+13
3969.4508 8.5956e+13 8.5956e+13
3969.4610 8.5956e+13 8.5956e+13
3969.4712 8.5957e+13 8.5957e+13
3969.4815 8.5957e+13 8.5957e+13
3969.4917 8.5958e+13 8.5958e+13
3969.5019 8.5958e+13 8.5958e+13
3969.5121 8.5959e+13 8.5959e+13
3969.5224 8.5959e+13 8.5959e+13
3969.5326 8.5960e+13 8.5960e+13
3969.5428 8.5960e+13 8.5960e+13
3969.5530 8.5961e+13 8.5961e+13
3969.5632 8.5961e+13 8.5961e+13
3969.5735 8.5962e+13 8.5962e+13
3969.5837 8.5962e+13 8.5962e+13
3969.5939 8.5963e+13 8.5963e+13
3969.6041 8.5963e+13 8.5963e+13
3969.6144 8.5964e+13 8.5964e+13
3969.6246 8.5964e+13 8.5964e+13
3969.6348 8.5965e+13 8.5965e+13
3969.6450 8.5965e+13 8.5965e+13
3969.6553 8.5966e+13 8.5966e+13
3969.6655 8.5966e+13 8.5966e+13
3969.6757 8.5967e+13 8.5967e+13
3969.6859 8.5967e+13 8.5967e+13
3969.6962 8.5968e+13 8.5968e+13
3969.7064 8.5968e+13 8.5968e+13
3969.7166 8.5969e+13 8.5969e+13
3969.7268 8.5969e+13 8.5969e+13
3969.7371 8.5970e+13 8.5970e+13
3969.7473 8.5970e+13 8.5970e+13
3969.7575 8.5971e+13 8.5971e+13
3969.7677 8.5971e+13 8.5971e+13
3969.7779 8.5972e+13 8.5972e+13
3969.7882 8.5972e+13 8.5972e+13
3969.7984 8.5973e+13 8.5973e+13
3969.8086 8.5973e+13 8.5973e+13
3969.8188 8.5974e+13 8.5974e+13
3969.8291 8.5974e+13 8.5974e+13
3969.8393 8.5975e+13 8.5975e+13
3969.8495 8.5975e+13 8.5975e+13
3969.8597 8.5976e+13 8.5976e+13
3969.8700 8.5976e+13 8.5976e+13
3969.8802 8.5977e+13 8.5977e+13
3969.8904 8.5977e+13 8.5977e+13
3969.9006 8.5978e+13 8.5978e+13
3969.9109 8.5978e+13 8.5978e+13
3969.9211 8.5979e+13 8.5979e+13
3969.9313 8.5979e+13 8.5979e+13
3969.9415 8.5980e+13 8.5980e+13
3969.9518 8.5980e+13 8.5980e+13
3969.9620 8.5981e+13 8.5981e+13
3969.9722 8.5981e+13 8.5981e+13
3969.9824 8.5982e+13 8.5982e+13
3969.9926 8.5982e+13 8.5982e+13
3970.0029 8.5983e+13 8.5983e+13
3970.0131 8.5983e+13 8.5983e+13
3970.0233 8.5984e+13 8.5984e+13
3970.0335 8.5984e+13 8.5984e+13
3970.0438 8.5985e+13 8.5985e+13
3970.0540 8.5985e+13 8.5985e+13
3970.0642 8.5986e+13 8.5986e+13
3970.0744 8.5986e+13 8.5986e+13
3970.0847 8.5987e+13 8.5987e+13
3970.0949 8.5987e+13 8.5987e+13
3970.1051 8.5988e+13 8.5988e+13
3970.1153 8.5988e+13 8.5988e+13
3970.1256 8.5989e+13 8.5989e+13
3970.1358 8.5989e+13 8.5989e+13
3970.1460 8.5990e+13 8.5990e+13
3970.1562 8.5990e+13 8.5990e+13
3970.1665 8.5991e+13 8.5991e+13
3970.1767 8.5991e+13 8.5991e+13
3970.1869 8.5992e+13 8.5992e+13
3970.1971 8.5992e+13 8.5992e+13
3970.2074 8.5993e+13 8.5993e+13
3970.2176 8.5993e+13 8.5993e+13
3970.2278 8.5994e+13 8.5994e+13
3970.2380 8.5994e+13 8.5994e+13
3970.2482 8.5995e+13 8.5995e+13
3970.2585 8.5995e+13 8.5995e+13
3970.2687 8.5996e+13 8.5996e+13
3970.2789 8.5996e+13 8.5996e+13
3970.2891 8.5997e+13 8.5997e+13
3970.2994 8.5997e+13 8.5997e+13
3970.3096 8.5998e+13 8.5998e+13
3970.3198 8.5998e+13 8.5998e+13
3970.3300 8.5999e+13 8.5999e+13
3970.3403 8.5999e+13 8.5999e+13
3970.3505 8.6000e+13 8.6000e+13
3970.3607 8.6000e+13 8.6000e+13
3970.3709 8.6001e+13 8.6001e+13
3970.3812 8.6001e+13 8.6001e+13
3970.3914 8.6002e+13 8.6002e+13
3970.4016 8.6002e+13 8.6002e+13
3970.4118 8.6003e+13 8.6003e+13
3970.4221 8.6003e+13 8.6003e+13
3970.4323 8.6004e+13 8.6004e+13
3970.4425 8.6004e+13 8.6004e+13
3970.4527 8.6005e+13 8.6005e+13
3970.4629 8.6005e+13 8.6005e+13
3970.4732 8.6006e+13 8.6006e+13
3970.4834 8.6006e+13 8.6006e+13
3970.4936 8.6007e+13 8.6007e+13
3970.5038 8.6007e+13 8.6007e+13
3970.5141 8.6008e+13 8.6008e+13
3970.5243 8.6008e+13 8.6008e+13
3970.5345 8.6009e+13 8.6009e+13
3970.5447 8.6009e+13 8.6009e+13
3970.5550 8.6010e+13 8.6010e+13
3970.5652 8.6010e+13 8.6010e+13
3970.5754 8.6011e+13 8.6011e+13
3970.5856 8.6011e+13 8.6011e+13
3970.5959 8.6012e+13 8.6012e+13
3970.6061 8.6012e+13 8.6012e+13
3970.6163 8.6013e+13 8.6013e+13
3970.6265 8.6013e+13 8.6013e+13
3970.6368 8.6014e+13 8.6014e+13
3970.6470 8.6014e+13 8.6014e+13
3970.6572 8.6015e+13 8.6015e+13
3970.6674 8.6015e+13 8.6015e+13
3970.6776 8.6016e+13 8.6016e+13
3970.6879 8.6016e+13 8.6016e+13
3970.6981 8.6017e+13 8.6017e+13
3970.7083 8.6017e+13 8.6017e+13
3970.7185 8.6018e+13 8.6018e+13
3970.7288 8.6018e+13 8.6018e+13
3970.7390 8.6019e+13 8.6019e+13
3970.7492 8.6019e+13 8.6019e+13
3970.7594 8.6020e+13 8.6020e+13
3970.7697 8.6020e+13 8.6020e+13
3970.7799 8.6021e+13 8.6021e+13
3970.7901 8.6021e+13 8.6021e+13
3970.8003 8.6022e+13 8.6022e+13
3970.8106 8.6022e+13 8.6022e+13
3970.8208 8.6023e+13 8.6023e+13
3970.8310 8.6023e+13 8.6023e+13
3970.8412 8.6024e+13 8.6024e+13
3970.8515 8.6024e+13 8.6024e+13
3970.8617 8.6025e+13 8.6025e+13
3970.8719 8.6025e+13 8.6025e+13
3970.8821 8.6026e+13 8.6026e+13
3970.8923 8.6026e+13 8.6026e+13
3970.9026 8.6027e+13 8.6027e+13
3970.9128 8.6027e+13 8.6027e+13
3970.9230 8.6028e+13 8.6028e+13
3970.9332 8.6028e+13 8.6028e+13
3970.9435 8.6029e+13 8.6029e+13
3970.9537 8.6029e+13 8.6029e+13
3970.9639 8.6030e+13 8.6030e+13
3970.9741 8.6030e+13 8.6030e+13
3970.9844 8.6031e+13 8.6031e+13
3970.9946 8.6031e+13 8.6031e+13
3971.0048 8.6032e+13 8.6032e+13
3971.0150 8.6032e+13 8.6032e+13
3971.0253 8.6033e+13 8.6033e+13
3971.0355 8.6033e+13 8.6033e+13
3971.0457 8.6034e+13 8.6034e+13
3971.0559 8.6034e+13 8.6034e+13
3971.0662 8.6035e+13 8.6035e+13
3971.0764 8.6035e+13 8.6035e+13
3971.0866 8.6036e+13 8.6036e+13
3971.0968 8.6036e+13 8.6036e+13
3971.1070 8.6037e+13 8.6037e+13
3971.1173 8.6037e+13 8.6037e+13
3971.1275 8.6038e+13 8.6038e+13
3971.1377 8.6038e+13 8.6038e+13
3971.1479 8.6039e+13 8.6039e+13
3971.1582 8.6039e+13 8.6039e+13
3971.1684 8.6040e+13 8.6040e+13
3971.1786 8.6040e+13 8.6040e+13
3971.1888 8.6041e+13 8.6041e+13
3971.1991 8.6041e+13 8.6041e+13
3971.2093 8.6042e+13 8.6042e+13
3971.2195 8.6042e+13 8.6042e+13
3971.2297 8.6043e+13 8.6043e+13
3971.2400 8.6043e+13 8.6043e+13
3971.2502 8.6044e+13 8.6044e+13
3971.2604 8.6044e+13 8.6044e+13
3971.2706 8.6045e+13 8.6045e+13
3971.2809 8.6045e+13 8.6045e+13
3971.2911 8.6046e+13 8.6046e+13
3971.3013 8.6046e+13 8.6046e+13
3971.3115 8.6047e+13 8.6047e+13
3971.3217 8.6047e+13 8.6047e+13
3971.3320 8.6048e+13 8.6048e+13
3971.3422 8.6048e+13 8.6048e+13
3971.3524 8.6049e+13 8.6049e+13
3971.3626 8.6049e+13 8.6049e+13
3971.3729 8.6050e+13 8.6050e+13
3971.3831 8.6050e+13 8.6050e+13
3971.3933 8.6051e+13 8.6051e+13
3971.4035 8.6051e+13 8.6051e+13
3971.4138 8.6052e+13 8.6052e+13
3971.4240 8.6052e+13 8.6052e+13
3971.4342 8.6053e+13 8.6053e+13
3971.4444 8.6053e+13 8.6053e+13
3971.4547 8.6054e+13 8.6054e+13
3971.4649 8.6054e+13 8.6054e+13
3971.4751 8.6055e+13 8.6055e+13
3971.4853 8.6055e+13 8.6055e+13
3971.4956 8.6056e+13 8.6056e+13
3971.5058 8.6056e+13 8.6056e+13
3971.5160 8.6057e+13 8.6057e+13
3971.5262 8.6057e+13 8.6057e+13
3971.5364 8.6058e+13 8.6058e+13
3971.5467 8.6058e+13 8.6058e+13
3971.5569 8.6059e+13 8.6059e+13
3971.5671 8.6059e+13 8.6059e+13
3971.5773 8.6060e+13 8.6060e+13
3971.5876 8.6060e+13 8.6060e+13
3971.5978 8.6061e+13 8.6061e+13
3971.6080 8.6061e+13 8.6061e+13
3971.6182 8.6062e+13 8.6062e+13
3971.6285 8.6062e+13 8.6062e+13
3971.6387 8.6063e+13 8.6063e+13
3971.6489 8.6063e+13 8.6063e+13
3971.6591 8.6064e+13 8.6064e+13
3971.6694 8.6064e+13 8.6064e+13
3971.6796 8.6065e+13 8.6065e+13
3971.6898 8.6065e+13 8.6065e+13
3971.7000 8.6066e+13 8.6066e+13
3971.7103 8.6066e+13 8.6066e+13
3971.7205 8.6067e+13 8.6066e+13
3971.7307 8.6067e+13 8.6067e+13
3971.7409 8.6068e+13 8.6067e+13
3971.7511 8.6068e+13 8.6068e+13
3971.7614 8.6069e+13 8.6068e+13
3971.7716 8.6069e+13 8.6069e+13
3971.7818 8.6070e+13 8.6069e+13
3971.7920 8.6070e+13 8.6070e+13
3971.8023 8.6071e+13 8.6070e+13
3971.8125 8.6071e+13 8.6071e+13
3971.8227 8.6072e+13 8.6071e+13
3971.8329 8.6072e+13 8.6072e+13
3971.8432 8.6073e+13 8.6072e+13
3971.8534 8.6073e+13 8.6073e+13
3971.8636 8.6074e+13 8.6073e+13
3971.8738 8.6074e+13 8.6074e+13
3971.8841 8.6075e+13 8.6074e+13
3971.8943 8.6075e+13 8.6075e+13
3971.9045 8.6076e+13 8.6075e+13
3971.9147 8.6076e+13 8.6076e+13
3971.9250 8.6077e+13 8.6076e+13
3971.9352 8.6077e+13 8.6077e+13
3971.9454 8.6078e+13 8.6077e+13
3971.9556 8.6078e+13 8.6078e+13
3971.9658 8.6079e+13 8.6078e+13
3971.9761 8.6079e+13 8.6079e+13
3971.9863 8.6080e+13 8.6079e+13
3971.9965 8.6080e+13 8.6080e+13
3972.0067 8.6081e+13 8.6080e+13
3972.0170 8.6081e+13 8.6081e+13
3972.0272 8.6081e+13 8.6081e+13
3972.0374 8.6082e+13 8.6082e+13
3972.0476 8.6082e+13 8.6082e+13
3972.0579 8.6083e+13 8.6083e+13
3972.0681 8.6083e+13 8.6083e+13
3972.0783 8.6084e+13 8.6084e+13
3972.0885 8.6084e+13 8.6084e+13
3972.0988 8.6085e+13 8.6085e+13
3972.1090 8.6085e+13 8.6085e+13
3972.1192 8.6086e+13 8.6086e+13
3972.1294 8.6086e+13 8.6086e+13
3972.1397 8.6087e+13 8.6087e+13
3972.1499 8.6087e+13 8.6087e+13
3972.1601 8.6088e+13 8.6088e+13
3972.1703 8.6088e+13 8.6088e+13
3972.1805 8.6089e+13 8.6089e+13
3972.1908 8.6089e+13 8.6089e+13
3972.2010 8.6090e+13 8.6090e+13
3972.2112 8.6090e+13 8.6090e+13
3972.2214 8.6091e+13 8.6091e+13
3972.2317 8.6091e+13 8.6091e+13
3972.2419 8.6092e+13 8.6092e+13
3972.2521 8.6092e+13 8.6092e+13
3972.2623 8.6093e+13 8.6093e+13
3972.2726 8.6093e+13 8.6093e+13
3972.2828 8.6094e+13 8.6094e+13
3972.2930 8.6094e+13 8.6094e+13
3972.3032 8.6095e+13 8.6095e+13
3972.3135 8.6095e+13 8.6095e+13
3972.3237 8.6096e+13 8.6096e+13
3972.3339 8.6096e+13 8.6096e+13
3972.3441 8.6097e+13 8.6097e+13
3972.3544 8.6097e+13 8.6097e+13
3972.3646 8.6098e+13 8.6098e+13
3972.3748 8.6098e+13 8.6098e+13
3972.3850 8.6099e+13 8.6099e+13
3972.3952 8.6099e+13 8.6099e+13
3972.4055 8.6100e+13 8.6100e+13
3972.4157 8.6100e+13 8.6100e+13
3972.4259 8.6101e+13 8.6101e+13
3972.4361 8.6101e+13 8.6101e+13
3972.4464 8.6102e+13 8.6102e+13
3972.4566 8.6102e+13 8.6102e+13
3972.4668 8.6103e+13 8.6103e+13
3972.4770 8.6103e+13 8.6103e+13
3972.4873 8.6104e+13 8.6104e+13
3972.4975 8.6104e+13 8.6104e+13
3972.5077 8.6105e+13 8.6105e+13
3972.5179 8.6105e+13 8.6105e+13
3972.5282 8.6106e+13 8.6106e+13
3972.5384 8.6106e+13 8.6106e+13
3972.5486 8.6107e+13 8.6107e+13
3972.5588 8.6107e+13 8.6107e+13
3972.5691 8.6108e+13 8.6108e+13
3972.5793 8.6108e+13 8.6108e+13
3972.5895 8.6109e+13 8.6109e+13
3972.5997 8.6109e+13 8.6109e+13
3972.6099 8.6110e+13 8.6110e+13
3972.6202 8.6110e+13 8.6110e+13
3972.6304 8.6111e+13 8.6111e+13
3972.6406 8.6111e+13 8.6111e+13
3972.6508 8.6112e+13 8.6112e+13
3972.6611 8.6112e+13 8.6112e+13
3972.6713 8.6113e+13 8.6113e+13
3972.6815 8.6113e+13 8.6113e+13
3972.6917 8.6114e+13 8.6114e+13
3972.7020 8.6114e+13 8.6114e+13
3972.7122 8.6115e+13 8.6115e+13
3972.7224 8.6115e+13 8.6115e+13
3972.7326 8.6116e+13 8.6116e+13
3972.7429 8.6116e+13 8.6116e+13
3972.7531 8.6117e+13 8.6117e+13
3972.7633 8.6117e+13 8.6117e+13
3972.7735 8.6118e+13 8.6118e+13
3972.7838 8.6118e+13 8.6118e+13
3972.7940 8.6119e+13 8.6119e+13
3972.8042 8.6119e+13 8.6119e+13
3972.8144 8.6120e+13 8.6120e+13
3972.8246 8.6120e+13 8.6120e+13
3972.8349 8.6121e+13 8.6121e+13
3972.8451 8.6121e+13 8.6121e+13
3972.8553 8.6122e+13 8.6122e+13
3972.8655 8.6122e+13 8.6122e+13
3972.8758 8.6123e+13 8.6123e+13
3972.8860 8.6123e+13 8.6123e+13
3972.8962 8.6124e+13 8.6124e+13
3972.9064 8.6124e+13 8.6124e+13
3972.9167 8.6125e+13 8.6125e+13
3972.9269 8.6125e+13 8.6125e+13
3972.9371 8.6126e+13 8.6126e+13
3972.9473 8.6126e+13 8.6126e+13
3972.9576 8.6127e+13 8.6127e+13
3972.9678 8.6127e+13 8.6127e+13
3972.9780 8.6128e+13 8.6128e+13
3972.9882 8.6128e+13 8.6128e+13
3972.9985 8.6129e+13 8.6129e+13
3973.0087 8.6129e+13 8.6129e+13
3973.0189 8.6130e+13 8.6130e+13
3973.0291 8.6130e+13 8.6130e+13
3973.0393 8.6131e+13 8.6131e+13
3973.0496 8.6131e+13 8.6131e+13
3973.0598 8.6132e+13 8.6132e+13
3973.0700 8.6132e+13 8.6132e+13
3973.0802 8.6133e+13 8.6133e+13
3973.0905 8.6133e+13 8.6133e+13
3973.1007 8.6134e+13 8.6134e+13
3973.1109 8.6134e+13 8.6134e+13
3973.1211 8.6135e+13 8.6135e+13
3973.1314 8.6135e+13 8.6135e+13
3973.1416 8.6136e+13 8.6136e+13
3973.1518 8.6136e+13 8.6136e+13
3973.1620 8.6137e+13 8.6137e+13
3973.1723 8.6137e+13 8.6137e+13
3973.1825 8.6138e+13 8.6138e+13
3973.1927 8.6138e+13 8.6138e+13
3973.2029 8.6139e+13 8.6139e+13
3973.2132 8.6139e+13 8.6139e+13
3973.2234 8.6140e+13 8.6140e+13
3973.2336 8.6140e+13 8.6140e+13
3973.2438 8.6141e+13 8.6141e+13
3973.2540 8.6141e+13 8.6141e+13
3973.2643 8.6142e+13 8.6142e+13
3973.2745 8.6142e+13 8.6142e+13
3973.2847 8.6143e+13 8.6143e+13
3973.2949 8.6143e+13 8.6143e+13
3973.3052 8.6144e+13 8.6144e+13
3973.3154 8.6144e+13 8.6144e+13
3973.3256 8.6145e+13 8.6145e+13
3973.3358 8.6145e+13 8.6145e+13
3973.3461 8.6146e+13 8.6146e+13
3973.3563 8.6146e+13 8.6146e+13
3973.3665 8.6147e+13 8.6147e+13
3973.3767 8.6147e+13 8.6147e+13
3973.3870 8.6148e+13 8.6148e+13
3973.3972 8.6148e+13 8.6148e+13
3973.4074 8.6149e+13 8.6149e+13
3973.4176 8.6149e+13 8.6149e+13
3973.4279 8.6150e+13 8.6150e+13
3973.4381 8.6150e+13 8.6150e+13
3973.4483 8.6151e+13 8.6151e+13
3973.4585 8.6151e+13 8.6151e+13
3973.4687 8.6152e+13 8.6152e+13
3973.4790 8.6152e+13 8.6152e+13
3973.4892 8.6153e+13 8.6153e+13
3973.4994 8.6153e+13 8.6153e+13
3973.5096 8.6154e+13 8.6154e+13
3973.5199 8.6154e+13 8.6154e+13
3973.5301 8.6155e+13 8.6155e+13
3973.5403 8.6155e+13 8.6155e+13
3973.5505 8.6156e+13 8.6156e+13
3973.5608 8.6156e+13 8.6156e+13
3973.5710 8.6157e+13 8.6157e+13
3973.5812 8.6157e+13 8.6157e+13
3973.5914 8.6158e+13 8.6158e+13
3973.6017 8.6158e+13 8.6158e+13
3973.6119 8.6159e+13 8.6159e+13
3973.6221 8.6159e+13 8.6159e+13
3973.6323 8.6160e+13 8.6160e+13
3973.6426 8.6160e+13 8.6160e+13
3973.6528 8.6161e+13 8.6161e+13
3973.6630 8.6161e+13 8.6161e+13
3973.6732 8.6162e+13 8.6162e+13
3973.6834 8.6162e+13 8.6162e+13
3973.6937 8.6163e+13 8.6163e+13
3973.7039 8.6163e+13 8.6163e+13
3973.7141 8.6164e+13 8.6164e+13
3973.7243 8.6164e+13 8.6164e+13
3973.7346 8.6165e+13 8.6165e+13
3973.7448 8.6165e+13 8.6165e+13
3973.7550 8.6166e+13 8.6166e+13
3973.7652 8.6166e+13 8.6166e+13
3973.7755 8.6167e+13 8.6167e+13
3973.7857 8.6167e+13 8.6167e+13
3973.7959 8.6168e+13 8.6168e+13
3973.8061 8.6168e+13 8.6168e+13
3973.8164 8.6169e+13 8.6169e+13
3973.8266 8.6169e+13 8.6169e+13
3973.8368 8.6170e+13 8.6170e+13
3973.8470 8.6170e+13 8.6170e+13
3973.8573 8.6171e+13 8.6171e+13
3973.8675 8.6171e+13 8.6171e+13
3973.8777 8.6172e+13 8.6172e+13
3973.8879 8.6172e+13 8.6172e+13
3973.8981 8.6173e+13 8.6173e+13
3973.9084 8.6173e+13 8.6173e+13
3973.9186 8.6174e+13 8.6174e+13
3973.9288 8.6174e+13 8.6174e+13
3973.9390 8.6175e+13 8.6175e+13
3973.9493 8.6175e+13 8.6175e+13
3973.9595 8.6176e+13 8.6176e+13
3973.9697 8.6176e+13 8.6176e+13
3973.9799 8.6177e+13 8.6177e+13
3973.9902 8.6177e+13 8.6177e+13
3974.0004 8.6178e+13 8.6178e+13
3974.0106 8.6178e+13 8.6178e+13
3974.0208 8.6179e+13 8.6179e+13
3974.0311 8.6179e+13 8.6179e+13
3974.0413 8.6180e+13 8.6180e+13
3974.0515 8.6180e+13 8.6180e+13
3974.0617 8.6181e+13 8.6181e+13
3974.0720 8.6181e+13 8.6181e+13
3974.0822 8.6182e+13 8.6182e+13
3974.0924 8.6182e+13 8.6182e+13
3974.1026 8.6183e+13 8.6183e+13
3974.1128 8.6183e+13 8.6183e+13
3974.1231 8.6184e+13 8.6184e+13
3974.1333 8.6184e+13 8.6184e+13
3974.1435 8.6185e+13 8.6185e+13
3974.1537 8.6185e+13 8.6185e+13
3974.1640 8.6186e+13 8.6186e+13
3974.1742 8.6186e+13 8.6186e+13
3974.1844 8.6187e+13 8.6187e+13
3974.1946 8.6187e+13 8.6187e+13
3974.2049 8.6188e+13 8.6188e+13
3974.2151 8.6188e+13 8.6188e+13
3974.2253 8.6189e+13 8.6189e+13
3974.2355 8.6189e+13 8.6189e+13
3974.2458 8.6190e+13 8.6190e+13
3974.2560 8.6190e+13 8.6190e+13
3974.2662 8.6191e+13 8.6191e+13
3974.2764 8.6191e+13 8.6191e+13
3974.2867 8.6192e+13 8.6192e+13
3974.2969 8.6192e+13 8.6192e+13
3974.3071 8.6193e+13 8.6193e+13
3974.3173 8.6193e+13 8.6193e+13
3974.3275 8.6194e+13 8.6194e+13
3974.3378 8.6194e+13 8.6194e+13
3974.3480 8.6195e+13 8.6195e+13
3974.3582 8.6195e+13 8.6195e+13
3974.3684 8.6196e+13 8.6196e+13
3974.3787 8.6196e+13 8.6196e+13
3974.3889 8.6197e+13 8.6197e+13
3974.3991 8.6197e+13 8.6197e+13
3974.4093 8.6198e+13 8.6198e+13
3974.4196 8.6198e+13 8.6198e+13
3974.4298 8.6199e+13 8.6199e+13
3974.4400 8.6199e+13 8.6199e+13
3974.4502 8.6200e+13 8.6200e+13
3974.4605 8.6200e+13 8.6200e+13
3974.4707 8.6201e+13 8.6201e+13
3974.4809 8.6201e+13 8.6201e+13
3974.4911 8.6202e+13 8.6202e+13
3974.5014 8.6202e+13 8.6202e+13
3974.5116 8.6203e+13 8.6203e+13
3974.5218 8.6203e+13 8.6203e+13
3974.5320 8.6204e+13 8.6204e+13
3974.5422 8.6204e+13 8.6204e+13
3974.5525 8.6205e+13 8.6205e+13
3974.5627 8.6205e+13 8.6205e+13
3974.5729 8.6206e+13 8.6205e+13
3974.5831 8.6206e+13 8.6206e+13
3974.5934 8.6207e+13 8.6206e+13
3974.6036 8.6207e+13 8.6207e+13
3974.6138 8.6208e+13 8.6207e+13
3974.6240 8.6208e+13 8.6208e+13
3974.6343 8.6209e+13 8.6208e+13
3974.6445 8.6209e+13 8.6209e+13
3974.6547 8.6210e+13 8.6209e+13
3974.6649 8.6210e+13 8.6210e+13
3974.6752 8.6211e+13 8.6210e+13
3974.6854 8.6211e+13 8.6211e+13
3974.6956 8.6212e+13 8.6211e+13
3974.7058 8.6212e+13 8.6212e+13
3974.7161 8.6213e+13 8.6212e+13
3974.7263 8.6213e+13 8.6213e+13
3974.7365 8.6214e+13 8.6213e+13
3974.7467 8.6214e+13 8.6214e+13
3974.7569 8.6215e+13 8.6214e+13
3974.7672 8.6215e+13 8.6215e+13
3974.7774 8.6215e+13 8.6215e+13
3974.7876 8.6216e+13 8.6216e+13
3974.7978 8.6216e+13 8.6216e+13
3974.8081 8.6217e+13 8.6217e+13
3974.8183 8.6217e+13 8.6217e+13
3974.8285 8.6218e+13 8.6218e+13
3974.8387 8.6218e+13 8.6218e+13
3974.8490 8.6219e+13 8.6219e+13
3974.8592 8.6219e+13 8.6219e+13
3974.8694 8.6220e+13 8.6220e+13
3974.8796 8.6220e+13 8.6220e+13
3974.8899 8.6221e+13 8.6221e+13
3974.9001 8.6221e+13 8.6221e+13
3974.9103 8.6222e+13 8.6222e+13
3974.9205 8.6222e+13 8.6222e+13
3974.9308 8.6223e+13 8.6223e+13
3974.9410 8.6223e+13 8.6223e+13
3974.9512 8.6224e+13 8.6224e+13
3974.9614 8.6224e+13 8.6224e+13
3974.9716 8.6225e+13 8.6225e+13
3974.9819 8.6225e+13 8.6225e+13
3974.9921 8.6226e+13 8.6226e+13
3975.0023 8.6226e+13 8.6226e+13
3975.0125 8.6227e+13 8.6227e+13
3975.0228 8.6227e+13 8.6227e+13
3975.0330 8.6228e+13 8.6228e+13
3975.0432 8.6228e+13 8.6228e+13
3975.0534 8.6229e+13 8.6229e+13
3975.0637 8.6229e+13 8.6229e+13
3975.0739 8.6230e+13 8.6230e+13
3975.0841 8.6230e+13 8.6230e+13
3975.0943 8.6231e+13 8.6231e+13
3975.1046 8.6231e+13 8.6231e+13
3975.1148 8.6232e+13 8.6232e+13
3975.1250 8.6232e+13 8.6232e+13
3975.1352 8.6233e+13 8.6233e+13
3975.1455 8.6233e+13 8.6233e+13
3975.1557 8.6234e+13 8.6234e+13
3975.1659 8.6234e+13 8.6234e+13
3975.1761 8.6235e+13 8.6235e+13
3975.1863 8.6235e+13 8.6235e+13
3975.1966 8.6236e+13 8.6236e+13
3975.2068 8.6236e+13 8.6236e+13
3975.2170 8.6237e+13 8.6237e+13
3975.2272 8.6237e+13 8.6237e+13
3975.2375 8.6238e+13 8.6238e+13
3975.2477 8.6238e+13 8.6238e+13
3975.2579 8.6239e+13 8.6239e+13
3975.2681 8.6239e+13 8.6239e+13
3975.2784 8.6240e+13 8.6240e+13
3975.2886 8.6240e+13 8.6240e+13
3975.2988 8.6241e+13 8.6241e+13
3975.3090 8.6241e+13 8.6241e+13
3975.3193 8.6242e+13 8.6242e+13
3975.3295 8.6242e+13 8.6242e+13
3975.3397 8.6243e+13 8.6243e+13
3975.3499 8.6243e+13 8.6243e+13
3975.3602 8.6244e+13 8.6244e+13
3975.3704 8.6244e+13 8.6244e+13
3975.3806 8.6245e+13 8.6245e+13
3975.3908 8.6245e+13 8.6245e+13
3975.4010 8.6246e+13 8.6246e+13
3975.4113 8.6246e+13 8.6246e+13
3975.4215 8.6247e+13 8.6247e+13
3975.4317 8.6247e+13 8.6247e+13
3975.4419 8.6248e+13 8.6248e+13
3975.4522 8.6248e+13 8.6248e+13
3975.4624 8.6249e+13 8.6249e+13
3975.4726 8.6249e+13 8.6249e+13
3975.4828 8.6250e+13 8.6250e+13
3975.4931 8.6250e+13 8.6250e+13
3975.5033 8.6251e+13 8.6251e+13
3975.5135 8.6251e+13 8.6251e+13
3975.5237 8.6252e+13 8.6252e+13
3975.5340 8.6252e+13 8.6252e+13
3975.5442 8.6253e+13 8.6253e+13
3975.5544 8.6253e+13 8.6253e+13
3975.5646 8.6254e+13 8.6254e+13
3975.5749 8.6254e+13 8.6254e+13
3975.5851 8.6255e+13 8.6255e+13
3975.5953 8.6255e+13 8.6255e+13
3975.6055 8.6256e+13 8.6256e+13
3975.6157 8.6256e+13 8.6256e+13
3975.6260 8.6257e+13 8.6257e+13
3975.6362 8.6257e+13 8.6257e+13
3975.6464 8.6258e+13 8.6258e+13
3975.6566 8.6258e+13 8.6258e+13
3975.6669 8.6259e+13 8.6259e+13
3975.6771 8.6259e+13 8.6259e+13
3975.6873 8.6260e+13 8.6260e+13
3975.6975 8.6260e+13 8.6260e+13
3975.7078 8.6261e+13 8.6261e+13
3975.7180 8.6261e+13 8.6261e+13
3975.7282 8.6262e+13 8.6262e+13
3975.7384 8.6262e+13 8.6262e+13
3975.7487 8.6263e+13 8.6263e+13
3975.7589 8.6263e+13 8.6263e+13
3975.7691 8.6264e+13 8.6264e+13
3975.7793 8.6264e+13 8.6264e+13
3975.7896 8.6265e+13 8.6265e+13
3975.7998 8.6265e+13 8.6265e+13
3975.8100 8.6266e+13 8.6266e+13
3975.8202 8.6266e+13 8.6266e+13
3975.8304 8.6267e+13 8.6267e+13
3975.8407 8.6267e+13 8.6267e+13
3975.8509 8.6268e+13 8.6268e+13
3975.8611 8.6268e+13 8.6268e+13
3975.8713 8.6269e+13 8.6269e+13
3975.8816 8.6269e+13 8.6269e+13
3975.8918 8.6270e+13 8.6270e+13
3975.9020 8.6270e+13 8.6270e+13
3975.9122 8.6271e+13 8.6271e+13
3975.9225 8.6271e+13 8.6271e+13
3975.9327 8.6272e+13 8.6272e+13
3975.9429 8.6272e+13 8.6272e+13
3975.9531 8.6273e+13 8.6273e+13
3975.9634 8.6273e+13 8.6273e+13
3975.9736 8.6274e+13 8.6274e+13
3975.9838 8.6274e+13 8.6274e+13
3975.9940 8.6275e+13 8.6275e+13
3976.0043 8.6275e+13 8.6275e+13
3976.0145 8.6276e+13 8.6276e+13
3976.0247 8.6276e+13 8.6276e+13
3976.0349 8.6277e+13 8.6277e+13
3976.0451 8.6277e+13 8.6277e+13
3976.0554 8.6278e+13 8.6278e+13
3976.0656 8.6278e+13 8.6278e+13
3976.0758 8.6279e+13 8.6279e+13
3976.0860 8.6279e+13 8.6279e+13
3976.0963 8.6280e+13 8.6280e+13
3976.1065 8.6280e+13 8.6280e+13
3976.1167 8.6281e+13 8.6281e+13
3976.1269 8.6281e+13 8.6281e+13
3976.1372 8.6282e+13 8.6282e+13
3976.1474 8.6282e+13 8.6282e+13
3976.1576 8.6283e+13 8.6283e+13
3976.1678 8.6283e+13 8.6283e+13
3976.1781 8.6284e+13 8.6284e+13
3976.1883 8.6284e+13 8.6284e+13
3976.1985 8.6285e+13 8.6285e+13
3976.2087 8.6285e+13 8.6285e+13
3976.2190 8.6286e+13 8.6286e+13
3976.2292 8.6286e+13 8.6286e+13
3976.2394 8.6287e+13 8.6287e+13
3976.2496 8.6287e+13 8.6287e+13
3976.2598 8.6288e+13 8.6288e+13
3976.2701 8.6288e+13 8.6288e+13
3976.2803 8.6289e+13 8.6289e+13
3976.2905 8.6289e+13 8.6289e+13
3976.3007 8.6290e+13 8.6290e+13
3976.3110 8.6290e+13 8.6290e+13
3976.3212 8.6291e+13 8.6291e+13
3976.3314 8.6291e+13 8.6291e+13
3976.3416 8.6292e+13 8.6292e+13
3976.3519 8.6292e+13 8.6292e+13
3976.3621 8.6293e+13 8.6293e+13
3976.3723 8.6293e+13 8.6293e+13
3976.3825 8.6294e+13 8.6294e+13
3976.3928 8.6294e+13 8.6294e+13
3976.4030 8.6295e+13 8.6295e+13
3976.4132 8.6295e+13 8.6295e+13
3976.4234 8.6296e+13 8.6296e+13
3976.4337 8.6296e+13 8.6296e+13
3976.4439 8.6297e+13 8.6297e+13
3976.4541 8.6297e+13 8.6297e+13
3976.4643 8.6298e+13 8.6298e+13
3976.4745 8.6298e+13 8.6298e+13
3976.4848 8.6299e+13 8.6299e+13
3976.4950 8.6299e+13 8.6299e+13
3976.5052 8.6300e+13 8.6300e+13
3976.5154 8.6300e+13 8.6300e+13
3976.5257 8.6301e+13 8.6301e+13
3976.5359 8.6301e+13 8.6301e+13
3976.5461 8.6302e+13 8.6302e+13
3976.5563 8.6302e+13 8.6302e+13
3976.5666 8.6303e+13 8.6303e+13
3976.5768 8.6303e+13 8.6303e+13
3976.5870 8.6304e+13 8.6304e+13
3976.5972 8.6304e+13 8.6304e+13
3976.6075 8.6305e+13 8.6305e+13
3976.6177 8.6305e+13 8.6305e+13
3976.6279 8.6306e+13 8.6306e+13
3976.6381 8.6306e+13 8.6306e+13
3976.6484 8.6307e+13 8.6307e+13
3976.6586 8.6307e+13 8.6307e+13
3976.6688 8.6308e+13 8.6308e+13
3976.6790 8.6308e+13 8.6308e+13
3976.6892 8.6309e+13 8.6308e+13
3976.6995 8.6309e+13 8.6309e+13
3976.7097 8.6310e+13 8.6309e+13
3976.7199 8.6310e+13 8.6310e+13
3976.7301 8.6311e+13 8.6310e+13
3976.7404 8.6311e+13 8.6311e+13
3976.7506 8.6312e+13 8.6311e+13
3976.7608 8.6312e+13 8.6312e+13
3976.7710 8.6313e+13 8.6312e+13
3976.7813 8.6313e+13 8.6313e+13
3976.7915 8.6314e+13 8.6313e+13
3976.8017 8.6314e+13 8.6314e+13
3976.8119 8.6315e+13 8.6314e+13
3976.8222 8.6315e+13 8.6315e+13
3976.8324 8.6316e+13 8.6315e+13
3976.8426 8.6316e+13 8.6316e+13
3976.8528 8.6316e+13 8.6316e+13
3976.8631 8.6317e+13 8.6317e+13
3976.8733 8.6317e+13 8.6317e+13
3976.8835 8.6318e+13 8.6318e+13
3976.8937 8.6318e+13 8.6318e+13
3976.9039 8.6319e+13 8.6319e+13
3976.9142 8.6319e+13 8.6319e+13
3976.9244 8.6320e+13 8.6320e+13
3976.9346 8.6320e+13 8.6320e+13
3976.9448 8.6321e+13 8.6321e+13
3976.9551 8.6321e+13 8.6321e+13
3976.9653 8.6322e+13 8.6322e+13
3976.9755 8.6322e+13 8.6322e+13
3976.9857 8.6323e+13 8.6323e+13
3976.9960 8.6323e+13 8.6323e+13
3977.0062 8.6324e+13 8.6324e+13
3977.0164 8.6324e+13 8.6324e+13
3977.0266 8.6325e+13 8.6325e+13
3977.0369 8.6325e+13 8.6325e+13
3977.0471 8.6326e+13 8.6326e+13
3977.0573 8.6326e+13 8.6326e+13
3977.0675 8.6327e+13 8.6327e+13
3977.0778 8.6327e+13 8.6327e+13
3977.0880 8.6328e+13 8.6328e+13
3977.0982 8.6328e+13 8.6328e+13
3977.1084 8.6329e+13 8.6329e+13
3977.1186 8.6329e+13 8.6329e+13
3977.1289 8.6330e+13 8.6330e+13
3977.1391 8.6330e+13 8.6330e+13
3977.1493 8.6331e+13 8.6331e+13
3977.1595 8.6331e+13 8.6331e+13
3977.1698 8.6332e+13 8.6332e+13
3977.1800 8.6332e+13 8.6332e+13
3977.1902 8.6333e+13 8.6333e+13
3977.2004 8.6333e+13 8.6333e+13
3977.2107 8.6334e+13 8.6334e+13
3977.2209 8.6334e+13 8.6334e+13
3977.2311 8.6335e+13 8.6335e+13
3977.2413 8.6335e+13 8.6335e+13
3977.2516 8.6336e+13 8.6336e+13
3977.2618 8.6336e+13 8.6336e+13
3977.2720 8.6337e+13 8.6337e+13
3977.2822 8.6337e+13 8.6337e+13
3977.2925 8.6338e+13 8.6338e+13
3977.3027 8.6338e+13 8.6338e+13
3977.3129 8.6339e+13 8.6339e+13
3977.3231 8.6339e+13 8.6339e+13
3977.3333 8.6340e+13 8.6340e+13
3977.3436 8.6340e+13 8.6340e+13
3977.3538 8.6341e+13 8.6341e+13
3977.3640 8.6341e+13 8.6341e+13
3977.3742 8.6342e+13 8.6342e+13
3977.3845 8.6342e+13 8.6342e+13
3977.3947 8.6343e+13 8.6343e+13
3977.4049 8.6343e+13 8.6343e+13
3977.4151 8.6344e+13 8.6344e+13
3977.4254 8.6344e+13 8.6344e+13
3977.4356 8.6345e+13 8.6345e+13
3977.4458 8.6345e+13 8.6345e+13
3977.4560 8.6346e+13 8.6346e+13
3977.4663 8.6346e+13 8.6346e+13
3977.4765 8.6347e+13 8.6347e+13
3977.4867 8.6347e+13 8.6347e+13
3977.4969 8.6348e+13 8.6348e+13
3977.5072 8.6348e+13 8.6348e+13
3977.5174 8.6349e+13 8.6349e+13
3977.5276 8.6349e+13 8.6349e+13
3977.5378 8.6350e+13 8.6350e+13
3977.5480 8.6350e+13 8.6350e+13
3977.5583 8.6351e+13 8.6351e+13
3977.5685 8.6351e+13 8.6351e+13
3977.5787 8.6352e+13 8.6352e+13
3977.5889 8.6352e+13 8.6352e+13
3977.5992 8.6353e+13 8.6353e+13
3977.6094 8.6353e+13 8.6353e+13
3977.6196 8.6354e+13 8.6354e+13
3977.6298 8.6354e+13 8.6354e+13
3977.6401 8.6355e+13 8.6355e+13
3977.6503 8.6355e+13 8.6355e+13
3977.6605 8.6356e+13 8.6356e+13
3977.6707 8.6356e+13 8.6356e+13
3977.6810 8.6357e+13 8.6357e+13
3977.6912 8.6357e+13 8.6357e+13
3977.7014 8.6358e+13 8.6358e+13
3977.7116 8.6358e+13 8.6358e+13
3977.7219 8.6359e+13 8.6359e+13
3977.7321 8.6359e+13 8.6359e+13
3977.7423 8.6360e+13 8.6360e+13
3977.7525 8.6360e+13 8.6360e+13
3977.7627 8.6361e+13 8.6361e+13
3977.7730 8.6361e+13 8.6361e+13
3977.7832 8.6362e+13 8.6362e+13
3977.7934 8.6362e+13 8.6362e+13
3977.8036 8.6363e+13 8.6363e+13
3977.8139 8.6363e+13 8.6363e+13
3977.8241 8.6364e+13 8.6364e+13
3977.8343 8.6364e+13 8.6364e+13
3977.8445 8.6365e+13 8.6365e+13
3977.8548 8.6365e+13 8.6365e+13
3977.8650 8.6366e+13 8.6366e+13
3977.8752 8.6366e+13 8.6366e+13
3977.8854 8.6367e+13 8.6367e+13
3977.8957 8.6367e+13 8.6367e+13
3977.9059 8.6368e+13 8.6368e+13
3977.9161 8.6368e+13 8.6368e+13
3977.9263 8.6369e+13 8.6369e+13
3977.9366 8.6369e+13 8.6369e+13
3977.9468 8.6370e+13 8.6370e+13
3977.9570 8.6370e+13 8.6370e+13
3977.9672 8.6371e+13 8.6371e+13
3977.9774 8.6371e+13 8.6371e+13
3977.9877 8.6372e+13 8.6372e+13
3977.9979 8.6372e+13 8.6372e+13
3978.0081 8.6373e+13 8.6373e+13
3978.0183 8.6373e+13 8.6373e+13
3978.0286 8.6374e+13 8.6374e+13
3978.0388 8.6374e+13 8.6374e+13
3978.0490 8.6375e+13 8.6375e+13
3978.0592 8.6375e+13 8.6375e+13
3978.0695 8.6376e+13 8.6376e+13
3978.0797 8.6376e+13 8.6376e+13
3978.0899 8.6377e+13 8.6377e+13
3978.1001 8.6377e+13 8.6377e+13
3978.1104 8.6378e+13 8.6378e+13
3978.1206 8.6378e+13 8.6378e+13
3978.1308 8.6379e+13 8.6379e+13
3978.1410 8.6379e+13 8.6379e+13
3978.1513 8.6380e+13 8.6380e+13
3978.1615 8.6380e+13 8.6380e+13
3978.1717 8.6381e+13 8.6381e+13
3978.1819 8.6381e+13 8.6381e+13
3978.1921 8.6382e+13 8.6382e+13
3978.2024 8.6382e+13 8.6382e+13
3978.2126 8.6383e+13 8.6383e+13
3978.2228 8.6383e+13 8.6383e+13
3978.2330 8.6384e+13 8.6384e+13
3978.2433 8.6384e+13 8.6384e+13
3978.2535 8.6385e+13 8.6385e+13
3978.2637 8.6385e+13 8.6385e+13
3978.2739 8.6386e+13 8.6386e+13
3978.2842 8.6386e+13 8.6386e+13
3978.2944 8.6387e+13 8.6387e+13
3978.3046 8.6387e+13 8.6387e+13
3978.3148 8.6388e+13 8.6388e+13
3978.3251 8.6388e+13 8.6388e+13
3978.3353 8.6389e+13 8.6389e+13
3978.3455 8.6389e+13 8.6389e+13
3978.3557 8.6390e+13 8.6390e+13
3978.3660 8.6390e+13 8.6390e+13
3978.3762 8.6391e+13 8.6391e+13
3978.3864 8.6391e+13 8.6391e+13
3978.3966 8.6392e+13 8.6392e+13
3978.4068 8.6392e+13 8.6392e+13
3978.4171 8.6393e+13 8.6393e+13
3978.4273 8.6393e+13 8.6393e+13
3978.4375 8.6394e+13 8.6394e+13
3978.4477 8.6394e+13 8.6394e+13
3978.4580 8.6395e+13 8.6395e+13
3978.4682 8.6395e+13 8.6395e+13
3978.4784 8.6396e+13 8.6395e+13
3978.4886 8.6396e+13 8.6396e+13
3978.4989 8.6397e+13 8.6396e+13
3978.5091 8.6397e+13 8.6397e+13
3978.5193 8.6398e+13 8.6397e+13
3978.5295 8.6398e+13 8.6398e+13
3978.5398 8.6399e+13 8.6398e+13
3978.5500 8.6399e+13 8.6399e+13
3978.5602 8.6400e+13 8.6399e+13
3978.5704 8.6400e+13 8.6400e+13
3978.5807 8.6401e+13 8.6400e+13
3978.5909 8.6401e+13 8.6401e+13
3978.6011 8.6401e+13 8.6401e+13
3978.6113 8.6402e+13 8.6402e+13
3978.6215 8.6402e+13 8.6402e+13
3978.6318 8.6403e+13 8.6403e+13
3978.6420 8.6403e+13 8.6403e+13
3978.6522 8.6404e+13 8.6404e+13
3978.6624 8.6404e+13 8.6404e+13
3978.6727 8.6405e+13 8.6405e+13
3978.6829 8.6405e+13 8.6405e+13
3978.6931 8.6406e+13 8.6406e+13
3978.7033 8.6406e+13 8.6406e+13
3978.7136 8.6407e+13 8.6407e+13
3978.7238 8.6407e+13 8.6407e+13
3978.7340 8.6408e+13 8.6408e+13
3978.7442 8.6408e+13 8.6408e+13
3978.7545 8.6409e+13 8.6409e+13
3978.7647 8.6409e+13 8.6409e+13
3978.7749 8.6410e+13 8.6410e+13
3978.7851 8.6410e+13 8.6410e+13
3978.7954 8.6411e+13 8.6411e+13
3978.8056 8.6411e+13 8.6411e+13
3978.8158 8.6412e+13 8.6412e+13
3978.8260 8.6412e+13 8.6412e+13
3978.8362 8.6413e+13 8.6413e+13
3978.8465 8.6413e+13 8.6413e+13
3978.8567 8.6414e+13 8.6414e+13
3978.8669 8.6414e+13 8.6414e+13
3978.8771 8.6415e+13 8.6415e+13
3978.8874 8.6415e+13 8.6415e+13
3978.8976 8.6416e+13 8.6416e+13
3978.9078 8.6416e+13 8.6416e+13
3978.9180 8.6417e+13 8.6417e+13
3978.9283 8.6417e+13 8.6417e+13
3978.9385 8.6418e+13 8.6418e+13
3978.9487 8.6418e+13 8.6418e+13
3978.9589 8.6419e+13 8.6419e+13
3978.9692 8.6419e+13 8.6419e+13
3978.9794 8.6420e+13 8.6420e+13
3978.9896 8.6420e+13 8.6420e+13
3978.9998 8.6421e+13 8.6421e+13
3979.0101 8.6421e+13 8.6421e+13
3979.0203 8.6422e+13 8.6422e+13
3979.0305 8.6422e+13 8.6422e+13
3979.0407 8.6423e+13 8.6423e+13
3979.0509 8.6423e+13 8.6423e+13
3979.0612 8.6424e+13 8.6424e+13
3979.0714 8.6424e+13 8.6424e+13
3979.0816 8.6425e+13 8.6425e+13
3979.0918 8.6425e+13 8.6425e+13
3979.1021 8.6426e+13 8.6426e+13
3979.1123 8.6426e+13 8.6426e+13
3979.1225 8.6427e+13 8.6427e+13
3979.1327 8.6427e+13 8.6427e+13
3979.1430 8.6428e+13 8.6428e+13
3979.1532 8.6428e+13 8.6428e+13
3979.1634 8.6429e+13 8.6429e+13
3979.1736 8.6429e+13 8.6429e+13
3979.1839 8.6430e+13 8.6430e+13
3979.1941 8.6430e+13 8.6430e+13
3979.2043 8.6431e+13 8.6431e+13
3979.2145 8.6431e+13 8.6431e+13
3979.2248 8.6432e+13 8.6432e+13
3979.2350 8.6432e+13 8.6432e+13
3979.2452 8.6433e+13 8.6433e+13
3979.2554 8.6433e+13 8.6433e+13
3979.2656 8.6434e+13 8.6434e+13
3979.2759 8.6434e+13 8.6434e+13
3979.2861 8.6435e+13 8.6435e+13
3979.2963 8.6435e+13 8.6435e+13
3979.3065 8.6436e+13 8.6436e+13
3979.3168 8.6436e+13 8.6436e+13
3979.3270 8.6437e+13 8.6437e+13
3979.3372 8.6437e+13 8.6437e+13
3979.3474 8.6438e+13 8.6438e+13
3979.3577 8.6438e+13 8.6438e+13
3979.3679 8.6439e+13 8.6439e+13
3979.3781 8.6439e+13 8.6439e+13
3979.3883 8.6440e+13 8.6440e+13
3979.3986 8.6440e+13 8.6440e+13
3979.4088 8.6441e+13 8.6441e+13
3979.4190 8.6441e+13 8.6441e+13
3979.4292 8.6442e+13 8.6442e+13
3979.4395 8.6442e+13 8.6442e+13
3979.4497 8.6443e+13 8.6443e+13
3979.4599 8.6443e+13 8.6443e+13
3979.4701 8.6444e+13 8.6444e+13
3979.4803 8.6444e+13 8.6444e+13
3979.4906 8.6445e+13 8.6445e+13
3979.5008 8.6445e+13 8.6445e+13
3979.5110 8.6446e+13 8.6446e+13
3979.5212 8.6446e+13 8.6446e+13
3979.5315 8.6447e+13 8.6447e+13
3979.5417 8.6447e+13 8.6447e+13
3979.5519 8.6448e+13 8.6448e+13
3979.5621 8.6448e+13 8.6448e+13
3979.5724 8.6449e+13 8.6449e+13
3979.5826 8.6449e+13 8.6449e+13
3979.5928 8.6450e+13 8.6450e+13
3979.6030 8.6450e+13 8.6450e+13
3979.6133 8.6451e+13 8.6451e+13
3979.6235 8.6451e+13 8.6451e+13
3979.6337 8.6452e+13 8.6452e+13
3979.6439 8.6452e+13 8.6452e+13
3979.6542 8.6453e+13 8.6453e+13
3979.6644 8.6453e+13 8.6453e+13
3979.6746 8.6454e+13 8.6454e+13
3979.6848 8.6454e+13 8.6454e+13
3979.6950 8.6455e+13 8.6455e+13
3979.7053 8.6455e+13 8.6455e+13
3979.7155 8.6456e+13 8.6456e+13
3979.7257 8.6456e+13 8.6456e+13
3979.7359 8.6457e+13 8.6457e+13
3979.7462 8.6457e+13 8.6457e+13
3979.7564 8.6458e+13 8.6458e+13
3979.7666 8.6458e+13 8.6458e+13
3979.7768 8.6459e+13 8.6459e+13
3979.7871 8.6459e+13 8.6459e+13
3979.7973 8.6460e+13 8.6460e+13
3979.8075 8.6460e+13 8.6460e+13
3979.8177 8.6461e+13 8.6461e+13
3979.8280 8.6461e+13 8.6461e+13
3979.8382 8.6462e+13 8.6462e+13
3979.8484 8.6462e+13 8.6462e+13
3979.8586 8.6463e+13 8.6463e+13
3979.8689 8.6463e+13 8.6463e+13
3979.8791 8.6464e+13 8.6464e+13
3979.8893 8.6464e+13 8.6464e+13
3979.8995 8.6465e+13 8.6465e+13
3979.9098 8.6465e+13 8.6465e+13
3979.9200 8.6466e+13 8.6466e+13
3979.9302 8.6466e+13 8.6466e+13
3979.9404 8.6467e+13 8.6467e+13
3979.9506 8.6467e+13 8.6467e+13
3979.9609 8.6468e+13 8.6468e+13
3979.9711 8.6468e+13 8.6468e+13
3979.9813 8.6469e+13 8.6469e+13
3979.9915 8.6469e+13 8.6469e+13
3980.0018 8.6470e+13 8.6470e+13
3980.0120 8.6470e+13 8.6470e+13
3980.0222 8.6471e+13 8.6470e+13
3980.0324 8.6471e+13 8.6471e+13
3980.0427 8.6472e+13 8.6471e+13
3980.0529 8.6472e+13 8.6472e+13
3980.0631 8.6473e+13 8.6472e+13
3980.0733 8.6473e+13 8.6473e+13
3980.0836 8.6474e+13 8.6473e+13
3980.0938 8.6474e+13 8.6474e+13
3980.1040 8.6475e+13 8.6474e+13
3980.1142 8.6475e+13 8.6475e+13
3980.1245 8.6475e+13 8.6475e+13
3980.1347 8.6476e+13 8.6476e+13
3980.1449 8.6476e+13 8.6476e+13
3980.1551 8.6477e+13 8.6477e+13
3980.1653 8.6477e+13 8.6477e+13
3980.1756 8.6478e+13 8.6478e+13
3980.1858 8.6478e+13 8.6478e+13
3980.1960 8.6479e+13 8.6479e+13
3980.2062 8.6479e+13 8.6479e+13
3980.2165 8.6480e+13 8.6480e+13
3980.2267 8.6480e+13 8.6480e+13
3980.2369 8.6481e+13 8.6481e+13
3980.2471 8.6481e+13 8.6481e+13
3980.2574 8.6482e+13 8.6482e+13
3980.2676 8.6482e+13 8.6482e+13
3980.2778 8.6483e+13 8.6483e+13
3980.2880 8.6483e+13 8.6483e+13
3980.2983 8.6484e+13 8.6484e+13
3980.3085 8.6484e+13 8.6484e+13
3980.3187 8.6485e+13 8.6485e+13
