# Wavelength(Å) I_cont(erg/s/cm2/Å/sr) I_abs(erg/s/cm2/Å/sr)
3958.9060 2.8740e+14 2.8731e+14
3958.9172 2.8740e+14 2.8731e+14
3958.9284 2.8740e+14 2.8732e+14
3958.9396 2.8741e+14 2.8732e+14
3958.9508 2.8741e+14 2.8732e+14
3958.9620 2.8741e+14 2.8732e+14
3958.9732 2.8741e+14 2.8732e+14
3958.9844 2.8741e+14 2.8732e+14
3958.9956 2.8741e+14 2.8732e+14
3959.0068 2.8741e+14 2.8732e+14
3959.0180 2.8741e+14 2.8732e+14
3959.0292 2.8741e+14 2.8732e+14
3959.0404 2.8741e+14 2.8732e+14
3959.0516 2.8741e+14 2.8732e+14
3959.0628 2.8741e+14 2.8733e+14
3959.0740 2.8742e+14 2.8733e+14
3959.0852 2.8742e+14 2.8733e+14
3959.0964 2.8742e+14 2.8733e+14
3959.1076 2.8742e+14 2.8733e+14
3959.1188 2.8742e+14 2.8733e+14
3959.1300 2.8742e+14 2.8733e+14
3959.1412 2.8742e+14 2.8733e+14
3959.1524 2.8742e+14 2.8733e+14
3959.1636 2.8742e+14 2.8733e+14
3959.1748 2.8742e+14 2.8733e+14
3959.1860 2.8742e+14 2.8733e+14
3959.1972 2.8743e+14 2.8734e+14
3959.2084 2.8743e+14 2.8734e+14
3959.2196 2.8743e+14 2.8734e+14
3959.2308 2.8743e+14 2.8734e+14
3959.2420 2.8743e+14 2.8734e+14
3959.2532 2.8743e+14 2.8734e+14
3959.2644 2.8743e+14 2.8734e+14
3959.2756 2.8743e+14 2.8734e+14
3959.2868 2.8743e+14 2.8734e+14
3959.2980 2.8743e+14 2.8734e+14
3959.3092 2.8743e+14 2.8734e+14
3959.3204 2.8743e+14 2.8734e+14
3959.3316 2.8744e+14 2.8735e+14
3959.3428 2.8744e+14 2.8735e+14
3959.3540 2.8744e+14 2.8735e+14
3959.3652 2.8744e+14 2.8735e+14
3959.3764 2.8744e+14 2.8735e+14
3959.3876 2.8744e+14 2.8735e+14
3959.3988 2.8744e+14 2.8735e+14
3959.4100 2.8744e+14 2.8735e+14
3959.4212 2.8744e+14 2.8735e+14
3959.4324 2.8744e+14 2.8735e+14
3959.4436 2.8744e+14 2.8735e+14
3959.4548 2.8745e+14 2.8735e+14
3959.4660 2.8745e+14 2.8736e+14
3959.4772 2.8745e+14 2.8736e+14
3959.4884 2.8745e+14 2.8736e+14
3959.4996 2.8745e+14 2.8736e+14
3959.5108 2.8745e+14 2.8736e+14
3959.5220 2.8745e+14 2.8736e+14
3959.5332 2.8745e+14 2.8736e+14
3959.5444 2.8745e+14 2.8736e+14
3959.5556 2.8745e+14 2.8736e+14
3959.5668 2.8745e+14 2.8736e+14
3959.5779 2.8745e+14 2.8736e+14
3959.5891 2.8746e+14 2.8736e+14
3959.6003 2.8746e+14 2.8737e+14
3959.6115 2.8746e+14 2.8737e+14
3959.6227 2.8746e+14 2.8737e+14
3959.6339 2.8746e+14 2.8737e+14
3959.6451 2.8746e+14 2.8737e+14
3959.6563 2.8746e+14 2.8737e+14
3959.6675 2.8746e+14 2.8737e+14
3959.6787 2.8746e+14 2.8737e+14
3959.6899 2.8746e+14 2.8737e+14
3959.7011 2.8746e+14 2.8737e+14
3959.7123 2.8747e+14 2.8737e+14
3959.7235 2.8747e+14 2.8737e+14
3959.7347 2.8747e+14 2.8738e+14
3959.7459 2.8747e+14 2.8738e+14
3959.7571 2.8747e+14 2.8738e+14
3959.7683 2.8747e+14 2.8738e+14
3959.7795 2.8747e+14 2.8738e+14
3959.7907 2.8747e+14 2.8738e+14
3959.8019 2.8747e+14 2.8738e+14
3959.8131 2.8747e+14 2.8738e+14
3959.8243 2.8747e+14 2.8738e+14
3959.8355 2.8747e+14 2.8738e+14
3959.8467 2.8748e+14 2.8738e+14
3959.8579 2.8748e+14 2.8738e+14
3959.8691 2.8748e+14 2.8739e+14
3959.8803 2.8748e+14 2.8739e+14
3959.8915 2.8748e+14 2.8739e+14
3959.9027 2.8748e+14 2.8739e+14
3959.9139 2.8748e+14 2.8739e+14
3959.9251 2.8748e+14 2.8739e+14
3959.9363 2.8748e+14 2.8739e+14
3959.9475 2.8748e+14 2.8739e+14
3959.9587 2.8748e+14 2.8739e+14
3959.9699 2.8749e+14 2.8739e+14
3959.9811 2.8749e+14 2.8739e+14
3959.9923 2.8749e+14 2.8739e+14
3960.0035 2.8749e+14 2.8740e+14
3960.0147 2.8749e+14 2.8740e+14
3960.0259 2.8749e+14 2.8740e+14
3960.0371 2.8749e+14 2.8740e+14
3960.0483 2.8749e+14 2.8740e+14
3960.0595 2.8749e+14 2.8740e+14
3960.0707 2.8749e+14 2.8740e+14
3960.0819 2.8749e+14 2.8740e+14
3960.0931 2.8749e+14 2.8740e+14
3960.1043 2.8750e+14 2.8740e+14
3960.1155 2.8750e+14 2.8740e+14
3960.1267 2.8750e+14 2.8740e+14
3960.1379 2.8750e+14 2.8741e+14
3960.1491 2.8750e+14 2.8741e+14
3960.1603 2.8750e+14 2.8741e+14
3960.1715 2.8750e+14 2.8741e+14
3960.1827 2.8750e+14 2.8741e+14
3960.1939 2.8750e+14 2.8741e+14
3960.2051 2.8750e+14 2.8741e+14
3960.2163 2.8750e+14 2.8741e+14
3960.2275 2.8751e+14 2.8741e+14
3960.2387 2.8751e+14 2.8741e+14
3960.2499 2.8751e+14 2.8741e+14
3960.2611 2.8751e+14 2.8741e+14
3960.2723 2.8751e+14 2.8742e+14
3960.2835 2.8751e+14 2.8742e+14
3960.2947 2.8751e+14 2.8742e+14
3960.3059 2.8751e+14 2.8742e+14
3960.3171 2.8751e+14 2.8742e+14
3960.3283 2.8751e+14 2.8742e+14
3960.3395 2.8751e+14 2.8742e+14
3960.3507 2.8751e+14 2.8742e+14
3960.3619 2.8752e+14 2.8742e+14
3960.3731 2.8752e+14 2.8742e+14
3960.3843 2.8752e+14 2.8742e+14
3960.3955 2.8752e+14 2.8742e+14
3960.4067 2.8752e+14 2.8743e+14
3960.4179 2.8752e+14 2.8743e+14
3960.4291 2.8752e+14 2.8743e+14
3960.4403 2.8752e+14 2.8743e+14
3960.4515 2.8752e+14 2.8743e+14
3960.4627 2.8752e+14 2.8743e+14
3960.4739 2.8752e+14 2.8743e+14
3960.4851 2.8753e+14 2.8743e+14
3960.4963 2.8753e+14 2.8743e+14
3960.5075 2.8753e+14 2.8743e+14
3960.5187 2.8753e+14 2.8743e+14
3960.5299 2.8753e+14 2.8743e+14
3960.5411 2.8753e+14 2.8743e+14
3960.5523 2.8753e+14 2.8744e+14
3960.5635 2.8753e+14 2.8744e+14
3960.5747 2.8753e+14 2.8744e+14
3960.5859 2.8753e+14 2.8744e+14
3960.5971 2.8753e+14 2.8744e+14
3960.6083 2.8753e+14 2.8744e+14
3960.6195 2.8754e+14 2.8744e+14
3960.6307 2.8754e+14 2.8744e+14
3960.6419 2.8754e+14 2.8744e+14
3960.6531 2.8754e+14 2.8744e+14
3960.6643 2.8754e+14 2.8744e+14
3960.6755 2.8754e+14 2.8744e+14
3960.6867 2.8754e+14 2.8745e+14
3960.6979 2.8754e+14 2.8745e+14
3960.7091 2.8754e+14 2.8745e+14
3960.7203 2.8754e+14 2.8745e+14
3960.7315 2.8754e+14 2.8745e+14
3960.7427 2.8755e+14 2.8745e+14
3960.7539 2.8755e+14 2.8745e+14
3960.7651 2.8755e+14 2.8745e+14
3960.7763 2.8755e+14 2.8745e+14
3960.7875 2.8755e+14 2.8745e+14
3960.7987 2.8755e+14 2.8745e+14
3960.8099 2.8755e+14 2.8745e+14
3960.8211 2.8755e+14 2.8746e+14
3960.8323 2.8755e+14 2.8746e+14
3960.8435 2.8755e+14 2.8746e+14
3960.8547 2.8755e+14 2.8746e+14
3960.8659 2.8755e+14 2.8746e+14
3960.8771 2.8756e+14 2.8746e+14
3960.8883 2.8756e+14 2.8746e+14
3960.8995 2.8756e+14 2.8746e+14
3960.9107 2.8756e+14 2.8746e+14
3960.9219 2.8756e+14 2.8746e+14
3960.9331 2.8756e+14 2.8746e+14
3960.9443 2.8756e+14 2.8746e+14
3960.9555 2.8756e+14 2.8747e+14
3960.9667 2.8756e+14 2.8747e+14
3960.9779 2.8756e+14 2.8747e+14
3960.9891 2.8756e+14 2.8747e+14
3961.0003 2.8757e+14 2.8747e+14
3961.0115 2.8757e+14 2.8747e+14
3961.0227 2.8757e+14 2.8747e+14
3961.0339 2.8757e+14 2.8747e+14
3961.0451 2.8757e+14 2.8747e+14
3961.0563 2.8757e+14 2.8747e+14
3961.0675 2.8757e+14 2.8747e+14
3961.0787 2.8757e+14 2.8747e+14
3961.0899 2.8757e+14 2.8748e+14
3961.1011 2.8757e+14 2.8748e+14
3961.1123 2.8757e+14 2.8748e+14
3961.1235 2.8757e+14 2.8748e+14
3961.1347 2.8758e+14 2.8748e+14
3961.1459 2.8758e+14 2.8748e+14
3961.1571 2.8758e+14 2.8748e+14
3961.1683 2.8758e+14 2.8748e+14
3961.1795 2.8758e+14 2.8748e+14
3961.1907 2.8758e+14 2.8748e+14
3961.2019 2.8758e+14 2.8748e+14
3961.2131 2.8758e+14 2.8748e+14
3961.2243 2.8758e+14 2.8749e+14
3961.2355 2.8758e+14 2.8749e+14
3961.2467 2.8758e+14 2.8749e+14
3961.2579 2.8759e+14 2.8749e+14
3961.2691 2.8759e+14 2.8749e+14
3961.2803 2.8759e+14 2.8749e+14
3961.2915 2.8759e+14 2.8749e+14
3961.3027 2.8759e+14 2.8749e+14
3961.3139 2.8759e+14 2.8749e+14
3961.3251 2.8759e+14 2.8749e+14
3961.3363 2.8759e+14 2.8749e+14
3961.3475 2.8759e+14 2.8749e+14
3961.3587 2.8759e+14 2.8750e+14
3961.3699 2.8759e+14 2.8750e+14
3961.3811 2.8759e+14 2.8750e+14
3961.3923 2.8760e+14 2.8750e+14
3961.4035 2.8760e+14 2.8750e+14
3961.4147 2.8760e+14 2.8750e+14
3961.4259 2.8760e+14 2.8750e+14
3961.4371 2.8760e+14 2.8750e+14
3961.4483 2.8760e+14 2.8750e+14
3961.4595 2.8760e+14 2.8750e+14
3961.4707 2.8760e+14 2.8750e+14
3961.4819 2.8760e+14 2.8750e+14
3961.4931 2.8760e+14 2.8751e+14
3961.5043 2.8760e+14 2.8751e+14
3961.5155 2.8761e+14 2.8751e+14
3961.5267 2.8761e+14 2.8751e+14
3961.5379 2.8761e+14 2.8751e+14
3961.5491 2.8761e+14 2.8751e+14
3961.5603 2.8761e+14 2.8751e+14
3961.5715 2.8761e+14 2.8751e+14
3961.5827 2.8761e+14 2.8751e+14
3961.5939 2.8761e+14 2.8751e+14
3961.6051 2.8761e+14 2.8751e+14
3961.6163 2.8761e+14 2.8751e+14
3961.6275 2.8761e+14 2.8752e+14
3961.6387 2.8761e+14 2.8752e+14
3961.6499 2.8762e+14 2.8752e+14
3961.6611 2.8762e+14 2.8752e+14
3961.6723 2.8762e+14 2.8752e+14
3961.6835 2.8762e+14 2.8752e+14
3961.6947 2.8762e+14 2.8752e+14
3961.7059 2.8762e+14 2.8752e+14
3961.7171 2.8762e+14 2.8752e+14
3961.7283 2.8762e+14 2.8752e+14
3961.7395 2.8762e+14 2.8752e+14
3961.7507 2.8762e+14 2.8752e+14
3961.7619 2.8762e+14 2.8753e+14
3961.7731 2.8763e+14 2.8753e+14
3961.7843 2.8763e+14 2.8753e+14
3961.7955 2.8763e+14 2.8753e+14
3961.8067 2.8763e+14 2.8753e+14
3961.8179 2.8763e+14 2.8753e+14
3961.8291 2.8763e+14 2.8753e+14
3961.8403 2.8763e+14 2.8753e+14
3961.8515 2.8763e+14 2.8753e+14
3961.8627 2.8763e+14 2.8753e+14
3961.8739 2.8763e+14 2.8753e+14
3961.8851 2.8763e+14 2.8753e+14
3961.8963 2.8763e+14 2.8754e+14
3961.9075 2.8764e+14 2.8754e+14
3961.9187 2.8764e+14 2.8754e+14
3961.9299 2.8764e+14 2.8754e+14
3961.9411 2.8764e+14 2.8754e+14
3961.9523 2.8764e+14 2.8754e+14
3961.9635 2.8764e+14 2.8754e+14
3961.9747 2.8764e+14 2.8754e+14
3961.9859 2.8764e+14 2.8754e+14
3961.9971 2.8764e+14 2.8754e+14
3962.0083 2.8764e+14 2.8754e+14
3962.0195 2.8764e+14 2.8754e+14
3962.0307 2.8765e+14 2.8754e+14
3962.0419 2.8765e+14 2.8755e+14
3962.0531 2.8765e+14 2.8755e+14
3962.0643 2.8765e+14 2.8755e+14
3962.0755 2.8765e+14 2.8755e+14
3962.0867 2.8765e+14 2.8755e+14
3962.0979 2.8765e+14 2.8755e+14
3962.1091 2.8765e+14 2.8755e+14
3962.1203 2.8765e+14 2.8755e+14
3962.1315 2.8765e+14 2.8755e+14
3962.1427 2.8765e+14 2.8755e+14
3962.1539 2.8765e+14 2.8755e+14
3962.1651 2.8766e+14 2.8755e+14
3962.1763 2.8766e+14 2.8756e+14
3962.1875 2.8766e+14 2.8756e+14
3962.1987 2.8766e+14 2.8756e+14
3962.2099 2.8766e+14 2.8756e+14
3962.2211 2.8766e+14 2.8756e+14
3962.2323 2.8766e+14 2.8756e+14
3962.2435 2.8766e+14 2.8756e+14
3962.2547 2.8766e+14 2.8756e+14
3962.2659 2.8766e+14 2.8756e+14
3962.2771 2.8766e+14 2.8756e+14
3962.2883 2.8766e+14 2.8756e+14
3962.2995 2.8767e+14 2.8756e+14
3962.3107 2.8767e+14 2.8757e+14
3962.3219 2.8767e+14 2.8757e+14
3962.3331 2.8767e+14 2.8757e+14
3962.3443 2.8767e+14 2.8757e+14
3962.3555 2.8767e+14 2.8757e+14
3962.3667 2.8767e+14 2.8757e+14
3962.3779 2.8767e+14 2.8757e+14
3962.3891 2.8767e+14 2.8757e+14
3962.4003 2.8767e+14 2.8757e+14
3962.4115 2.8767e+14 2.8757e+14
3962.4227 2.8768e+14 2.8757e+14
3962.4339 2.8768e+14 2.8757e+14
3962.4451 2.8768e+14 2.8758e+14
3962.4563 2.8768e+14 2.8758e+14
3962.4675 2.8768e+14 2.8758e+14
3962.4787 2.8768e+14 2.8758e+14
3962.4899 2.8768e+14 2.8758e+14
3962.5011 2.8768e+14 2.8758e+14
3962.5123 2.8768e+14 2.8758e+14
3962.5235 2.8768e+14 2.8758e+14
3962.5347 2.8768e+14 2.8758e+14
3962.5459 2.8768e+14 2.8758e+14
3962.5571 2.8769e+14 2.8758e+14
3962.5683 2.8769e+14 2.8758e+14
3962.5794 2.8769e+14 2.8759e+14
3962.5906 2.8769e+14 2.8759e+14
3962.6018 2.8769e+14 2.8759e+14
3962.6130 2.8769e+14 2.8759e+14
3962.6242 2.8769e+14 2.8759e+14
3962.6354 2.8769e+14 2.8759e+14
3962.6466 2.8769e+14 2.8759e+14
3962.6578 2.8769e+14 2.8759e+14
3962.6690 2.8769e+14 2.8759e+14
3962.6802 2.8770e+14 2.8759e+14
3962.6914 2.8770e+14 2.8759e+14
3962.7026 2.8770e+14 2.8759e+14
3962.7138 2.8770e+14 2.8760e+14
3962.7250 2.8770e+14 2.8760e+14
3962.7362 2.8770e+14 2.8760e+14
3962.7474 2.8770e+14 2.8760e+14
3962.7586 2.8770e+14 2.8760e+14
3962.7698 2.8770e+14 2.8760e+14
3962.7810 2.8770e+14 2.8760e+14
3962.7922 2.8770e+14 2.8760e+14
3962.8034 2.8770e+14 2.8760e+14
3962.8146 2.8771e+14 2.8760e+14
3962.8258 2.8771e+14 2.8760e+14
3962.8370 2.8771e+14 2.8760e+14
3962.8482 2.8771e+14 2.8761e+14
3962.8594 2.8771e+14 2.8761e+14
3962.8706 2.8771e+14 2.8761e+14
3962.8818 2.8771e+14 2.8761e+14
3962.8930 2.8771e+14 2.8761e+14
3962.9042 2.8771e+14 2.8761e+14
3962.9154 2.8771e+14 2.8761e+14
3962.9266 2.8771e+14 2.8761e+14
3962.9378 2.8772e+14 2.8761e+14
3962.9490 2.8772e+14 2.8761e+14
3962.9602 2.8772e+14 2.8761e+14
3962.9714 2.8772e+14 2.8761e+14
3962.9826 2.8772e+14 2.8762e+14
3962.9938 2.8772e+14 2.8762e+14
3963.0050 2.8772e+14 2.8762e+14
3963.0162 2.8772e+14 2.8762e+14
3963.0274 2.8772e+14 2.8762e+14
3963.0386 2.8772e+14 2.8762e+14
3963.0498 2.8772e+14 2.8762e+14
3963.0610 2.8772e+14 2.8762e+14
3963.0722 2.8773e+14 2.8762e+14
3963.0834 2.8773e+14 2.8762e+14
3963.0946 2.8773e+14 2.8762e+14
3963.1058 2.8773e+14 2.8762e+14
3963.1170 2.8773e+14 2.8763e+14
3963.1282 2.8773e+14 2.8763e+14
3963.1394 2.8773e+14 2.8763e+14
3963.1506 2.8773e+14 2.8763e+14
3963.1618 2.8773e+14 2.8763e+14
3963.1730 2.8773e+14 2.8763e+14
3963.1842 2.8773e+14 2.8763e+14
3963.1954 2.8774e+14 2.8763e+14
3963.2066 2.8774e+14 2.8763e+14
3963.2178 2.8774e+14 2.8763e+14
3963.2290 2.8774e+14 2.8763e+14
3963.2402 2.8774e+14 2.8763e+14
3963.2514 2.8774e+14 2.8764e+14
3963.2626 2.8774e+14 2.8764e+14
3963.2738 2.8774e+14 2.8764e+14
3963.2850 2.8774e+14 2.8764e+14
3963.2962 2.8774e+14 2.8764e+14
3963.3074 2.8774e+14 2.8764e+14
3963.3186 2.8774e+14 2.8764e+14
3963.3298 2.8775e+14 2.8764e+14
3963.3410 2.8775e+14 2.8764e+14
3963.3522 2.8775e+14 2.8764e+14
3963.3634 2.8775e+14 2.8764e+14
3963.3746 2.8775e+14 2.8764e+14
3963.3858 2.8775e+14 2.8765e+14
3963.3970 2.8775e+14 2.8765e+14
3963.4082 2.8775e+14 2.8765e+14
3963.4194 2.8775e+14 2.8765e+14
3963.4306 2.8775e+14 2.8765e+14
3963.4418 2.8775e+14 2.8765e+14
3963.4530 2.8776e+14 2.8765e+14
3963.4642 2.8776e+14 2.8765e+14
3963.4754 2.8776e+14 2.8765e+14
3963.4866 2.8776e+14 2.8765e+14
3963.4978 2.8776e+14 2.8765e+14
3963.5090 2.8776e+14 2.8765e+14
3963.5202 2.8776e+14 2.8766e+14
3963.5314 2.8776e+14 2.8766e+14
3963.5426 2.8776e+14 2.8766e+14
3963.5538 2.8776e+14 2.8766e+14
3963.5650 2.8776e+14 2.8766e+14
3963.5762 2.8776e+14 2.8766e+14
3963.5874 2.8777e+14 2.8766e+14
3963.5986 2.8777e+14 2.8766e+14
3963.6098 2.8777e+14 2.8766e+14
3963.6210 2.8777e+14 2.8766e+14
3963.6322 2.8777e+14 2.8766e+14
3963.6434 2.8777e+14 2.8766e+14
3963.6546 2.8777e+14 2.8767e+14
3963.6658 2.8777e+14 2.8767e+14
3963.6770 2.8777e+14 2.8767e+14
3963.6882 2.8777e+14 2.8767e+14
3963.6994 2.8777e+14 2.8767e+14
3963.7106 2.8777e+14 2.8767e+14
3963.7218 2.8778e+14 2.8767e+14
3963.7330 2.8778e+14 2.8767e+14
3963.7442 2.8778e+14 2.8767e+14
3963.7554 2.8778e+14 2.8767e+14
3963.7666 2.8778e+14 2.8767e+14
3963.7778 2.8778e+14 2.8767e+14
3963.7890 2.8778e+14 2.8768e+14
3963.8002 2.8778e+14 2.8768e+14
3963.8114 2.8778e+14 2.8768e+14
3963.8226 2.8778e+14 2.8768e+14
3963.8338 2.8778e+14 2.8768e+14
3963.8450 2.8779e+14 2.8768e+14
3963.8562 2.8779e+14 2.8768e+14
3963.8674 2.8779e+14 2.8768e+14
3963.8786 2.8779e+14 2.8768e+14
3963.8898 2.8779e+14 2.8768e+14
3963.9010 2.8779e+14 2.8768e+14
3963.9122 2.8779e+14 2.8768e+14
3963.9234 2.8779e+14 2.8769e+14
3963.9346 2.8779e+14 2.8769e+14
3963.9458 2.8779e+14 2.8769e+14
3963.9570 2.8779e+14 2.8769e+14
3963.9682 2.8779e+14 2.8769e+14
3963.9794 2.8780e+14 2.8769e+14
3963.9906 2.8780e+14 2.8769e+14
3964.0018 2.8780e+14 2.8769e+14
3964.0130 2.8780e+14 2.8769e+14
3964.0242 2.8780e+14 2.8769e+14
3964.0354 2.8780e+14 2.8769e+14
3964.0466 2.8780e+14 2.8769e+14
3964.0578 2.8780e+14 2.8770e+14
3964.0690 2.8780e+14 2.8770e+14
3964.0802 2.8780e+14 2.8770e+14
3964.0914 2.8780e+14 2.8770e+14
3964.1026 2.8781e+14 2.8770e+14
3964.1138 2.8781e+14 2.8770e+14
3964.1250 2.8781e+14 2.8770e+14
3964.1362 2.8781e+14 2.8770e+14
3964.1474 2.8781e+14 2.8770e+14
3964.1586 2.8781e+14 2.8770e+14
3964.1698 2.8781e+14 2.8770e+14
3964.1810 2.8781e+14 2.8770e+14
3964.1922 2.8781e+14 2.8771e+14
3964.2034 2.8781e+14 2.8771e+14
3964.2146 2.8781e+14 2.8771e+14
3964.2258 2.8781e+14 2.8771e+14
3964.2370 2.8782e+14 2.8771e+14
3964.2482 2.8782e+14 2.8771e+14
3964.2594 2.8782e+14 2.8771e+14
3964.2706 2.8782e+14 2.8771e+14
3964.2818 2.8782e+14 2.8771e+14
3964.2930 2.8782e+14 2.8771e+14
3964.3042 2.8782e+14 2.8771e+14
3964.3154 2.8782e+14 2.8771e+14
3964.3266 2.8782e+14 2.8772e+14
3964.3378 2.8782e+14 2.8772e+14
3964.3490 2.8782e+14 2.8772e+14
3964.3602 2.8783e+14 2.8772e+14
3964.3714 2.8783e+14 2.8772e+14
3964.3826 2.8783e+14 2.8772e+14
3964.3938 2.8783e+14 2.8772e+14
3964.4050 2.8783e+14 2.8772e+14
3964.4162 2.8783e+14 2.8772e+14
3964.4274 2.8783e+14 2.8772e+14
3964.4386 2.8783e+14 2.8772e+14
3964.4498 2.8783e+14 2.8772e+14
3964.4610 2.8783e+14 2.8772e+14
3964.4722 2.8783e+14 2.8773e+14
3964.4834 2.8783e+14 2.8773e+14
3964.4946 2.8784e+14 2.8773e+14
3964.5058 2.8784e+14 2.8773e+14
3964.5170 2.8784e+14 2.8773e+14
3964.5282 2.8784e+14 2.8773e+14
3964.5394 2.8784e+14 2.8773e+14
3964.5506 2.8784e+14 2.8773e+14
3964.5618 2.8784e+14 2.8773e+14
3964.5730 2.8784e+14 2.8773e+14
3964.5842 2.8784e+14 2.8773e+14
3964.5954 2.8784e+14 2.8773e+14
3964.6066 2.8784e+14 2.8774e+14
3964.6178 2.8784e+14 2.8774e+14
3964.6290 2.8785e+14 2.8774e+14
3964.6402 2.8785e+14 2.8774e+14
3964.6514 2.8785e+14 2.8774e+14
3964.6626 2.8785e+14 2.8774e+14
3964.6738 2.8785e+14 2.8774e+14
3964.6850 2.8785e+14 2.8774e+14
3964.6962 2.8785e+14 2.8774e+14
3964.7074 2.8785e+14 2.8774e+14
3964.7186 2.8785e+14 2.8774e+14
3964.7298 2.8785e+14 2.8774e+14
3964.7410 2.8785e+14 2.8775e+14
3964.7522 2.8786e+14 2.8775e+14
3964.7634 2.8786e+14 2.8775e+14
3964.7746 2.8786e+14 2.8775e+14
3964.7858 2.8786e+14 2.8775e+14
3964.7970 2.8786e+14 2.8775e+14
3964.8082 2.8786e+14 2.8775e+14
3964.8194 2.8786e+14 2.8775e+14
3964.8306 2.8786e+14 2.8775e+14
3964.8418 2.8786e+14 2.8775e+14
3964.8530 2.8786e+14 2.8775e+14
3964.8642 2.8786e+14 2.8775e+14
3964.8754 2.8786e+14 2.8776e+14
3964.8866 2.8787e+14 2.8776e+14
3964.8978 2.8787e+14 2.8776e+14
3964.9090 2.8787e+14 2.8776e+14
3964.9202 2.8787e+14 2.8776e+14
3964.9314 2.8787e+14 2.8776e+14
3964.9426 2.8787e+14 2.8776e+14
3964.9538 2.8787e+14 2.8776e+14
3964.9650 2.8787e+14 2.8776e+14
3964.9762 2.8787e+14 2.8776e+14
3964.9874 2.8787e+14 2.8776e+14
3964.9986 2.8787e+14 2.8776e+14
3965.0098 2.8788e+14 2.8777e+14
3965.0210 2.8788e+14 2.8777e+14
3965.0322 2.8788e+14 2.8777e+14
3965.0434 2.8788e+14 2.8777e+14
3965.0546 2.8788e+14 2.8777e+14
3965.0658 2.8788e+14 2.8777e+14
3965.0770 2.8788e+14 2.8777e+14
3965.0882 2.8788e+14 2.8777e+14
3965.0994 2.8788e+14 2.8777e+14
3965.1106 2.8788e+14 2.8777e+14
3965.1218 2.8788e+14 2.8777e+14
3965.1330 2.8788e+14 2.8777e+14
3965.1442 2.8789e+14 2.8778e+14
3965.1554 2.8789e+14 2.8778e+14
3965.1666 2.8789e+14 2.8778e+14
3965.1778 2.8789e+14 2.8778e+14
3965.1890 2.8789e+14 2.8778e+14
3965.2002 2.8789e+14 2.8778e+14
3965.2114 2.8789e+14 2.8778e+14
3965.2226 2.8789e+14 2.8778e+14
3965.2338 2.8789e+14 2.8778e+14
3965.2450 2.8789e+14 2.8778e+14
3965.2562 2.8789e+14 2.8778e+14
3965.2674 2.8790e+14 2.8778e+14
3965.2786 2.8790e+14 2.8779e+14
3965.2898 2.8790e+14 2.8779e+14
3965.3010 2.8790e+14 2.8779e+14
3965.3122 2.8790e+14 2.8779e+14
3965.3234 2.8790e+14 2.8779e+14
3965.3346 2.8790e+14 2.8779e+14
3965.3458 2.8790e+14 2.8779e+14
3965.3570 2.8790e+14 2.8779e+14
3965.3682 2.8790e+14 2.8779e+14
3965.3794 2.8790e+14 2.8779e+14
3965.3906 2.8790e+14 2.8779e+14
3965.4018 2.8791e+14 2.8780e+14
3965.4130 2.8791e+14 2.8780e+14
3965.4242 2.8791e+14 2.8780e+14
3965.4354 2.8791e+14 2.8780e+14
3965.4466 2.8791e+14 2.8780e+14
3965.4578 2.8791e+14 2.8780e+14
3965.4690 2.8791e+14 2.8780e+14
3965.4802 2.8791e+14 2.8780e+14
3965.4914 2.8791e+14 2.8780e+14
3965.5026 2.8791e+14 2.8780e+14
3965.5138 2.8791e+14 2.8780e+14
3965.5250 2.8791e+14 2.8780e+14
3965.5362 2.8792e+14 2.8781e+14
3965.5474 2.8792e+14 2.8781e+14
3965.5586 2.8792e+14 2.8781e+14
3965.5698 2.8792e+14 2.8781e+14
3965.5810 2.8792e+14 2.8781e+14
3965.5921 2.8792e+14 2.8781e+14
3965.6033 2.8792e+14 2.8781e+14
3965.6145 2.8792e+14 2.8781e+14
3965.6257 2.8792e+14 2.8781e+14
3965.6369 2.8792e+14 2.8781e+14
3965.6481 2.8792e+14 2.8781e+14
3965.6593 2.8793e+14 2.8781e+14
3965.6705 2.8793e+14 2.8782e+14
3965.6817 2.8793e+14 2.8782e+14
3965.6929 2.8793e+14 2.8782e+14
3965.7041 2.8793e+14 2.8782e+14
3965.7153 2.8793e+14 2.8782e+14
3965.7265 2.8793e+14 2.8782e+14
3965.7377 2.8793e+14 2.8782e+14
3965.7489 2.8793e+14 2.8782e+14
3965.7601 2.8793e+14 2.8782e+14
3965.7713 2.8793e+14 2.8782e+14
3965.7825 2.8793e+14 2.8782e+14
3965.7937 2.8794e+14 2.8782e+14
3965.8049 2.8794e+14 2.8783e+14
3965.8161 2.8794e+14 2.8783e+14
3965.8273 2.8794e+14 2.8783e+14
3965.8385 2.8794e+14 2.8783e+14
3965.8497 2.8794e+14 2.8783e+14
3965.8609 2.8794e+14 2.8783e+14
3965.8721 2.8794e+14 2.8783e+14
3965.8833 2.8794e+14 2.8783e+14
3965.8945 2.8794e+14 2.8783e+14
3965.9057 2.8794e+14 2.8783e+14
3965.9169 2.8795e+14 2.8783e+14
3965.9281 2.8795e+14 2.8783e+14
3965.9393 2.8795e+14 2.8784e+14
3965.9505 2.8795e+14 2.8784e+14
3965.9617 2.8795e+14 2.8784e+14
3965.9729 2.8795e+14 2.8784e+14
3965.9841 2.8795e+14 2.8784e+14
3965.9953 2.8795e+14 2.8784e+14
3966.0065 2.8795e+14 2.8784e+14
3966.0177 2.8795e+14 2.8784e+14
3966.0289 2.8795e+14 2.8784e+14
3966.0401 2.8795e+14 2.8784e+14
3966.0513 2.8796e+14 2.8784e+14
3966.0625 2.8796e+14 2.8784e+14
3966.0737 2.8796e+14 2.8785e+14
3966.0849 2.8796e+14 2.8785e+14
3966.0961 2.8796e+14 2.8785e+14
3966.1073 2.8796e+14 2.8785e+14
3966.1185 2.8796e+14 2.8785e+14
3966.1297 2.8796e+14 2.8785e+14
3966.1409 2.8796e+14 2.8785e+14
3966.1521 2.8796e+14 2.8785e+14
3966.1633 2.8796e+14 2.8785e+14
3966.1745 2.8796e+14 2.8785e+14
3966.1857 2.8797e+14 2.8785e+14
3966.1969 2.8797e+14 2.8785e+14
3966.2081 2.8797e+14 2.8786e+14
3966.2193 2.8797e+14 2.8786e+14
3966.2305 2.8797e+14 2.8786e+14
3966.2417 2.8797e+14 2.8786e+14
3966.2529 2.8797e+14 2.8786e+14
3966.2641 2.8797e+14 2.8786e+14
3966.2753 2.8797e+14 2.8786e+14
3966.2865 2.8797e+14 2.8786e+14
3966.2977 2.8797e+14 2.8786e+14
3966.3089 2.8798e+14 2.8786e+14
3966.3201 2.8798e+14 2.8786e+14
3966.3313 2.8798e+14 2.8786e+14
3966.3425 2.8798e+14 2.8787e+14
3966.3537 2.8798e+14 2.8787e+14
3966.3649 2.8798e+14 2.8787e+14
3966.3761 2.8798e+14 2.8787e+14
3966.3873 2.8798e+14 2.8787e+14
3966.3985 2.8798e+14 2.8787e+14
3966.4097 2.8798e+14 2.8787e+14
3966.4209 2.8798e+14 2.8787e+14
3966.4321 2.8798e+14 2.8787e+14
3966.4433 2.8799e+14 2.8787e+14
3966.4545 2.8799e+14 2.8787e+14
3966.4657 2.8799e+14 2.8787e+14
3966.4769 2.8799e+14 2.8788e+14
3966.4881 2.8799e+14 2.8788e+14
3966.4993 2.8799e+14 2.8788e+14
3966.5105 2.8799e+14 2.8788e+14
3966.5217 2.8799e+14 2.8788e+14
3966.5329 2.8799e+14 2.8788e+14
3966.5441 2.8799e+14 2.8788e+14
3966.5553 2.8799e+14 2.8788e+14
3966.5665 2.8800e+14 2.8788e+14
3966.5777 2.8800e+14 2.8788e+14
3966.5889 2.8800e+14 2.8788e+14
3966.6001 2.8800e+14 2.8788e+14
3966.6113 2.8800e+14 2.8789e+14
3966.6225 2.8800e+14 2.8789e+14
3966.6337 2.8800e+14 2.8789e+14
3966.6449 2.8800e+14 2.8789e+14
3966.6561 2.8800e+14 2.8789e+14
3966.6673 2.8800e+14 2.8789e+14
3966.6785 2.8800e+14 2.8789e+14
3966.6897 2.8800e+14 2.8789e+14
3966.7009 2.8801e+14 2.8789e+14
3966.7121 2.8801e+14 2.8789e+14
3966.7233 2.8801e+14 2.8789e+14
3966.7345 2.8801e+14 2.8789e+14
3966.7457 2.8801e+14 2.8790e+14
3966.7569 2.8801e+14 2.8790e+14
3966.7681 2.8801e+14 2.8790e+14
3966.7793 2.8801e+14 2.8790e+14
3966.7905 2.8801e+14 2.8790e+14
3966.8017 2.8801e+14 2.8790e+14
3966.8129 2.8801e+14 2.8790e+14
3966.8241 2.8801e+14 2.8790e+14
3966.8353 2.8802e+14 2.8790e+14
3966.8465 2.8802e+14 2.8790e+14
3966.8577 2.8802e+14 2.8790e+14
3966.8689 2.8802e+14 2.8790e+14
3966.8801 2.8802e+14 2.8791e+14
3966.8913 2.8802e+14 2.8791e+14
3966.9025 2.8802e+14 2.8791e+14
3966.9137 2.8802e+14 2.8791e+14
3966.9249 2.8802e+14 2.8791e+14
3966.9361 2.8802e+14 2.8791e+14
3966.9473 2.8802e+14 2.8791e+14
3966.9585 2.8803e+14 2.8791e+14
3966.9697 2.8803e+14 2.8791e+14
3966.9809 2.8803e+14 2.8791e+14
3966.9921 2.8803e+14 2.8791e+14
3967.0033 2.8803e+14 2.8791e+14
3967.0145 2.8803e+14 2.8792e+14
3967.0257 2.8803e+14 2.8792e+14
3967.0369 2.8803e+14 2.8792e+14
3967.0481 2.8803e+14 2.8792e+14
3967.0593 2.8803e+14 2.8792e+14
3967.0705 2.8803e+14 2.8792e+14
3967.0817 2.8803e+14 2.8792e+14
3967.0929 2.8804e+14 2.8792e+14
3967.1041 2.8804e+14 2.8792e+14
3967.1153 2.8804e+14 2.8792e+14
3967.1265 2.8804e+14 2.8792e+14
3967.1377 2.8804e+14 2.8792e+14
3967.1489 2.8804e+14 2.8793e+14
3967.1601 2.8804e+14 2.8793e+14
3967.1713 2.8804e+14 2.8793e+14
3967.1825 2.8804e+14 2.8793e+14
3967.1937 2.8804e+14 2.8793e+14
3967.2049 2.8804e+14 2.8793e+14
3967.2161 2.8805e+14 2.8793e+14
3967.2273 2.8805e+14 2.8793e+14
3967.2385 2.8805e+14 2.8793e+14
3967.2497 2.8805e+14 2.8793e+14
3967.2609 2.8805e+14 2.8793e+14
3967.2721 2.8805e+14 2.8794e+14
3967.2833 2.8805e+14 2.8794e+14
3967.2945 2.8805e+14 2.8794e+14
3967.3057 2.8805e+14 2.8794e+14
3967.3169 2.8805e+14 2.8794e+14
3967.3281 2.8805e+14 2.8794e+14
3967.3393 2.8805e+14 2.8794e+14
3967.3505 2.8806e+14 2.8794e+14
3967.3617 2.8806e+14 2.8794e+14
3967.3729 2.8806e+14 2.8794e+14
3967.3841 2.8806e+14 2.8794e+14
3967.3953 2.8806e+14 2.8794e+14
3967.4065 2.8806e+14 2.8795e+14
3967.4177 2.8806e+14 2.8795e+14
3967.4289 2.8806e+14 2.8795e+14
3967.4401 2.8806e+14 2.8795e+14
3967.4513 2.8806e+14 2.8795e+14
3967.4625 2.8806e+14 2.8795e+14
3967.4737 2.8806e+14 2.8795e+14
3967.4849 2.8807e+14 2.8795e+14
3967.4961 2.8807e+14 2.8795e+14
3967.5073 2.8807e+14 2.8795e+14
3967.5185 2.8807e+14 2.8795e+14
3967.5297 2.8807e+14 2.8795e+14
3967.5409 2.8807e+14 2.8796e+14
3967.5521 2.8807e+14 2.8796e+14
3967.5633 2.8807e+14 2.8796e+14
3967.5745 2.8807e+14 2.8796e+14
3967.5857 2.8807e+14 2.8796e+14
3967.5969 2.8807e+14 2.8796e+14
3967.6081 2.8808e+14 2.8796e+14
3967.6193 2.8808e+14 2.8796e+14
3967.6305 2.8808e+14 2.8796e+14
3967.6417 2.8808e+14 2.8796e+14
3967.6529 2.8808e+14 2.8796e+14
3967.6641 2.8808e+14 2.8796e+14
3967.6753 2.8808e+14 2.8797e+14
3967.6865 2.8808e+14 2.8797e+14
3967.6977 2.8808e+14 2.8797e+14
3967.7089 2.8808e+14 2.8797e+14
3967.7201 2.8808e+14 2.8797e+14
3967.7313 2.8808e+14 2.8797e+14
3967.7425 2.8809e+14 2.8797e+14
3967.7537 2.8809e+14 2.8797e+14
3967.7649 2.8809e+14 2.8797e+14
3967.7761 2.8809e+14 2.8797e+14
3967.7873 2.8809e+14 2.8797e+14
3967.7985 2.8809e+14 2.8797e+14
3967.8097 2.8809e+14 2.8798e+14
3967.8209 2.8809e+14 2.8798e+14
3967.8321 2.8809e+14 2.8798e+14
3967.8433 2.8809e+14 2.8798e+14
3967.8545 2.8809e+14 2.8798e+14
3967.8657 2.8810e+14 2.8798e+14
3967.8769 2.8810e+14 2.8798e+14
3967.8881 2.8810e+14 2.8798e+14
3967.8993 2.8810e+14 2.8798e+14
3967.9105 2.8810e+14 2.8798e+14
3967.9217 2.8810e+14 2.8798e+14
3967.9329 2.8810e+14 2.8798e+14
3967.9441 2.8810e+14 2.8799e+14
3967.9553 2.8810e+14 2.8799e+14
3967.9665 2.8810e+14 2.8799e+14
3967.9777 2.8810e+14 2.8799e+14
3967.9889 2.8810e+14 2.8799e+14
3968.0001 2.8811e+14 2.8799e+14
3968.0113 2.8811e+14 2.8799e+14
3968.0225 2.8811e+14 2.8799e+14
3968.0337 2.8811e+14 2.8799e+14
3968.0449 2.8811e+14 2.8799e+14
3968.0561 2.8811e+14 2.8799e+14
3968.0673 2.8811e+14 2.8800e+14
3968.0785 2.8811e+14 2.8800e+14
3968.0897 2.8811e+14 2.8800e+14
3968.1009 2.8811e+14 2.8800e+14
3968.1121 2.8811e+14 2.8800e+14
3968.1233 2.8811e+14 2.8800e+14
3968.1345 2.8812e+14 2.8800e+14
3968.1457 2.8812e+14 2.8800e+14
3968.1569 2.8812e+14 2.8800e+14
3968.1681 2.8812e+14 2.8800e+14
3968.1793 2.8812e+14 2.8800e+14
3968.1905 2.8812e+14 2.8800e+14
3968.2017 2.8812e+14 2.8801e+14
3968.2129 2.8812e+14 2.8801e+14
3968.2241 2.8812e+14 2.8801e+14
3968.2353 2.8812e+14 2.8801e+14
3968.2465 2.8812e+14 2.8801e+14
3968.2577 2.8813e+14 2.8801e+14
3968.2689 2.8813e+14 2.8801e+14
3968.2801 2.8813e+14 2.8801e+14
3968.2913 2.8813e+14 2.8801e+14
3968.3025 2.8813e+14 2.8801e+14
3968.3137 2.8813e+14 2.8801e+14
3968.3249 2.8813e+14 2.8801e+14
3968.3361 2.8813e+14 2.8802e+14
3968.3473 2.8813e+14 2.8802e+14
3968.3585 2.8813e+14 2.8802e+14
3968.3697 2.8813e+14 2.8802e+14
3968.3809 2.8813e+14 2.8802e+14
3968.3921 2.8814e+14 2.8802e+14
3968.4033 2.8814e+14 2.8802e+14
3968.4145 2.8814e+14 2.8802e+14
3968.4257 2.8814e+14 2.8802e+14
3968.4369 2.8814e+14 2.8802e+14
3968.4481 2.8814e+14 2.8802e+14
3968.4593 2.8814e+14 2.8802e+14
3968.4705 2.8814e+14 2.8803e+14
3968.4817 2.8814e+14 2.8803e+14
3968.4929 2.8814e+14 2.8803e+14
3968.5041 2.8814e+14 2.8803e+14
3968.5153 2.8814e+14 2.8803e+14
3968.5265 2.8815e+14 2.8803e+14
3968.5377 2.8815e+14 2.8803e+14
3968.5489 2.8815e+14 2.8803e+14
3968.5601 2.8815e+14 2.8803e+14
3968.5713 2.8815e+14 2.8803e+14
3968.5825 2.8815e+14 2.8803e+14
3968.5937 2.8815e+14 2.8803e+14
3968.6048 2.8815e+14 2.8804e+14
3968.6160 2.8815e+14 2.8804e+14
3968.6272 2.8815e+14 2.8804e+14
3968.6384 2.8815e+14 2.8804e+14
3968.6496 2.8816e+14 2.8804e+14
3968.6608 2.8816e+14 2.8804e+14
3968.6720 2.8816e+14 2.8804e+14
3968.6832 2.8816e+14 2.8804e+14
3968.6944 2.8816e+14 2.8804e+14
3968.7056 2.8816e+14 2.8804e+14
3968.7168 2.8816e+14 2.8804e+14
3968.7280 2.8816e+14 2.8805e+14
3968.7392 2.8816e+14 2.8805e+14
3968.7504 2.8816e+14 2.8805e+14
3968.7616 2.8816e+14 2.8805e+14
3968.7728 2.8816e+14 2.8805e+14
3968.7840 2.8817e+14 2.8805e+14
3968.7952 2.8817e+14 2.8805e+14
3968.8064 2.8817e+14 2.8805e+14
3968.8176 2.8817e+14 2.8805e+14
3968.8288 2.8817e+14 2.8805e+14
3968.8400 2.8817e+14 2.8805e+14
3968.8512 2.8817e+14 2.8805e+14
3968.8624 2.8817e+14 2.8806e+14
3968.8736 2.8817e+14 2.8806e+14
3968.8848 2.8817e+14 2.8806e+14
3968.8960 2.8817e+14 2.8806e+14
3968.9072 2.8817e+14 2.8806e+14
3968.9184 2.8818e+14 2.8806e+14
3968.9296 2.8818e+14 2.8806e+14
3968.9408 2.8818e+14 2.8806e+14
3968.9520 2.8818e+14 2.8806e+14
3968.9632 2.8818e+14 2.8806e+14
3968.9744 2.8818e+14 2.8806e+14
3968.9856 2.8818e+14 2.8806e+14
3968.9968 2.8818e+14 2.8807e+14
3969.0080 2.8818e+14 2.8807e+14
3969.0192 2.8818e+14 2.8807e+14
3969.0304 2.8818e+14 2.8807e+14
3969.0416 2.8819e+14 2.8807e+14
3969.0528 2.8819e+14 2.8807e+14
3969.0640 2.8819e+14 2.8807e+14
3969.0752 2.8819e+14 2.8807e+14
3969.0864 2.8819e+14 2.8807e+14
3969.0976 2.8819e+14 2.8807e+14
3969.1088 2.8819e+14 2.8807e+14
3969.1200 2.8819e+14 2.8807e+14
3969.1312 2.8819e+14 2.8808e+14
3969.1424 2.8819e+14 2.8808e+14
3969.1536 2.8819e+14 2.8808e+14
3969.1648 2.8819e+14 2.8808e+14
3969.1760 2.8820e+14 2.8808e+14
3969.1872 2.8820e+14 2.8808e+14
3969.1984 2.8820e+14 2.8808e+14
3969.2096 2.8820e+14 2.8808e+14
3969.2208 2.8820e+14 2.8808e+14
3969.2320 2.8820e+14 2.8808e+14
3969.2432 2.8820e+14 2.8808e+14
3969.2544 2.8820e+14 2.8809e+14
3969.2656 2.8820e+14 2.8809e+14
3969.2768 2.8820e+14 2.8809e+14
3969.2880 2.8820e+14 2.8809e+14
3969.2992 2.8821e+14 2.8809e+14
3969.3104 2.8821e+14 2.8809e+14
3969.3216 2.8821e+14 2.8809e+14
3969.3328 2.8821e+14 2.8809e+14
3969.3440 2.8821e+14 2.8809e+14
3969.3552 2.8821e+14 2.8809e+14
3969.3664 2.8821e+14 2.8809e+14
3969.3776 2.8821e+14 2.8809e+14
3969.3888 2.8821e+14 2.8810e+14
3969.4000 2.8821e+14 2.8810e+14
3969.4112 2.8821e+14 2.8810e+14
3969.4224 2.8821e+14 2.8810e+14
3969.4336 2.8822e+14 2.8810e+14
3969.4448 2.8822e+14 2.8810e+14
3969.4560 2.8822e+14 2.8810e+14
3969.4672 2.8822e+14 2.8810e+14
3969.4784 2.8822e+14 2.8810e+14
3969.4896 2.8822e+14 2.8810e+14
3969.5008 2.8822e+14 2.8810e+14
3969.5120 2.8822e+14 2.8810e+14
3969.5232 2.8822e+14 2.8811e+14
3969.5344 2.8822e+14 2.8811e+14
3969.5456 2.8822e+14 2.8811e+14
3969.5568 2.8822e+14 2.8811e+14
3969.5680 2.8823e+14 2.8811e+14
3969.5792 2.8823e+14 2.8811e+14
3969.5904 2.8823e+14 2.8811e+14
3969.6016 2.8823e+14 2.8811e+14
3969.6128 2.8823e+14 2.8811e+14
3969.6240 2.8823e+14 2.8811e+14
3969.6352 2.8823e+14 2.8811e+14
3969.6464 2.8823e+14 2.8811e+14
3969.6576 2.8823e+14 2.8812e+14
3969.6688 2.8823e+14 2.8812e+14
3969.6800 2.8823e+14 2.8812e+14
3969.6912 2.8824e+14 2.8812e+14
3969.7024 2.8824e+14 2.8812e+14
3969.7136 2.8824e+14 2.8812e+14
3969.7248 2.8824e+14 2.8812e+14
3969.7360 2.8824e+14 2.8812e+14
3969.7472 2.8824e+14 2.8812e+14
3969.7584 2.8824e+14 2.8812e+14
3969.7696 2.8824e+14 2.8812e+14
3969.7808 2.8824e+14 2.8813e+14
3969.7920 2.8824e+14 2.8813e+14
3969.8032 2.8824e+14 2.8813e+14
3969.8144 2.8824e+14 2.8813e+14
3969.8256 2.8825e+14 2.8813e+14
3969.8368 2.8825e+14 2.8813e+14
3969.8480 2.8825e+14 2.8813e+14
3969.8592 2.8825e+14 2.8813e+14
3969.8704 2.8825e+14 2.8813e+14
3969.8816 2.8825e+14 2.8813e+14
3969.8928 2.8825e+14 2.8813e+14
3969.9040 2.8825e+14 2.8813e+14
3969.9152 2.8825e+14 2.8814e+14
3969.9264 2.8825e+14 2.8814e+14
3969.9376 2.8825e+14 2.8814e+14
3969.9488 2.8825e+14 2.8814e+14
3969.9600 2.8826e+14 2.8814e+14
3969.9712 2.8826e+14 2.8814e+14
3969.9824 2.8826e+14 2.8814e+14
3969.9936 2.8826e+14 2.8814e+14
3970.0048 2.8826e+14 2.8814e+14
3970.0160 2.8826e+14 2.8814e+14
3970.0272 2.8826e+14 2.8814e+14
3970.0384 2.8826e+14 2.8814e+14
3970.0496 2.8826e+14 2.8815e+14
3970.0608 2.8826e+14 2.8815e+14
3970.0720 2.8826e+14 2.8815e+14
3970.0832 2.8827e+14 2.8815e+14
3970.0944 2.8827e+14 2.8815e+14
3970.1056 2.8827e+14 2.8815e+14
3970.1168 2.8827e+14 2.8815e+14
3970.1280 2.8827e+14 2.8815e+14
3970.1392 2.8827e+14 2.8815e+14
3970.1504 2.8827e+14 2.8815e+14
3970.1616 2.8827e+14 2.8815e+14
3970.1728 2.8827e+14 2.8816e+14
3970.1840 2.8827e+14 2.8816e+14
3970.1952 2.8827e+14 2.8816e+14
3970.2064 2.8827e+14 2.8816e+14
3970.2176 2.8828e+14 2.8816e+14
3970.2288 2.8828e+14 2.8816e+14
3970.2400 2.8828e+14 2.8816e+14
3970.2512 2.8828e+14 2.8816e+14
3970.2624 2.8828e+14 2.8816e+14
3970.2736 2.8828e+14 2.8816e+14
3970.2848 2.8828e+14 2.8816e+14
3970.2960 2.8828e+14 2.8816e+14
3970.3072 2.8828e+14 2.8817e+14
3970.3184 2.8828e+14 2.8817e+14
3970.3296 2.8828e+14 2.8817e+14
3970.3408 2.8828e+14 2.8817e+14
3970.3520 2.8829e+14 2.8817e+14
3970.3632 2.8829e+14 2.8817e+14
3970.3744 2.8829e+14 2.8817e+14
3970.3856 2.8829e+14 2.8817e+14
3970.3968 2.8829e+14 2.8817e+14
3970.4080 2.8829e+14 2.8817e+14
3970.4192 2.8829e+14 2.8817e+14
3970.4304 2.8829e+14 2.8817e+14
3970.4416 2.8829e+14 2.8818e+14
3970.4528 2.8829e+14 2.8818e+14
3970.4640 2.8829e+14 2.8818e+14
3970.4752 2.8830e+14 2.8818e+14
3970.4864 2.8830e+14 2.8818e+14
3970.4976 2.8830e+14 2.8818e+14
3970.5088 2.8830e+14 2.8818e+14
3970.5200 2.8830e+14 2.8818e+14
3970.5312 2.8830e+14 2.8818e+14
3970.5424 2.8830e+14 2.8818e+14
3970.5536 2.8830e+14 2.8818e+14
3970.5648 2.8830e+14 2.8819e+14
3970.5760 2.8830e+14 2.8819e+14
3970.5872 2.8830e+14 2.8819e+14
3970.5984 2.8830e+14 2.8819e+14
3970.6096 2.8831e+14 2.8819e+14
3970.6208 2.8831e+14 2.8819e+14
3970.6320 2.8831e+14 2.8819e+14
3970.6432 2.8831e+14 2.8819e+14
3970.6544 2.8831e+14 2.8819e+14
3970.6656 2.8831e+14 2.8819e+14
3970.6768 2.8831e+14 2.8819e+14
3970.6880 2.8831e+14 2.8819e+14
3970.6992 2.8831e+14 2.8820e+14
3970.7104 2.8831e+14 2.8820e+14
3970.7216 2.8831e+14 2.8820e+14
3970.7328 2.8831e+14 2.8820e+14
3970.7440 2.8832e+14 2.8820e+14
3970.7552 2.8832e+14 2.8820e+14
3970.7664 2.8832e+14 2.8820e+14
3970.7776 2.8832e+14 2.8820e+14
3970.7888 2.8832e+14 2.8820e+14
3970.8000 2.8832e+14 2.8820e+14
3970.8112 2.8832e+14 2.8820e+14
3970.8224 2.8832e+14 2.8821e+14
3970.8336 2.8832e+14 2.8821e+14
3970.8448 2.8832e+14 2.8821e+14
3970.8560 2.8832e+14 2.8821e+14
3970.8672 2.8833e+14 2.8821e+14
3970.8784 2.8833e+14 2.8821e+14
3970.8896 2.8833e+14 2.8821e+14
3970.9008 2.8833e+14 2.8821e+14
3970.9120 2.8833e+14 2.8821e+14
3970.9232 2.8833e+14 2.8821e+14
3970.9344 2.8833e+14 2.8821e+14
3970.9456 2.8833e+14 2.8821e+14
3970.9568 2.8833e+14 2.8822e+14
3970.9680 2.8833e+14 2.8822e+14
3970.9792 2.8833e+14 2.8822e+14
3970.9904 2.8833e+14 2.8822e+14
3971.0016 2.8834e+14 2.8822e+14
3971.0128 2.8834e+14 2.8822e+14
3971.0240 2.8834e+14 2.8822e+14
3971.0352 2.8834e+14 2.8822e+14
3971.0464 2.8834e+14 2.8822e+14
3971.0576 2.8834e+14 2.8822e+14
3971.0688 2.8834e+14 2.8822e+14
3971.0800 2.8834e+14 2.8822e+14
3971.0912 2.8834e+14 2.8823e+14
3971.1024 2.8834e+14 2.8823e+14
3971.1136 2.8834e+14 2.8823e+14
3971.1248 2.8834e+14 2.8823e+14
3971.1360 2.8835e+14 2.8823e+14
3971.1472 2.8835e+14 2.8823e+14
3971.1584 2.8835e+14 2.8823e+14
3971.1696 2.8835e+14 2.8823e+14
3971.1808 2.8835e+14 2.8823e+14
3971.1920 2.8835e+14 2.8823e+14
3971.2032 2.8835e+14 2.8823e+14
3971.2144 2.8835e+14 2.8824e+14
3971.2256 2.8835e+14 2.8824e+14
3971.2368 2.8835e+14 2.8824e+14
3971.2480 2.8835e+14 2.8824e+14
3971.2592 2.8836e+14 2.8824e+14
3971.2704 2.8836e+14 2.8824e+14
3971.2816 2.8836e+14 2.8824e+14
3971.2928 2.8836e+14 2.8824e+14
3971.3040 2.8836e+14 2.8824e+14
3971.3152 2.8836e+14 2.8824e+14
3971.3264 2.8836e+14 2.8824e+14
3971.3376 2.8836e+14 2.8824e+14
3971.3488 2.8836e+14 2.8825e+14
3971.3600 2.8836e+14 2.8825e+14
3971.3712 2.8836e+14 2.8825e+14
3971.3824 2.8836e+14 2.8825e+14
3971.3936 2.8837e+14 2.8825e+14
3971.4048 2.8837e+14 2.8825e+14
3971.4160 2.8837e+14 2.8825e+14
3971.4272 2.8837e+14 2.8825e+14
3971.4384 2.8837e+14 2.8825e+14
3971.4496 2.8837e+14 2.8825e+14
3971.4608 2.8837e+14 2.8825e+14
3971.4720 2.8837e+14 2.8826e+14
3971.4832 2.8837e+14 2.8826e+14
3971.4944 2.8837e+14 2.8826e+14
3971.5056 2.8837e+14 2.8826e+14
3971.5168 2.8837e+14 2.8826e+14
3971.5280 2.8838e+14 2.8826e+14
3971.5392 2.8838e+14 2.8826e+14
3971.5504 2.8838e+14 2.8826e+14
3971.5616 2.8838e+14 2.8826e+14
3971.5728 2.8838e+14 2.8826e+14
3971.5840 2.8838e+14 2.8826e+14
3971.5952 2.8838e+14 2.8826e+14
3971.6063 2.8838e+14 2.8827e+14
3971.6175 2.8838e+14 2.8827e+14
3971.6287 2.8838e+14 2.8827e+14
3971.6399 2.8838e+14 2.8827e+14
3971.6511 2.8838e+14 2.8827e+14
3971.6623 2.8839e+14 2.8827e+14
3971.6735 2.8839e+14 2.8827e+14
3971.6847 2.8839e+14 2.8827e+14
3971.6959 2.8839e+14 2.8827e+14
3971.7071 2.8839e+14 2.8827e+14
3971.7183 2.8839e+14 2.8827e+14
3971.7295 2.8839e+14 2.8827e+14
3971.7407 2.8839e+14 2.8828e+14
3971.7519 2.8839e+14 2.8828e+14
3971.7631 2.8839e+14 2.8828e+14
3971.7743 2.8839e+14 2.8828e+14
3971.7855 2.8840e+14 2.8828e+14
3971.7967 2.8840e+14 2.8828e+14
3971.8079 2.8840e+14 2.8828e+14
3971.8191 2.8840e+14 2.8828e+14
3971.8303 2.8840e+14 2.8828e+14
3971.8415 2.8840e+14 2.8828e+14
3971.8527 2.8840e+14 2.8828e+14
3971.8639 2.8840e+14 2.8829e+14
3971.8751 2.8840e+14 2.8829e+14
3971.8863 2.8840e+14 2.8829e+14
3971.8975 2.8840e+14 2.8829e+14
3971.9087 2.8840e+14 2.8829e+14
3971.9199 2.8841e+14 2.8829e+14
3971.9311 2.8841e+14 2.8829e+14
3971.9423 2.8841e+14 2.8829e+14
3971.9535 2.8841e+14 2.8829e+14
3971.9647 2.8841e+14 2.8829e+14
3971.9759 2.8841e+14 2.8829e+14
3971.9871 2.8841e+14 2.8829e+14
3971.9983 2.8841e+14 2.8830e+14
3972.0095 2.8841e+14 2.8830e+14
3972.0207 2.8841e+14 2.8830e+14
3972.0319 2.8841e+14 2.8830e+14
3972.0431 2.8841e+14 2.8830e+14
3972.0543 2.8842e+14 2.8830e+14
3972.0655 2.8842e+14 2.8830e+14
3972.0767 2.8842e+14 2.8830e+14
3972.0879 2.8842e+14 2.8830e+14
3972.0991 2.8842e+14 2.8830e+14
3972.1103 2.8842e+14 2.8830e+14
3972.1215 2.8842e+14 2.8831e+14
3972.1327 2.8842e+14 2.8831e+14
3972.1439 2.8842e+14 2.8831e+14
3972.1551 2.8842e+14 2.8831e+14
3972.1663 2.8842e+14 2.8831e+14
3972.1775 2.8843e+14 2.8831e+14
3972.1887 2.8843e+14 2.8831e+14
3972.1999 2.8843e+14 2.8831e+14
3972.2111 2.8843e+14 2.8831e+14
3972.2223 2.8843e+14 2.8831e+14
3972.2335 2.8843e+14 2.8831e+14
3972.2447 2.8843e+14 2.8831e+14
3972.2559 2.8843e+14 2.8832e+14
3972.2671 2.8843e+14 2.8832e+14
3972.2783 2.8843e+14 2.8832e+14
3972.2895 2.8843e+14 2.8832e+14
3972.3007 2.8843e+14 2.8832e+14
3972.3119 2.8844e+14 2.8832e+14
3972.3231 2.8844e+14 2.8832e+14
3972.3343 2.8844e+14 2.8832e+14
3972.3455 2.8844e+14 2.8832e+14
3972.3567 2.8844e+14 2.8832e+14
3972.3679 2.8844e+14 2.8832e+14
3972.3791 2.8844e+14 2.8833e+14
3972.3903 2.8844e+14 2.8833e+14
3972.4015 2.8844e+14 2.8833e+14
3972.4127 2.8844e+14 2.8833e+14
3972.4239 2.8844e+14 2.8833e+14
3972.4351 2.8844e+14 2.8833e+14
3972.4463 2.8845e+14 2.8833e+14
3972.4575 2.8845e+14 2.8833e+14
3972.4687 2.8845e+14 2.8833e+14
3972.4799 2.8845e+14 2.8833e+14
3972.4911 2.8845e+14 2.8833e+14
3972.5023 2.8845e+14 2.8833e+14
3972.5135 2.8845e+14 2.8834e+14
3972.5247 2.8845e+14 2.8834e+14
3972.5359 2.8845e+14 2.8834e+14
3972.5471 2.8845e+14 2.8834e+14
3972.5583 2.8845e+14 2.8834e+14
3972.5695 2.8846e+14 2.8834e+14
3972.5807 2.8846e+14 2.8834e+14
3972.5919 2.8846e+14 2.8834e+14
3972.6031 2.8846e+14 2.8834e+14
3972.6143 2.8846e+14 2.8834e+14
3972.6255 2.8846e+14 2.8834e+14
3972.6367 2.8846e+14 2.8835e+14
3972.6479 2.8846e+14 2.8835e+14
3972.6591 2.8846e+14 2.8835e+14
3972.6703 2.8846e+14 2.8835e+14
3972.6815 2.8846e+14 2.8835e+14
3972.6927 2.8846e+14 2.8835e+14
3972.7039 2.8847e+14 2.8835e+14
3972.7151 2.8847e+14 2.8835e+14
3972.7263 2.8847e+14 2.8835e+14
3972.7375 2.8847e+14 2.8835e+14
3972.7487 2.8847e+14 2.8835e+14
3972.7599 2.8847e+14 2.8835e+14
3972.7711 2.8847e+14 2.8836e+14
3972.7823 2.8847e+14 2.8836e+14
3972.7935 2.8847e+14 2.8836e+14
3972.8047 2.8847e+14 2.8836e+14
3972.8159 2.8847e+14 2.8836e+14
3972.8271 2.8847e+14 2.8836e+14
3972.8383 2.8848e+14 2.8836e+14
3972.8495 2.8848e+14 2.8836e+14
3972.8607 2.8848e+14 2.8836e+14
3972.8719 2.8848e+14 2.8836e+14
3972.8831 2.8848e+14 2.8836e+14
3972.8943 2.8848e+14 2.8837e+14
3972.9055 2.8848e+14 2.8837e+14
3972.9167 2.8848e+14 2.8837e+14
3972.9279 2.8848e+14 2.8837e+14
3972.9391 2.8848e+14 2.8837e+14
3972.9503 2.8848e+14 2.8837e+14
3972.9615 2.8849e+14 2.8837e+14
3972.9727 2.8849e+14 2.8837e+14
3972.9839 2.8849e+14 2.8837e+14
3972.9951 2.8849e+14 2.8837e+14
3973.0063 2.8849e+14 2.8837e+14
3973.0175 2.8849e+14 2.8837e+14
3973.0287 2.8849e+14 2.8838e+14
3973.0399 2.8849e+14 2.8838e+14
3973.0511 2.8849e+14 2.8838e+14
3973.0623 2.8849e+14 2.8838e+14
3973.0735 2.8849e+14 2.8838e+14
3973.0847 2.8849e+14 2.8838e+14
3973.0959 2.8850e+14 2.8838e+14
3973.1071 2.8850e+14 2.8838e+14
3973.1183 2.8850e+14 2.8838e+14
3973.1295 2.8850e+14 2.8838e+14
3973.1407 2.8850e+14 2.8838e+14
3973.1519 2.8850e+14 2.8839e+14
3973.1631 2.8850e+14 2.8839e+14
3973.1743 2.8850e+14 2.8839e+14
3973.1855 2.8850e+14 2.8839e+14
3973.1967 2.8850e+14 2.8839e+14
3973.2079 2.8850e+14 2.8839e+14
3973.2191 2.8850e+14 2.8839e+14
3973.2303 2.8851e+14 2.8839e+14
3973.2415 2.8851e+14 2.8839e+14
3973.2527 2.8851e+14 2.8839e+14
3973.2639 2.8851e+14 2.8839e+14
3973.2751 2.8851e+14 2.8839e+14
3973.2863 2.8851e+14 2.8840e+14
3973.2975 2.8851e+14 2.8840e+14
3973.3087 2.8851e+14 2.8840e+14
3973.3199 2.8851e+14 2.8840e+14
3973.3311 2.8851e+14 2.8840e+14
3973.3423 2.8851e+14 2.8840e+14
3973.3535 2.8851e+14 2.8840e+14
3973.3647 2.8852e+14 2.8840e+14
3973.3759 2.8852e+14 2.8840e+14
3973.3871 2.8852e+14 2.8840e+14
3973.3983 2.8852e+14 2.8840e+14
3973.4095 2.8852e+14 2.8841e+14
3973.4207 2.8852e+14 2.8841e+14
3973.4319 2.8852e+14 2.8841e+14
3973.4431 2.8852e+14 2.8841e+14
3973.4543 2.8852e+14 2.8841e+14
3973.4655 2.8852e+14 2.8841e+14
3973.4767 2.8852e+14 2.8841e+14
3973.4879 2.8853e+14 2.8841e+14
3973.4991 2.8853e+14 2.8841e+14
3973.5103 2.8853e+14 2.8841e+14
3973.5215 2.8853e+14 2.8841e+14
3973.5327 2.8853e+14 2.8842e+14
3973.5439 2.8853e+14 2.8842e+14
3973.5551 2.8853e+14 2.8842e+14
3973.5663 2.8853e+14 2.8842e+14
3973.5775 2.8853e+14 2.8842e+14
3973.5887 2.8853e+14 2.8842e+14
3973.5999 2.8853e+14 2.8842e+14
3973.6111 2.8853e+14 2.8842e+14
3973.6223 2.8854e+14 2.8842e+14
3973.6335 2.8854e+14 2.8842e+14
3973.6447 2.8854e+14 2.8842e+14
3973.6559 2.8854e+14 2.8842e+14
3973.6671 2.8854e+14 2.8843e+14
3973.6783 2.8854e+14 2.8843e+14
3973.6895 2.8854e+14 2.8843e+14
3973.7007 2.8854e+14 2.8843e+14
3973.7119 2.8854e+14 2.8843e+14
3973.7231 2.8854e+14 2.8843e+14
3973.7343 2.8854e+14 2.8843e+14
3973.7455 2.8854e+14 2.8843e+14
3973.7567 2.8855e+14 2.8843e+14
3973.7679 2.8855e+14 2.8843e+14
3973.7791 2.8855e+14 2.8843e+14
3973.7903 2.8855e+14 2.8844e+14
3973.8015 2.8855e+14 2.8844e+14
3973.8127 2.8855e+14 2.8844e+14
3973.8239 2.8855e+14 2.8844e+14
3973.8351 2.8855e+14 2.8844e+14
3973.8463 2.8855e+14 2.8844e+14
3973.8575 2.8855e+14 2.8844e+14
3973.8687 2.8855e+14 2.8844e+14
3973.8799 2.8855e+14 2.8844e+14
3973.8911 2.8856e+14 2.8844e+14
3973.9023 2.8856e+14 2.8844e+14
3973.9135 2.8856e+14 2.8844e+14
3973.9247 2.8856e+14 2.8845e+14
3973.9359 2.8856e+14 2.8845e+14
3973.9471 2.8856e+14 2.8845e+14
3973.9583 2.8856e+14 2.8845e+14
3973.9695 2.8856e+14 2.8845e+14
3973.9807 2.8856e+14 2.8845e+14
3973.9919 2.8856e+14 2.8845e+14
3974.0031 2.8856e+14 2.8845e+14
3974.0143 2.8857e+14 2.8845e+14
3974.0255 2.8857e+14 2.8845e+14
3974.0367 2.8857e+14 2.8845e+14
3974.0479 2.8857e+14 2.8846e+14
3974.0591 2.8857e+14 2.8846e+14
3974.0703 2.8857e+14 2.8846e+14
3974.0815 2.8857e+14 2.8846e+14
3974.0927 2.8857e+14 2.8846e+14
3974.1039 2.8857e+14 2.8846e+14
3974.1151 2.8857e+14 2.8846e+14
3974.1263 2.8857e+14 2.8846e+14
3974.1375 2.8857e+14 2.8846e+14
3974.1487 2.8858e+14 2.8846e+14
3974.1599 2.8858e+14 2.8846e+14
3974.1711 2.8858e+14 2.8846e+14
3974.1823 2.8858e+14 2.8847e+14
3974.1935 2.8858e+14 2.8847e+14
3974.2047 2.8858e+14 2.8847e+14
3974.2159 2.8858e+14 2.8847e+14
3974.2271 2.8858e+14 2.8847e+14
3974.2383 2.8858e+14 2.8847e+14
3974.2495 2.8858e+14 2.8847e+14
3974.2607 2.8858e+14 2.8847e+14
3974.2719 2.8858e+14 2.8847e+14
3974.2831 2.8859e+14 2.8847e+14
3974.2943 2.8859e+14 2.8847e+14
3974.3055 2.8859e+14 2.8848e+14
3974.3167 2.8859e+14 2.8848e+14
3974.3279 2.8859e+14 2.8848e+14
3974.3391 2.8859e+14 2.8848e+14
3974.3503 2.8859e+14 2.8848e+14
3974.3615 2.8859e+14 2.8848e+14
3974.3727 2.8859e+14 2.8848e+14
3974.3839 2.8859e+14 2.8848e+14
3974.3951 2.8859e+14 2.8848e+14
3974.4063 2.8860e+14 2.8848e+14
3974.4175 2.8860e+14 2.8848e+14
3974.4287 2.8860e+14 2.8849e+14
3974.4399 2.8860e+14 2.8849e+14
3974.4511 2.8860e+14 2.8849e+14
3974.4623 2.8860e+14 2.8849e+14
3974.4735 2.8860e+14 2.8849e+14
3974.4847 2.8860e+14 2.8849e+14
3974.4959 2.8860e+14 2.8849e+14
3974.5071 2.8860e+14 2.8849e+14
3974.5183 2.8860e+14 2.8849e+14
3974.5295 2.8860e+14 2.8849e+14
3974.5407 2.8861e+14 2.8849e+14
3974.5519 2.8861e+14 2.8849e+14
3974.5631 2.8861e+14 2.8850e+14
3974.5743 2.8861e+14 2.8850e+14
3974.5855 2.8861e+14 2.8850e+14
3974.5967 2.8861e+14 2.8850e+14
3974.6079 2.8861e+14 2.8850e+14
3974.6190 2.8861e+14 2.8850e+14
3974.6302 2.8861e+14 2.8850e+14
3974.6414 2.8861e+14 2.8850e+14
3974.6526 2.8861e+14 2.8850e+14
3974.6638 2.8861e+14 2.8850e+14
3974.6750 2.8862e+14 2.8850e+14
3974.6862 2.8862e+14 2.8851e+14
3974.6974 2.8862e+14 2.8851e+14
3974.7086 2.8862e+14 2.8851e+14
3974.7198 2.8862e+14 2.8851e+14
3974.7310 2.8862e+14 2.8851e+14
3974.7422 2.8862e+14 2.8851e+14
3974.7534 2.8862e+14 2.8851e+14
3974.7646 2.8862e+14 2.8851e+14
3974.7758 2.8862e+14 2.8851e+14
3974.7870 2.8862e+14 2.8851e+14
3974.7982 2.8862e+14 2.8851e+14
3974.8094 2.8863e+14 2.8852e+14
3974.8206 2.8863e+14 2.8852e+14
3974.8318 2.8863e+14 2.8852e+14
3974.8430 2.8863e+14 2.8852e+14
3974.8542 2.8863e+14 2.8852e+14
3974.8654 2.8863e+14 2.8852e+14
3974.8766 2.8863e+14 2.8852e+14
3974.8878 2.8863e+14 2.8852e+14
3974.8990 2.8863e+14 2.8852e+14
3974.9102 2.8863e+14 2.8852e+14
3974.9214 2.8863e+14 2.8852e+14
3974.9326 2.8864e+14 2.8852e+14
3974.9438 2.8864e+14 2.8853e+14
3974.9550 2.8864e+14 2.8853e+14
3974.9662 2.8864e+14 2.8853e+14
3974.9774 2.8864e+14 2.8853e+14
3974.9886 2.8864e+14 2.8853e+14
3974.9998 2.8864e+14 2.8853e+14
3975.0110 2.8864e+14 2.8853e+14
3975.0222 2.8864e+14 2.8853e+14
3975.0334 2.8864e+14 2.8853e+14
3975.0446 2.8864e+14 2.8853e+14
3975.0558 2.8864e+14 2.8853e+14
3975.0670 2.8865e+14 2.8854e+14
3975.0782 2.8865e+14 2.8854e+14
3975.0894 2.8865e+14 2.8854e+14
3975.1006 2.8865e+14 2.8854e+14
3975.1118 2.8865e+14 2.8854e+14
3975.1230 2.8865e+14 2.8854e+14
3975.1342 2.8865e+14 2.8854e+14
3975.1454 2.8865e+14 2.8854e+14
3975.1566 2.8865e+14 2.8854e+14
3975.1678 2.8865e+14 2.8854e+14
3975.1790 2.8865e+14 2.8854e+14
3975.1902 2.8865e+14 2.8854e+14
3975.2014 2.8866e+14 2.8855e+14
3975.2126 2.8866e+14 2.8855e+14
3975.2238 2.8866e+14 2.8855e+14
3975.2350 2.8866e+14 2.8855e+14
3975.2462 2.8866e+14 2.8855e+14
3975.2574 2.8866e+14 2.8855e+14
3975.2686 2.8866e+14 2.8855e+14
3975.2798 2.8866e+14 2.8855e+14
3975.2910 2.8866e+14 2.8855e+14
3975.3022 2.8866e+14 2.8855e+14
3975.3134 2.8866e+14 2.8855e+14
3975.3246 2.8866e+14 2.8856e+14
3975.3358 2.8867e+14 2.8856e+14
3975.3470 2.8867e+14 2.8856e+14
3975.3582 2.8867e+14 2.8856e+14
3975.3694 2.8867e+14 2.8856e+14
3975.3806 2.8867e+14 2.8856e+14
3975.3918 2.8867e+14 2.8856e+14
3975.4030 2.8867e+14 2.8856e+14
3975.4142 2.8867e+14 2.8856e+14
3975.4254 2.8867e+14 2.8856e+14
3975.4366 2.8867e+14 2.8856e+14
3975.4478 2.8867e+14 2.8857e+14
3975.4590 2.8868e+14 2.8857e+14
3975.4702 2.8868e+14 2.8857e+14
3975.4814 2.8868e+14 2.8857e+14
3975.4926 2.8868e+14 2.8857e+14
3975.5038 2.8868e+14 2.8857e+14
3975.5150 2.8868e+14 2.8857e+14
3975.5262 2.8868e+14 2.8857e+14
3975.5374 2.8868e+14 2.8857e+14
3975.5486 2.8868e+14 2.8857e+14
3975.5598 2.8868e+14 2.8857e+14
3975.5710 2.8868e+14 2.8857e+14
3975.5822 2.8868e+14 2.8858e+14
3975.5934 2.8869e+14 2.8858e+14
3975.6046 2.8869e+14 2.8858e+14
3975.6158 2.8869e+14 2.8858e+14
3975.6270 2.8869e+14 2.8858e+14
3975.6382 2.8869e+14 2.8858e+14
3975.6494 2.8869e+14 2.8858e+14
3975.6606 2.8869e+14 2.8858e+14
3975.6718 2.8869e+14 2.8858e+14
3975.6830 2.8869e+14 2.8858e+14
3975.6942 2.8869e+14 2.8858e+14
3975.7054 2.8869e+14 2.8859e+14
3975.7166 2.8869e+14 2.8859e+14
3975.7278 2.8870e+14 2.8859e+14
3975.7390 2.8870e+14 2.8859e+14
3975.7502 2.8870e+14 2.8859e+14
3975.7614 2.8870e+14 2.8859e+14
3975.7726 2.8870e+14 2.8859e+14
3975.7838 2.8870e+14 2.8859e+14
3975.7950 2.8870e+14 2.8859e+14
3975.8062 2.8870e+14 2.8859e+14
3975.8174 2.8870e+14 2.8859e+14
3975.8286 2.8870e+14 2.8860e+14
3975.8398 2.8870e+14 2.8860e+14
3975.8510 2.8870e+14 2.8860e+14
3975.8622 2.8871e+14 2.8860e+14
3975.8734 2.8871e+14 2.8860e+14
3975.8846 2.8871e+14 2.8860e+14
3975.8958 2.8871e+14 2.8860e+14
3975.9070 2.8871e+14 2.8860e+14
3975.9182 2.8871e+14 2.8860e+14
3975.9294 2.8871e+14 2.8860e+14
3975.9406 2.8871e+14 2.8860e+14
3975.9518 2.8871e+14 2.8860e+14
3975.9630 2.8871e+14 2.8861e+14
3975.9742 2.8871e+14 2.8861e+14
3975.9854 2.8872e+14 2.8861e+14
3975.9966 2.8872e+14 2.8861e+14
3976.0078 2.8872e+14 2.8861e+14
3976.0190 2.8872e+14 2.8861e+14
3976.0302 2.8872e+14 2.8861e+14
3976.0414 2.8872e+14 2.8861e+14
3976.0526 2.8872e+14 2.8861e+14
3976.0638 2.8872e+14 2.8861e+14
3976.0750 2.8872e+14 2.8861e+14
3976.0862 2.8872e+14 2.8862e+14
3976.0974 2.8872e+14 2.8862e+14
3976.1086 2.8872e+14 2.8862e+14
3976.1198 2.8873e+14 2.8862e+14
3976.1310 2.8873e+14 2.8862e+14
3976.1422 2.8873e+14 2.8862e+14
3976.1534 2.8873e+14 2.8862e+14
3976.1646 2.8873e+14 2.8862e+14
3976.1758 2.8873e+14 2.8862e+14
3976.1870 2.8873e+14 2.8862e+14
3976.1982 2.8873e+14 2.8862e+14
3976.2094 2.8873e+14 2.8863e+14
3976.2206 2.8873e+14 2.8863e+14
3976.2318 2.8873e+14 2.8863e+14
3976.2430 2.8873e+14 2.8863e+14
3976.2542 2.8874e+14 2.8863e+14
3976.2654 2.8874e+14 2.8863e+14
3976.2766 2.8874e+14 2.8863e+14
3976.2878 2.8874e+14 2.8863e+14
3976.2990 2.8874e+14 2.8863e+14
3976.3102 2.8874e+14 2.8863e+14
3976.3214 2.8874e+14 2.8863e+14
3976.3326 2.8874e+14 2.8863e+14
3976.3438 2.8874e+14 2.8864e+14
3976.3550 2.8874e+14 2.8864e+14
3976.3662 2.8874e+14 2.8864e+14
3976.3774 2.8874e+14 2.8864e+14
3976.3886 2.8875e+14 2.8864e+14
3976.3998 2.8875e+14 2.8864e+14
3976.4110 2.8875e+14 2.8864e+14
3976.4222 2.8875e+14 2.8864e+14
3976.4334 2.8875e+14 2.8864e+14
3976.4446 2.8875e+14 2.8864e+14
3976.4558 2.8875e+14 2.8864e+14
3976.4670 2.8875e+14 2.8865e+14
3976.4782 2.8875e+14 2.8865e+14
3976.4894 2.8875e+14 2.8865e+14
3976.5006 2.8875e+14 2.8865e+14
3976.5118 2.8876e+14 2.8865e+14
3976.5230 2.8876e+14 2.8865e+14
3976.5342 2.8876e+14 2.8865e+14
3976.5454 2.8876e+14 2.8865e+14
3976.5566 2.8876e+14 2.8865e+14
3976.5678 2.8876e+14 2.8865e+14
3976.5790 2.8876e+14 2.8865e+14
3976.5902 2.8876e+14 2.8866e+14
3976.6014 2.8876e+14 2.8866e+14
3976.6126 2.8876e+14 2.8866e+14
3976.6238 2.8876e+14 2.8866e+14
3976.6350 2.8876e+14 2.8866e+14
3976.6462 2.8877e+14 2.8866e+14
3976.6574 2.8877e+14 2.8866e+14
3976.6686 2.8877e+14 2.8866e+14
3976.6798 2.8877e+14 2.8866e+14
3976.6910 2.8877e+14 2.8866e+14
3976.7022 2.8877e+14 2.8866e+14
3976.7134 2.8877e+14 2.8867e+14
3976.7246 2.8877e+14 2.8867e+14
3976.7358 2.8877e+14 2.8867e+14
3976.7470 2.8877e+14 2.8867e+14
3976.7582 2.8877e+14 2.8867e+14
3976.7694 2.8877e+14 2.8867e+14
3976.7806 2.8878e+14 2.8867e+14
3976.7918 2.8878e+14 2.8867e+14
3976.8030 2.8878e+14 2.8867e+14
3976.8142 2.8878e+14 2.8867e+14
3976.8254 2.8878e+14 2.8867e+14
3976.8366 2.8878e+14 2.8867e+14
3976.8478 2.8878e+14 2.8868e+14
3976.8590 2.8878e+14 2.8868e+14
3976.8702 2.8878e+14 2.8868e+14
3976.8814 2.8878e+14 2.8868e+14
3976.8926 2.8878e+14 2.8868e+14
3976.9038 2.8878e+14 2.8868e+14
3976.9150 2.8879e+14 2.8868e+14
3976.9262 2.8879e+14 2.8868e+14
3976.9374 2.8879e+14 2.8868e+14
3976.9486 2.8879e+14 2.8868e+14
3976.9598 2.8879e+14 2.8868e+14
3976.9710 2.8879e+14 2.8869e+14
3976.9822 2.8879e+14 2.8869e+14
3976.9934 2.8879e+14 2.8869e+14
3977.0046 2.8879e+14 2.8869e+14
3977.0158 2.8879e+14 2.8869e+14
3977.0270 2.8879e+14 2.8869e+14
3977.0382 2.8879e+14 2.8869e+14
3977.0494 2.8880e+14 2.8869e+14
3977.0606 2.8880e+14 2.8869e+14
3977.0718 2.8880e+14 2.8869e+14
3977.0830 2.8880e+14 2.8869e+14
3977.0942 2.8880e+14 2.8870e+14
3977.1054 2.8880e+14 2.8870e+14
3977.1166 2.8880e+14 2.8870e+14
3977.1278 2.8880e+14 2.8870e+14
3977.1390 2.8880e+14 2.8870e+14
3977.1502 2.8880e+14 2.8870e+14
3977.1614 2.8880e+14 2.8870e+14
3977.1726 2.8881e+14 2.8870e+14
3977.1838 2.8881e+14 2.8870e+14
3977.1950 2.8881e+14 2.8870e+14
3977.2062 2.8881e+14 2.8870e+14
3977.2174 2.8881e+14 2.8870e+14
3977.2286 2.8881e+14 2.8871e+14
3977.2398 2.8881e+14 2.8871e+14
3977.2510 2.8881e+14 2.8871e+14
3977.2622 2.8881e+14 2.8871e+14
3977.2734 2.8881e+14 2.8871e+14
3977.2846 2.8881e+14 2.8871e+14
3977.2958 2.8881e+14 2.8871e+14
3977.3070 2.8882e+14 2.8871e+14
3977.3182 2.8882e+14 2.8871e+14
3977.3294 2.8882e+14 2.8871e+14
3977.3406 2.8882e+14 2.8871e+14
3977.3518 2.8882e+14 2.8872e+14
3977.3630 2.8882e+14 2.8872e+14
3977.3742 2.8882e+14 2.8872e+14
3977.3854 2.8882e+14 2.8872e+14
3977.3966 2.8882e+14 2.8872e+14
3977.4078 2.8882e+14 2.8872e+14
3977.4190 2.8882e+14 2.8872e+14
3977.4302 2.8882e+14 2.8872e+14
3977.4414 2.8883e+14 2.8872e+14
3977.4526 2.8883e+14 2.8872e+14
3977.4638 2.8883e+14 2.8872e+14
3977.4750 2.8883e+14 2.8873e+14
3977.4862 2.8883e+14 2.8873e+14
3977.4974 2.8883e+14 2.8873e+14
3977.5086 2.8883e+14 2.8873e+14
3977.5198 2.8883e+14 2.8873e+14
3977.5310 2.8883e+14 2.8873e+14
3977.5422 2.8883e+14 2.8873e+14
3977.5534 2.8883e+14 2.8873e+14
3977.5646 2.8883e+14 2.8873e+14
3977.5758 2.8884e+14 2.8873e+14
3977.5870 2.8884e+14 2.8873e+14
3977.5982 2.8884e+14 2.8873e+14
3977.6094 2.8884e+14 2.8874e+14
3977.6206 2.8884e+14 2.8874e+14
3977.6317 2.8884e+14 2.8874e+14
3977.6429 2.8884e+14 2.8874e+14
3977.6541 2.8884e+14 2.8874e+14
3977.6653 2.8884e+14 2.8874e+14
3977.6765 2.8884e+14 2.8874e+14
3977.6877 2.8884e+14 2.8874e+14
3977.6989 2.8885e+14 2.8874e+14
3977.7101 2.8885e+14 2.8874e+14
3977.7213 2.8885e+14 2.8874e+14
3977.7325 2.8885e+14 2.8875e+14
3977.7437 2.8885e+14 2.8875e+14
3977.7549 2.8885e+14 2.8875e+14
3977.7661 2.8885e+14 2.8875e+14
3977.7773 2.8885e+14 2.8875e+14
3977.7885 2.8885e+14 2.8875e+14
3977.7997 2.8885e+14 2.8875e+14
3977.8109 2.8885e+14 2.8875e+14
3977.8221 2.8885e+14 2.8875e+14
3977.8333 2.8886e+14 2.8875e+14
3977.8445 2.8886e+14 2.8875e+14
3977.8557 2.8886e+14 2.8876e+14
3977.8669 2.8886e+14 2.8876e+14
3977.8781 2.8886e+14 2.8876e+14
3977.8893 2.8886e+14 2.8876e+14
3977.9005 2.8886e+14 2.8876e+14
3977.9117 2.8886e+14 2.8876e+14
3977.9229 2.8886e+14 2.8876e+14
3977.9341 2.8886e+14 2.8876e+14
3977.9453 2.8886e+14 2.8876e+14
3977.9565 2.8886e+14 2.8876e+14
3977.9677 2.8887e+14 2.8876e+14
3977.9789 2.8887e+14 2.8877e+14
3977.9901 2.8887e+14 2.8877e+14
3978.0013 2.8887e+14 2.8877e+14
3978.0125 2.8887e+14 2.8877e+14
3978.0237 2.8887e+14 2.8877e+14
3978.0349 2.8887e+14 2.8877e+14
3978.0461 2.8887e+14 2.8877e+14
3978.0573 2.8887e+14 2.8877e+14
3978.0685 2.8887e+14 2.8877e+14
3978.0797 2.8887e+14 2.8877e+14
3978.0909 2.8887e+14 2.8877e+14
3978.1021 2.8888e+14 2.8877e+14
3978.1133 2.8888e+14 2.8878e+14
3978.1245 2.8888e+14 2.8878e+14
3978.1357 2.8888e+14 2.8878e+14
3978.1469 2.8888e+14 2.8878e+14
3978.1581 2.8888e+14 2.8878e+14
3978.1693 2.8888e+14 2.8878e+14
3978.1805 2.8888e+14 2.8878e+14
3978.1917 2.8888e+14 2.8878e+14
3978.2029 2.8888e+14 2.8878e+14
3978.2141 2.8888e+14 2.8878e+14
3978.2253 2.8888e+14 2.8878e+14
3978.2365 2.8889e+14 2.8879e+14
3978.2477 2.8889e+14 2.8879e+14
3978.2589 2.8889e+14 2.8879e+14
3978.2701 2.8889e+14 2.8879e+14
3978.2813 2.8889e+14 2.8879e+14
3978.2925 2.8889e+14 2.8879e+14
3978.3037 2.8889e+14 2.8879e+14
3978.3149 2.8889e+14 2.8879e+14
3978.3261 2.8889e+14 2.8879e+14
3978.3373 2.8889e+14 2.8879e+14
3978.3485 2.8889e+14 2.8879e+14
3978.3597 2.8890e+14 2.8880e+14
3978.3709 2.8890e+14 2.8880e+14
3978.3821 2.8890e+14 2.8880e+14
3978.3933 2.8890e+14 2.8880e+14
3978.4045 2.8890e+14 2.8880e+14
3978.4157 2.8890e+14 2.8880e+14
3978.4269 2.8890e+14 2.8880e+14
3978.4381 2.8890e+14 2.8880e+14
3978.4493 2.8890e+14 2.8880e+14
3978.4605 2.8890e+14 2.8880e+14
3978.4717 2.8890e+14 2.8880e+14
3978.4829 2.8890e+14 2.8881e+14
3978.4941 2.8891e+14 2.8881e+14
3978.5053 2.8891e+14 2.8881e+14
3978.5165 2.8891e+14 2.8881e+14
3978.5277 2.8891e+14 2.8881e+14
3978.5389 2.8891e+14 2.8881e+14
3978.5501 2.8891e+14 2.8881e+14
3978.5613 2.8891e+14 2.8881e+14
3978.5725 2.8891e+14 2.8881e+14
3978.5837 2.8891e+14 2.8881e+14
3978.5949 2.8891e+14 2.8881e+14
3978.6061 2.8891e+14 2.8881e+14
3978.6173 2.8891e+14 2.8882e+14
3978.6285 2.8892e+14 2.8882e+14
3978.6397 2.8892e+14 2.8882e+14
3978.6509 2.8892e+14 2.8882e+14
3978.6621 2.8892e+14 2.8882e+14
3978.6733 2.8892e+14 2.8882e+14
3978.6845 2.8892e+14 2.8882e+14
3978.6957 2.8892e+14 2.8882e+14
3978.7069 2.8892e+14 2.8882e+14
3978.7181 2.8892e+14 2.8882e+14
3978.7293 2.8892e+14 2.8882e+14
3978.7405 2.8892e+14 2.8883e+14
3978.7517 2.8892e+14 2.8883e+14
3978.7629 2.8893e+14 2.8883e+14
3978.7741 2.8893e+14 2.8883e+14
3978.7853 2.8893e+14 2.8883e+14
3978.7965 2.8893e+14 2.8883e+14
3978.8077 2.8893e+14 2.8883e+14
3978.8189 2.8893e+14 2.8883e+14
3978.8301 2.8893e+14 2.8883e+14
3978.8413 2.8893e+14 2.8883e+14
3978.8525 2.8893e+14 2.8883e+14
3978.8637 2.8893e+14 2.8884e+14
3978.8749 2.8893e+14 2.8884e+14
3978.8861 2.8893e+14 2.8884e+14
3978.8973 2.8894e+14 2.8884e+14
3978.9085 2.8894e+14 2.8884e+14
3978.9197 2.8894e+14 2.8884e+14
3978.9309 2.8894e+14 2.8884e+14
3978.9421 2.8894e+14 2.8884e+14
3978.9533 2.8894e+14 2.8884e+14
3978.9645 2.8894e+14 2.8884e+14
3978.9757 2.8894e+14 2.8884e+14
3978.9869 2.8894e+14 2.8884e+14
3978.9981 2.8894e+14 2.8885e+14
3979.0093 2.8894e+14 2.8885e+14
3979.0205 2.8895e+14 2.8885e+14
3979.0317 2.8895e+14 2.8885e+14
3979.0429 2.8895e+14 2.8885e+14
3979.0541 2.8895e+14 2.8885e+14
3979.0653 2.8895e+14 2.8885e+14
3979.0765 2.8895e+14 2.8885e+14
3979.0877 2.8895e+14 2.8885e+14
3979.0989 2.8895e+14 2.8885e+14
3979.1101 2.8895e+14 2.8885e+14
3979.1213 2.8895e+14 2.8886e+14
3979.1325 2.8895e+14 2.8886e+14
3979.1437 2.8895e+14 2.8886e+14
3979.1549 2.8896e+14 2.8886e+14
3979.1661 2.8896e+14 2.8886e+14
3979.1773 2.8896e+14 2.8886e+14
3979.1885 2.8896e+14 2.8886e+14
3979.1997 2.8896e+14 2.8886e+14
3979.2109 2.8896e+14 2.8886e+14
3979.2221 2.8896e+14 2.8886e+14
3979.2333 2.8896e+14 2.8886e+14
3979.2445 2.8896e+14 2.8887e+14
3979.2557 2.8896e+14 2.8887e+14
3979.2669 2.8896e+14 2.8887e+14
3979.2781 2.8896e+14 2.8887e+14
3979.2893 2.8897e+14 2.8887e+14
3979.3005 2.8897e+14 2.8887e+14
3979.3117 2.8897e+14 2.8887e+14
3979.3229 2.8897e+14 2.8887e+14
3979.3341 2.8897e+14 2.8887e+14
3979.3453 2.8897e+14 2.8887e+14
3979.3565 2.8897e+14 2.8887e+14
3979.3677 2.8897e+14 2.8888e+14
3979.3789 2.8897e+14 2.8888e+14
3979.3901 2.8897e+14 2.8888e+14
3979.4013 2.8897e+14 2.8888e+14
3979.4125 2.8897e+14 2.8888e+14
3979.4237 2.8898e+14 2.8888e+14
3979.4349 2.8898e+14 2.8888e+14
3979.4461 2.8898e+14 2.8888e+14
3979.4573 2.8898e+14 2.8888e+14
3979.4685 2.8898e+14 2.8888e+14
3979.4797 2.8898e+14 2.8888e+14
3979.4909 2.8898e+14 2.8888e+14
3979.5021 2.8898e+14 2.8889e+14
3979.5133 2.8898e+14 2.8889e+14
3979.5245 2.8898e+14 2.8889e+14
3979.5357 2.8898e+14 2.8889e+14
3979.5469 2.8898e+14 2.8889e+14
3979.5581 2.8899e+14 2.8889e+14
3979.5693 2.8899e+14 2.8889e+14
3979.5805 2.8899e+14 2.8889e+14
3979.5917 2.8899e+14 2.8889e+14
3979.6029 2.8899e+14 2.8889e+14
3979.6141 2.8899e+14 2.8889e+14
3979.6253 2.8899e+14 2.8890e+14
3979.6365 2.8899e+14 2.8890e+14
3979.6477 2.8899e+14 2.8890e+14
3979.6589 2.8899e+14 2.8890e+14
3979.6701 2.8899e+14 2.8890e+14
3979.6813 2.8899e+14 2.8890e+14
3979.6925 2.8900e+14 2.8890e+14
3979.7037 2.8900e+14 2.8890e+14
3979.7149 2.8900e+14 2.8890e+14
3979.7261 2.8900e+14 2.8890e+14
3979.7373 2.8900e+14 2.8890e+14
3979.7485 2.8900e+14 2.8891e+14
3979.7597 2.8900e+14 2.8891e+14
3979.7709 2.8900e+14 2.8891e+14
3979.7821 2.8900e+14 2.8891e+14
3979.7933 2.8900e+14 2.8891e+14
3979.8045 2.8900e+14 2.8891e+14
3979.8157 2.8901e+14 2.8891e+14
3979.8269 2.8901e+14 2.8891e+14
3979.8381 2.8901e+14 2.8891e+14
3979.8493 2.8901e+14 2.8891e+14
3979.8605 2.8901e+14 2.8891e+14
3979.8717 2.8901e+14 2.8892e+14
3979.8829 2.8901e+14 2.8892e+14
3979.8941 2.8901e+14 2.8892e+14
3979.9053 2.8901e+14 2.8892e+14
3979.9165 2.8901e+14 2.8892e+14
3979.9277 2.8901e+14 2.8892e+14
3979.9389 2.8901e+14 2.8892e+14
3979.9501 2.8902e+14 2.8892e+14
3979.9613 2.8902e+14 2.8892e+14
3979.9725 2.8902e+14 2.8892e+14
3979.9837 2.8902e+14 2.8892e+14
3979.9949 2.8902e+14 2.8892e+14
3980.0061 2.8902e+14 2.8893e+14
3980.0173 2.8902e+14 2.8893e+14
3980.0285 2.8902e+14 2.8893e+14
3980.0397 2.8902e+14 2.8893e+14
3980.0509 2.8902e+14 2.8893e+14
3980.0621 2.8902e+14 2.8893e+14
3980.0733 2.8902e+14 2.8893e+14
3980.0845 2.8903e+14 2.8893e+14
3980.0957 2.8903e+14 2.8893e+14
3980.1069 2.8903e+14 2.8893e+14
3980.1181 2.8903e+14 2.8893e+14
3980.1293 2.8903e+14 2.8894e+14
3980.1405 2.8903e+14 2.8894e+14
3980.1517 2.8903e+14 2.8894e+14
3980.1629 2.8903e+14 2.8894e+14
3980.1741 2.8903e+14 2.8894e+14
3980.1853 2.8903e+14 2.8894e+14
3980.1965 2.8903e+14 2.8894e+14
3980.2077 2.8903e+14 2.8894e+14
3980.2189 2.8904e+14 2.8894e+14
3980.2301 2.8904e+14 2.8894e+14
3980.2413 2.8904e+14 2.8894e+14
3980.2525 2.8904e+14 2.8895e+14
3980.2637 2.8904e+14 2.8895e+14
3980.2749 2.8904e+14 2.8895e+14
3980.2861 2.8904e+14 2.8895e+14
3980.2973 2.8904e+14 2.8895e+14
3980.3085 2.8904e+14 2.8895e+14
3980.3197 2.8904e+14 2.8895e+14
3980.3309 2.8904e+14 2.8895e+14
3980.3421 2.8904e+14 2.8895e+14
3980.3533 2.8905e+14 2.8895e+14
3980.3645 2.8905e+14 2.8895e+14
3980.3757 2.8905e+14 2.8896e+14
3980.3869 2.8905e+14 2.8896e+14
3980.3981 2.8905e+14 2.8896e+14
3980.4093 2.8905e+14 2.8896e+14
3980.4205 2.8905e+14 2.8896e+14
3980.4317 2.8905e+14 2.8896e+14
3980.4429 2.8905e+14 2.8896e+14
3980.4541 2.8905e+14 2.8896e+14
3980.4653 2.8905e+14 2.8896e+14
3980.4765 2.8906e+14 2.8896e+14
3980.4877 2.8906e+14 2.8896e+14
3980.4989 2.8906e+14 2.8896e+14
3980.5101 2.8906e+14 2.8897e+14
3980.5213 2.8906e+14 2.8897e+14
3980.5325 2.8906e+14 2.8897e+14
3980.5437 2.8906e+14 2.8897e+14
3980.5549 2.8906e+14 2.8897e+14
3980.5661 2.8906e+14 2.8897e+14
3980.5773 2.8906e+14 2.8897e+14
3980.5885 2.8906e+14 2.8897e+14
3980.5997 2.8906e+14 2.8897e+14
3980.6109 2.8907e+14 2.8897e+14
3980.6221 2.8907e+14 2.8897e+14
3980.6332 2.8907e+14 2.8898e+14
3980.6444 2.8907e+14 2.8898e+14
3980.6556 2.8907e+14 2.8898e+14
3980.6668 2.8907e+14 2.8898e+14
3980.6780 2.8907e+14 2.8898e+14
3980.6892 2.8907e+14 2.8898e+14
3980.7004 2.8907e+14 2.8898e+14
3980.7116 2.8907e+14 2.8898e+14
3980.7228 2.8907e+14 2.8898e+14
3980.7340 2.8907e+14 2.8898e+14
3980.7452 2.8908e+14 2.8898e+14
3980.7564 2.8908e+14 2.8899e+14
3980.7676 2.8908e+14 2.8899e+14
3980.7788 2.8908e+14 2.8899e+14
3980.7900 2.8908e+14 2.8899e+14
3980.8012 2.8908e+14 2.8899e+14
3980.8124 2.8908e+14 2.8899e+14
3980.8236 2.8908e+14 2.8899e+14
3980.8348 2.8908e+14 2.8899e+14
3980.8460 2.8908e+14 2.8899e+14
3980.8572 2.8908e+14 2.8899e+14
3980.8684 2.8908e+14 2.8899e+14
3980.8796 2.8909e+14 2.8899e+14
3980.8908 2.8909e+14 2.8900e+14
3980.9020 2.8909e+14 2.8900e+14
3980.9132 2.8909e+14 2.8900e+14
3980.9244 2.8909e+14 2.8900e+14
3980.9356 2.8909e+14 2.8900e+14
3980.9468 2.8909e+14 2.8900e+14
3980.9580 2.8909e+14 2.8900e+14
3980.9692 2.8909e+14 2.8900e+14
3980.9804 2.8909e+14 2.8900e+14
3980.9916 2.8909e+14 2.8900e+14
3981.0028 2.8909e+14 2.8900e+14
3981.0140 2.8910e+14 2.8901e+14
3981.0252 2.8910e+14 2.8901e+14
3981.0364 2.8910e+14 2.8901e+14
3981.0476 2.8910e+14 2.8901e+14
3981.0588 2.8910e+14 2.8901e+14
3981.0700 2.8910e+14 2.8901e+14
3981.0812 2.8910e+14 2.8901e+14
3981.0924 2.8910e+14 2.8901e+14
3981.1036 2.8910e+14 2.8901e+14
3981.1148 2.8910e+14 2.8901e+14
3981.1260 2.8910e+14 2.8901e+14
3981.1372 2.8910e+14 2.8902e+14
3981.1484 2.8911e+14 2.8902e+14
3981.1596 2.8911e+14 2.8902e+14
3981.1708 2.8911e+14 2.8902e+14
3981.1820 2.8911e+14 2.8902e+14
3981.1932 2.8911e+14 2.8902e+14
3981.2044 2.8911e+14 2.8902e+14
3981.2156 2.8911e+14 2.8902e+14
3981.2268 2.8911e+14 2.8902e+14
3981.2380 2.8911e+14 2.8902e+14
3981.2492 2.8911e+14 2.8902e+14
3981.2604 2.8911e+14 2.8903e+14
3981.2716 2.8911e+14 2.8903e+14
3981.2828 2.8912e+14 2.8903e+14
3981.2940 2.8912e+14 2.8903e+14
