# Wavelength(Å) I_cont(erg/s/cm2/Å/sr) I_abs(erg/s/cm2/Å/sr)
3878.9900 8.1445e+13 8.1445e+13
3879.0001 8.1446e+13 8.1446e+13
3879.0101 8.1446e+13 8.1446e+13
3879.0201 8.1447e+13 8.1447e+13
3879.0301 8.1447e+13 8.1447e+13
3879.0401 8.1448e+13 8.1448e+13
3879.0501 8.1448e+13 8.1448e+13
3879.0601 8.1449e+13 8.1449e+13
3879.0702 8.1449e+13 8.1449e+13
3879.0802 8.1450e+13 8.1450e+13
3879.0902 8.1450e+13 8.1450e+13
3879.1002 8.1451e+13 8.1451e+13
3879.1102 8.1451e+13 8.1451e+13
3879.1202 8.1452e+13 8.1452e+13
3879.1303 8.1452e+13 8.1452e+13
3879.1403 8.1453e+13 8.1453e+13
3879.1503 8.1453e+13 8.1453e+13
3879.1603 8.1454e+13 8.1454e+13
3879.1703 8.1454e+13 8.1454e+13
3879.1803 8.1455e+13 8.1455e+13
3879.1903 8.1455e+13 8.1455e+13
3879.2004 8.1456e+13 8.1456e+13
3879.2104 8.1456e+13 8.1456e+13
3879.2204 8.1457e+13 8.1457e+13
3879.2304 8.1457e+13 8.1457e+13
3879.2404 8.1458e+13 8.1458e+13
3879.2504 8.1458e+13 8.1458e+13
3879.2604 8.1459e+13 8.1459e+13
3879.2705 8.1459e+13 8.1459e+13
3879.2805 8.1460e+13 8.1460e+13
3879.2905 8.1460e+13 8.1460e+13
3879.3005 8.1461e+13 8.1461e+13
3879.3105 8.1461e+13 8.1461e+13
3879.3205 8.1462e+13 8.1462e+13
3879.3306 8.1462e+13 8.1462e+13
3879.3406 8.1463e+13 8.1463e+13
3879.3506 8.1463e+13 8.1463e+13
3879.3606 8.1464e+13 8.1464e+13
3879.3706 8.1465e+13 8.1464e+13
3879.3806 8.1465e+13 8.1465e+13
3879.3906 8.1466e+13 8.1465e+13
3879.4007 8.1466e+13 8.1466e+13
3879.4107 8.1467e+13 8.1467e+13
3879.4207 8.1467e+13 8.1467e+13
3879.4307 8.1468e+13 8.1468e+13
3879.4407 8.1468e+13 8.1468e+13
3879.4507 8.1469e+13 8.1469e+13
3879.4607 8.1469e+13 8.1469e+13
3879.4708 8.1470e+13 8.1470e+13
3879.4808 8.1470e+13 8.1470e+13
3879.4908 8.1471e+13 8.1471e+13
3879.5008 8.1471e+13 8.1471e+13
3879.5108 8.1472e+13 8.1472e+13
3879.5208 8.1472e+13 8.1472e+13
3879.5309 8.1473e+13 8.1473e+13
3879.5409 8.1473e+13 8.1473e+13
3879.5509 8.1474e+13 8.1474e+13
3879.5609 8.1474e+13 8.1474e+13
3879.5709 8.1475e+13 8.1475e+13
3879.5809 8.1475e+13 8.1475e+13
3879.5909 8.1476e+13 8.1476e+13
3879.6010 8.1476e+13 8.1476e+13
3879.6110 8.1477e+13 8.1477e+13
3879.6210 8.1477e+13 8.1477e+13
3879.6310 8.1478e+13 8.1478e+13
3879.6410 8.1478e+13 8.1478e+13
3879.6510 8.1479e+13 8.1479e+13
3879.6610 8.1479e+13 8.1479e+13
3879.6711 8.1480e+13 8.1480e+13
3879.6811 8.1480e+13 8.1480e+13
3879.6911 8.1481e+13 8.1481e+13
3879.7011 8.1481e+13 8.1481e+13
3879.7111 8.1482e+13 8.1482e+13
3879.7211 8.1482e+13 8.1482e+13
3879.7311 8.1483e+13 8.1483e+13
3879.7412 8.1483e+13 8.1483e+13
3879.7512 8.1484e+13 8.1484e+13
3879.7612 8.1484e+13 8.1484e+13
3879.7712 8.1485e+13 8.1485e+13
3879.7812 8.1485e+13 8.1485e+13
3879.7912 8.1486e+13 8.1486e+13
3879.8013 8.1486e+13 8.1486e+13
3879.8113 8.1487e+13 8.1487e+13
3879.8213 8.1487e+13 8.1487e+13
3879.8313 8.1488e+13 8.1488e+13
3879.8413 8.1488e+13 8.1488e+13
3879.8513 8.1489e+13 8.1489e+13
3879.8613 8.1489e+13 8.1489e+13
3879.8714 8.1490e+13 8.1490e+13
3879.8814 8.1490e+13 8.1490e+13
3879.8914 8.1491e+13 8.1491e+13
3879.9014 8.1491e+13 8.1491e+13
3879.9114 8.1492e+13 8.1492e+13
3879.9214 8.1493e+13 8.1492e+13
3879.9314 8.1493e+13 8.1493e+13
3879.9415 8.1494e+13 8.1494e+13
3879.9515 8.1494e+13 8.1494e+13
3879.9615 8.1495e+13 8.1495e+13
3879.9715 8.1495e+13 8.1495e+13
3879.9815 8.1496e+13 8.1496e+13
3879.9915 8.1496e+13 8.1496e+13
3880.0016 8.1497e+13 8.1497e+13
3880.0116 8.1497e+13 8.1497e+13
3880.0216 8.1498e+13 8.1498e+13
3880.0316 8.1498e+13 8.1498e+13
3880.0416 8.1499e+13 8.1499e+13
3880.0516 8.1499e+13 8.1499e+13
3880.0616 8.1500e+13 8.1500e+13
3880.0717 8.1500e+13 8.1500e+13
3880.0817 8.1501e+13 8.1501e+13
3880.0917 8.1501e+13 8.1501e+13
3880.1017 8.1502e+13 8.1502e+13
3880.1117 8.1502e+13 8.1502e+13
3880.1217 8.1503e+13 8.1503e+13
3880.1317 8.1503e+13 8.1503e+13
3880.1418 8.1504e+13 8.1504e+13
3880.1518 8.1504e+13 8.1504e+13
3880.1618 8.1505e+13 8.1505e+13
3880.1718 8.1505e+13 8.1505e+13
3880.1818 8.1506e+13 8.1506e+13
3880.1918 8.1506e+13 8.1506e+13
3880.2019 8.1507e+13 8.1507e+13
3880.2119 8.1507e+13 8.1507e+13
3880.2219 8.1508e+13 8.1508e+13
3880.2319 8.1508e+13 8.1508e+13
3880.2419 8.1509e+13 8.1509e+13
3880.2519 8.1509e+13 8.1509e+13
3880.2619 8.1510e+13 8.1510e+13
3880.2720 8.1510e+13 8.1510e+13
3880.2820 8.1511e+13 8.1511e+13
3880.2920 8.1511e+13 8.1511e+13
3880.3020 8.1512e+13 8.1512e+13
3880.3120 8.1512e+13 8.1512e+13
3880.3220 8.1513e+13 8.1513e+13
3880.3320 8.1513e+13 8.1513e+13
3880.3421 8.1514e+13 8.1514e+13
3880.3521 8.1514e+13 8.1514e+13
3880.3621 8.1515e+13 8.1515e+13
3880.3721 8.1515e+13 8.1515e+13
3880.3821 8.1516e+13 8.1516e+13
3880.3921 8.1516e+13 8.1516e+13
3880.4022 8.1517e+13 8.1517e+13
3880.4122 8.1517e+13 8.1517e+13
3880.4222 8.1518e+13 8.1518e+13
3880.4322 8.1518e+13 8.1518e+13
3880.4422 8.1519e+13 8.1519e+13
3880.4522 8.1520e+13 8.1519e+13
3880.4622 8.1520e+13 8.1520e+13
3880.4723 8.1521e+13 8.1520e+13
3880.4823 8.1521e+13 8.1521e+13
3880.4923 8.1522e+13 8.1522e+13
3880.5023 8.1522e+13 8.1522e+13
3880.5123 8.1523e+13 8.1523e+13
3880.5223 8.1523e+13 8.1523e+13
3880.5323 8.1524e+13 8.1524e+13
3880.5424 8.1524e+13 8.1524e+13
3880.5524 8.1525e+13 8.1525e+13
3880.5624 8.1525e+13 8.1525e+13
3880.5724 8.1526e+13 8.1526e+13
3880.5824 8.1526e+13 8.1526e+13
3880.5924 8.1527e+13 8.1527e+13
3880.6025 8.1527e+13 8.1527e+13
3880.6125 8.1528e+13 8.1528e+13
3880.6225 8.1528e+13 8.1528e+13
3880.6325 8.1529e+13 8.1529e+13
3880.6425 8.1529e+13 8.1529e+13
3880.6525 8.1530e+13 8.1530e+13
3880.6625 8.1530e+13 8.1530e+13
3880.6726 8.1531e+13 8.1531e+13
3880.6826 8.1531e+13 8.1531e+13
3880.6926 8.1532e+13 8.1532e+13
3880.7026 8.1532e+13 8.1532e+13
3880.7126 8.1533e+13 8.1533e+13
3880.7226 8.1533e+13 8.1533e+13
3880.7326 8.1534e+13 8.1534e+13
3880.7427 8.1534e+13 8.1534e+13
3880.7527 8.1535e+13 8.1535e+13
3880.7627 8.1535e+13 8.1535e+13
3880.7727 8.1536e+13 8.1536e+13
3880.7827 8.1536e+13 8.1536e+13
3880.7927 8.1537e+13 8.1537e+13
3880.8028 8.1537e+13 8.1537e+13
3880.8128 8.1538e+13 8.1538e+13
3880.8228 8.1538e+13 8.1538e+13
3880.8328 8.1539e+13 8.1539e+13
3880.8428 8.1539e+13 8.1539e+13
3880.8528 8.1540e+13 8.1540e+13
3880.8628 8.1540e+13 8.1540e+13
3880.8729 8.1541e+13 8.1541e+13
3880.8829 8.1541e+13 8.1541e+13
3880.8929 8.1542e+13 8.1542e+13
3880.9029 8.1542e+13 8.1542e+13
3880.9129 8.1543e+13 8.1543e+13
3880.9229 8.1543e+13 8.1543e+13
3880.9329 8.1544e+13 8.1544e+13
3880.9430 8.1544e+13 8.1544e+13
3880.9530 8.1545e+13 8.1545e+13
3880.9630 8.1545e+13 8.1545e+13
3880.9730 8.1546e+13 8.1546e+13
3880.9830 8.1546e+13 8.1546e+13
3880.9930 8.1547e+13 8.1547e+13
3881.0030 8.1548e+13 8.1547e+13
3881.0131 8.1548e+13 8.1548e+13
3881.0231 8.1549e+13 8.1548e+13
3881.0331 8.1549e+13 8.1549e+13
3881.0431 8.1550e+13 8.1550e+13
3881.0531 8.1550e+13 8.1550e+13
3881.0631 8.1551e+13 8.1551e+13
3881.0732 8.1551e+13 8.1551e+13
3881.0832 8.1552e+13 8.1552e+13
3881.0932 8.1552e+13 8.1552e+13
3881.1032 8.1553e+13 8.1553e+13
3881.1132 8.1553e+13 8.1553e+13
3881.1232 8.1554e+13 8.1554e+13
3881.1332 8.1554e+13 8.1554e+13
3881.1433 8.1555e+13 8.1555e+13
3881.1533 8.1555e+13 8.1555e+13
3881.1633 8.1556e+13 8.1556e+13
3881.1733 8.1556e+13 8.1556e+13
3881.1833 8.1557e+13 8.1557e+13
3881.1933 8.1557e+13 8.1557e+13
3881.2033 8.1558e+13 8.1558e+13
3881.2134 8.1558e+13 8.1558e+13
3881.2234 8.1559e+13 8.1559e+13
3881.2334 8.1559e+13 8.1559e+13
3881.2434 8.1560e+13 8.1560e+13
3881.2534 8.1560e+13 8.1560e+13
3881.2634 8.1561e+13 8.1561e+13
3881.2735 8.1561e+13 8.1561e+13
3881.2835 8.1562e+13 8.1562e+13
3881.2935 8.1562e+13 8.1562e+13
3881.3035 8.1563e+13 8.1563e+13
3881.3135 8.1563e+13 8.1563e+13
3881.3235 8.1564e+13 8.1564e+13
3881.3335 8.1564e+13 8.1564e+13
3881.3436 8.1565e+13 8.1565e+13
3881.3536 8.1565e+13 8.1565e+13
3881.3636 8.1566e+13 8.1566e+13
3881.3736 8.1566e+13 8.1566e+13
3881.3836 8.1567e+13 8.1567e+13
3881.3936 8.1567e+13 8.1567e+13
3881.4036 8.1568e+13 8.1568e+13
3881.4137 8.1568e+13 8.1568e+13
3881.4237 8.1569e+13 8.1569e+13
3881.4337 8.1569e+13 8.1569e+13
3881.4437 8.1570e+13 8.1570e+13
3881.4537 8.1570e+13 8.1570e+13
3881.4637 8.1571e+13 8.1571e+13
3881.4738 8.1571e+13 8.1571e+13
3881.4838 8.1572e+13 8.1572e+13
3881.4938 8.1572e+13 8.1572e+13
3881.5038 8.1573e+13 8.1573e+13
3881.5138 8.1573e+13 8.1573e+13
3881.5238 8.1574e+13 8.1574e+13
3881.5338 8.1574e+13 8.1574e+13
3881.5439 8.1575e+13 8.1575e+13
3881.5539 8.1575e+13 8.1575e+13
3881.5639 8.1576e+13 8.1576e+13
3881.5739 8.1577e+13 8.1576e+13
3881.5839 8.1577e+13 8.1577e+13
3881.5939 8.1578e+13 8.1578e+13
3881.6039 8.1578e+13 8.1578e+13
3881.6140 8.1579e+13 8.1579e+13
3881.6240 8.1579e+13 8.1579e+13
3881.6340 8.1580e+13 8.1580e+13
3881.6440 8.1580e+13 8.1580e+13
3881.6540 8.1581e+13 8.1581e+13
3881.6640 8.1581e+13 8.1581e+13
3881.6741 8.1582e+13 8.1582e+13
3881.6841 8.1582e+13 8.1582e+13
3881.6941 8.1583e+13 8.1583e+13
3881.7041 8.1583e+13 8.1583e+13
3881.7141 8.1584e+13 8.1584e+13
3881.7241 8.1584e+13 8.1584e+13
3881.7341 8.1585e+13 8.1585e+13
3881.7442 8.1585e+13 8.1585e+13
3881.7542 8.1586e+13 8.1586e+13
3881.7642 8.1586e+13 8.1586e+13
3881.7742 8.1587e+13 8.1587e+13
3881.7842 8.1587e+13 8.1587e+13
3881.7942 8.1588e+13 8.1588e+13
3881.8042 8.1588e+13 8.1588e+13
3881.8143 8.1589e+13 8.1589e+13
3881.8243 8.1589e+13 8.1589e+13
3881.8343 8.1590e+13 8.1590e+13
3881.8443 8.1590e+13 8.1590e+13
3881.8543 8.1591e+13 8.1591e+13
3881.8643 8.1591e+13 8.1591e+13
3881.8744 8.1592e+13 8.1592e+13
3881.8844 8.1592e+13 8.1592e+13
3881.8944 8.1593e+13 8.1593e+13
3881.9044 8.1593e+13 8.1593e+13
3881.9144 8.1594e+13 8.1594e+13
3881.9244 8.1594e+13 8.1594e+13
3881.9344 8.1595e+13 8.1595e+13
3881.9445 8.1595e+13 8.1595e+13
3881.9545 8.1596e+13 8.1596e+13
3881.9645 8.1596e+13 8.1596e+13
3881.9745 8.1597e+13 8.1597e+13
3881.9845 8.1597e+13 8.1597e+13
3881.9945 8.1598e+13 8.1598e+13
3882.0045 8.1598e+13 8.1598e+13
3882.0146 8.1599e+13 8.1599e+13
3882.0246 8.1599e+13 8.1599e+13
3882.0346 8.1600e+13 8.1600e+13
3882.0446 8.1600e+13 8.1600e+13
3882.0546 8.1601e+13 8.1601e+13
3882.0646 8.1601e+13 8.1601e+13
3882.0747 8.1602e+13 8.1602e+13
3882.0847 8.1602e+13 8.1602e+13
3882.0947 8.1603e+13 8.1603e+13
3882.1047 8.1603e+13 8.1603e+13
3882.1147 8.1604e+13 8.1604e+13
3882.1247 8.1604e+13 8.1604e+13
3882.1347 8.1605e+13 8.1605e+13
3882.1448 8.1606e+13 8.1605e+13
3882.1548 8.1606e+13 8.1606e+13
3882.1648 8.1607e+13 8.1607e+13
3882.1748 8.1607e+13 8.1607e+13
3882.1848 8.1608e+13 8.1608e+13
3882.1948 8.1608e+13 8.1608e+13
3882.2048 8.1609e+13 8.1609e+13
3882.2149 8.1609e+13 8.1609e+13
3882.2249 8.1610e+13 8.1610e+13
3882.2349 8.1610e+13 8.1610e+13
3882.2449 8.1611e+13 8.1611e+13
3882.2549 8.1611e+13 8.1611e+13
3882.2649 8.1612e+13 8.1612e+13
3882.2750 8.1612e+13 8.1612e+13
3882.2850 8.1613e+13 8.1613e+13
3882.2950 8.1613e+13 8.1613e+13
3882.3050 8.1614e+13 8.1614e+13
3882.3150 8.1614e+13 8.1614e+13
3882.3250 8.1615e+13 8.1615e+13
3882.3350 8.1615e+13 8.1615e+13
3882.3451 8.1616e+13 8.1616e+13
3882.3551 8.1616e+13 8.1616e+13
3882.3651 8.1617e+13 8.1617e+13
3882.3751 8.1617e+13 8.1617e+13
3882.3851 8.1618e+13 8.1618e+13
3882.3951 8.1618e+13 8.1618e+13
3882.4051 8.1619e+13 8.1619e+13
3882.4152 8.1619e+13 8.1619e+13
3882.4252 8.1620e+13 8.1620e+13
3882.4352 8.1620e+13 8.1620e+13
3882.4452 8.1621e+13 8.1621e+13
3882.4552 8.1621e+13 8.1621e+13
3882.4652 8.1622e+13 8.1622e+13
3882.4752 8.1622e+13 8.1622e+13
3882.4853 8.1623e+13 8.1623e+13
3882.4953 8.1623e+13 8.1623e+13
3882.5053 8.1624e+13 8.1624e+13
3882.5153 8.1624e+13 8.1624e+13
3882.5253 8.1625e+13 8.1625e+13
3882.5353 8.1625e+13 8.1625e+13
3882.5454 8.1626e+13 8.1626e+13
3882.5554 8.1626e+13 8.1626e+13
3882.5654 8.1627e+13 8.1627e+13
3882.5754 8.1627e+13 8.1627e+13
3882.5854 8.1628e+13 8.1628e+13
3882.5954 8.1628e+13 8.1628e+13
3882.6054 8.1629e+13 8.1629e+13
3882.6155 8.1629e+13 8.1629e+13
3882.6255 8.1630e+13 8.1630e+13
3882.6355 8.1630e+13 8.1630e+13
3882.6455 8.1631e+13 8.1631e+13
3882.6555 8.1631e+13 8.1631e+13
3882.6655 8.1632e+13 8.1632e+13
3882.6755 8.1632e+13 8.1632e+13
3882.6856 8.1633e+13 8.1633e+13
3882.6956 8.1633e+13 8.1633e+13
3882.7056 8.1634e+13 8.1634e+13
3882.7156 8.1635e+13 8.1634e+13
3882.7256 8.1635e+13 8.1635e+13
3882.7356 8.1636e+13 8.1636e+13
3882.7457 8.1636e+13 8.1636e+13
3882.7557 8.1637e+13 8.1637e+13
3882.7657 8.1637e+13 8.1637e+13
3882.7757 8.1638e+13 8.1638e+13
3882.7857 8.1638e+13 8.1638e+13
3882.7957 8.1639e+13 8.1639e+13
3882.8057 8.1639e+13 8.1639e+13
3882.8158 8.1640e+13 8.1640e+13
3882.8258 8.1640e+13 8.1640e+13
3882.8358 8.1641e+13 8.1641e+13
3882.8458 8.1641e+13 8.1641e+13
3882.8558 8.1642e+13 8.1642e+13
3882.8658 8.1642e+13 8.1642e+13
3882.8758 8.1643e+13 8.1643e+13
3882.8859 8.1643e+13 8.1643e+13
3882.8959 8.1644e+13 8.1644e+13
3882.9059 8.1644e+13 8.1644e+13
3882.9159 8.1645e+13 8.1645e+13
3882.9259 8.1645e+13 8.1645e+13
3882.9359 8.1646e+13 8.1646e+13
3882.9460 8.1646e+13 8.1646e+13
3882.9560 8.1647e+13 8.1647e+13
3882.9660 8.1647e+13 8.1647e+13
3882.9760 8.1648e+13 8.1648e+13
3882.9860 8.1648e+13 8.1648e+13
3882.9960 8.1649e+13 8.1649e+13
3883.0060 8.1649e+13 8.1649e+13
3883.0161 8.1650e+13 8.1650e+13
3883.0261 8.1650e+13 8.1650e+13
3883.0361 8.1651e+13 8.1651e+13
3883.0461 8.1651e+13 8.1651e+13
3883.0561 8.1652e+13 8.1652e+13
3883.0661 8.1652e+13 8.1652e+13
3883.0761 8.1653e+13 8.1653e+13
3883.0862 8.1653e+13 8.1653e+13
3883.0962 8.1654e+13 8.1654e+13
3883.1062 8.1654e+13 8.1654e+13
3883.1162 8.1655e+13 8.1655e+13
3883.1262 8.1655e+13 8.1655e+13
3883.1362 8.1656e+13 8.1656e+13
3883.1463 8.1656e+13 8.1656e+13
3883.1563 8.1657e+13 8.1657e+13
3883.1663 8.1657e+13 8.1657e+13
3883.1763 8.1658e+13 8.1658e+13
3883.1863 8.1658e+13 8.1658e+13
3883.1963 8.1659e+13 8.1659e+13
3883.2063 8.1659e+13 8.1659e+13
3883.2164 8.1660e+13 8.1660e+13
3883.2264 8.1660e+13 8.1660e+13
3883.2364 8.1661e+13 8.1661e+13
3883.2464 8.1661e+13 8.1661e+13
3883.2564 8.1662e+13 8.1662e+13
3883.2664 8.1662e+13 8.1662e+13
3883.2764 8.1663e+13 8.1663e+13
3883.2865 8.1664e+13 8.1663e+13
3883.2965 8.1664e+13 8.1664e+13
3883.3065 8.1665e+13 8.1664e+13
3883.3165 8.1665e+13 8.1665e+13
3883.3265 8.1666e+13 8.1666e+13
3883.3365 8.1666e+13 8.1666e+13
3883.3466 8.1667e+13 8.1667e+13
3883.3566 8.1667e+13 8.1667e+13
3883.3666 8.1668e+13 8.1668e+13
3883.3766 8.1668e+13 8.1668e+13
3883.3866 8.1669e+13 8.1669e+13
3883.3966 8.1669e+13 8.1669e+13
3883.4066 8.1670e+13 8.1670e+13
3883.4167 8.1670e+13 8.1670e+13
3883.4267 8.1671e+13 8.1671e+13
3883.4367 8.1671e+13 8.1671e+13
3883.4467 8.1672e+13 8.1672e+13
3883.4567 8.1672e+13 8.1672e+13
3883.4667 8.1673e+13 8.1673e+13
3883.4767 8.1673e+13 8.1673e+13
3883.4868 8.1674e+13 8.1674e+13
3883.4968 8.1674e+13 8.1674e+13
3883.5068 8.1675e+13 8.1675e+13
3883.5168 8.1675e+13 8.1675e+13
3883.5268 8.1676e+13 8.1676e+13
3883.5368 8.1676e+13 8.1676e+13
3883.5469 8.1677e+13 8.1677e+13
3883.5569 8.1677e+13 8.1677e+13
3883.5669 8.1678e+13 8.1678e+13
3883.5769 8.1678e+13 8.1678e+13
3883.5869 8.1679e+13 8.1679e+13
3883.5969 8.1679e+13 8.1679e+13
3883.6069 8.1680e+13 8.1680e+13
3883.6170 8.1680e+13 8.1680e+13
3883.6270 8.1681e+13 8.1681e+13
3883.6370 8.1681e+13 8.1681e+13
3883.6470 8.1682e+13 8.1682e+13
3883.6570 8.1682e+13 8.1682e+13
3883.6670 8.1683e+13 8.1683e+13
3883.6770 8.1683e+13 8.1683e+13
3883.6871 8.1684e+13 8.1684e+13
3883.6971 8.1684e+13 8.1684e+13
3883.7071 8.1685e+13 8.1685e+13
3883.7171 8.1685e+13 8.1685e+13
3883.7271 8.1686e+13 8.1686e+13
3883.7371 8.1686e+13 8.1686e+13
3883.7472 8.1687e+13 8.1687e+13
3883.7572 8.1687e+13 8.1687e+13
3883.7672 8.1688e+13 8.1688e+13
3883.7772 8.1688e+13 8.1688e+13
3883.7872 8.1689e+13 8.1689e+13
3883.7972 8.1689e+13 8.1689e+13
3883.8072 8.1690e+13 8.1690e+13
3883.8173 8.1690e+13 8.1690e+13
3883.8273 8.1691e+13 8.1691e+13
3883.8373 8.1691e+13 8.1691e+13
3883.8473 8.1692e+13 8.1692e+13
3883.8573 8.1692e+13 8.1692e+13
3883.8673 8.1693e+13 8.1693e+13
3883.8773 8.1694e+13 8.1693e+13
3883.8874 8.1694e+13 8.1694e+13
3883.8974 8.1695e+13 8.1694e+13
3883.9074 8.1695e+13 8.1695e+13
3883.9174 8.1696e+13 8.1696e+13
3883.9274 8.1696e+13 8.1696e+13
3883.9374 8.1697e+13 8.1697e+13
3883.9474 8.1697e+13 8.1697e+13
3883.9575 8.1698e+13 8.1698e+13
3883.9675 8.1698e+13 8.1698e+13
3883.9775 8.1699e+13 8.1699e+13
3883.9875 8.1699e+13 8.1699e+13
3883.9975 8.1700e+13 8.1700e+13
3884.0075 8.1700e+13 8.1700e+13
3884.0176 8.1701e+13 8.1701e+13
3884.0276 8.1701e+13 8.1701e+13
3884.0376 8.1702e+13 8.1702e+13
3884.0476 8.1702e+13 8.1702e+13
3884.0576 8.1703e+13 8.1703e+13
3884.0676 8.1703e+13 8.1703e+13
3884.0776 8.1704e+13 8.1704e+13
3884.0877 8.1704e+13 8.1704e+13
3884.0977 8.1705e+13 8.1705e+13
3884.1077 8.1705e+13 8.1705e+13
3884.1177 8.1706e+13 8.1706e+13
3884.1277 8.1706e+13 8.1706e+13
3884.1377 8.1707e+13 8.1707e+13
3884.1477 8.1707e+13 8.1707e+13
3884.1578 8.1708e+13 8.1708e+13
3884.1678 8.1708e+13 8.1708e+13
3884.1778 8.1709e+13 8.1709e+13
3884.1878 8.1709e+13 8.1709e+13
3884.1978 8.1710e+13 8.1710e+13
3884.2078 8.1710e+13 8.1710e+13
3884.2179 8.1711e+13 8.1711e+13
3884.2279 8.1711e+13 8.1711e+13
3884.2379 8.1712e+13 8.1712e+13
3884.2479 8.1712e+13 8.1712e+13
3884.2579 8.1713e+13 8.1713e+13
3884.2679 8.1713e+13 8.1713e+13
3884.2779 8.1714e+13 8.1714e+13
3884.2880 8.1714e+13 8.1714e+13
3884.2980 8.1715e+13 8.1715e+13
3884.3080 8.1715e+13 8.1715e+13
3884.3180 8.1716e+13 8.1716e+13
3884.3280 8.1716e+13 8.1716e+13
3884.3380 8.1717e+13 8.1717e+13
3884.3480 8.1717e+13 8.1717e+13
3884.3581 8.1718e+13 8.1718e+13
3884.3681 8.1718e+13 8.1718e+13
3884.3781 8.1719e+13 8.1719e+13
3884.3881 8.1719e+13 8.1719e+13
3884.3981 8.1720e+13 8.1720e+13
3884.4081 8.1720e+13 8.1720e+13
3884.4182 8.1721e+13 8.1721e+13
3884.4282 8.1721e+13 8.1721e+13
3884.4382 8.1722e+13 8.1722e+13
3884.4482 8.1722e+13 8.1722e+13
3884.4582 8.1723e+13 8.1723e+13
3884.4682 8.1723e+13 8.1723e+13
3884.4782 8.1724e+13 8.1724e+13
3884.4883 8.1725e+13 8.1724e+13
3884.4983 8.1725e+13 8.1725e+13
3884.5083 8.1726e+13 8.1726e+13
3884.5183 8.1726e+13 8.1726e+13
3884.5283 8.1727e+13 8.1727e+13
3884.5383 8.1727e+13 8.1727e+13
3884.5483 8.1728e+13 8.1728e+13
3884.5584 8.1728e+13 8.1728e+13
3884.5684 8.1729e+13 8.1729e+13
3884.5784 8.1729e+13 8.1729e+13
3884.5884 8.1730e+13 8.1730e+13
3884.5984 8.1730e+13 8.1730e+13
3884.6084 8.1731e+13 8.1731e+13
3884.6185 8.1731e+13 8.1731e+13
3884.6285 8.1732e+13 8.1732e+13
3884.6385 8.1732e+13 8.1732e+13
3884.6485 8.1733e+13 8.1733e+13
3884.6585 8.1733e+13 8.1733e+13
3884.6685 8.1734e+13 8.1734e+13
3884.6785 8.1734e+13 8.1734e+13
3884.6886 8.1735e+13 8.1735e+13
3884.6986 8.1735e+13 8.1735e+13
3884.7086 8.1736e+13 8.1736e+13
3884.7186 8.1736e+13 8.1736e+13
3884.7286 8.1737e+13 8.1737e+13
3884.7386 8.1737e+13 8.1737e+13
3884.7486 8.1738e+13 8.1738e+13
3884.7587 8.1738e+13 8.1738e+13
3884.7687 8.1739e+13 8.1739e+13
3884.7787 8.1739e+13 8.1739e+13
3884.7887 8.1740e+13 8.1740e+13
3884.7987 8.1740e+13 8.1740e+13
3884.8087 8.1741e+13 8.1741e+13
3884.8188 8.1741e+13 8.1741e+13
3884.8288 8.1742e+13 8.1742e+13
3884.8388 8.1742e+13 8.1742e+13
3884.8488 8.1743e+13 8.1743e+13
3884.8588 8.1743e+13 8.1743e+13
3884.8688 8.1744e+13 8.1744e+13
3884.8788 8.1744e+13 8.1744e+13
3884.8889 8.1745e+13 8.1745e+13
3884.8989 8.1745e+13 8.1745e+13
3884.9089 8.1746e+13 8.1746e+13
3884.9189 8.1746e+13 8.1746e+13
3884.9289 8.1747e+13 8.1747e+13
3884.9389 8.1747e+13 8.1747e+13
3884.9489 8.1748e+13 8.1748e+13
3884.9590 8.1748e+13 8.1748e+13
3884.9690 8.1749e+13 8.1749e+13
3884.9790 8.1749e+13 8.1749e+13
3884.9890 8.1750e+13 8.1750e+13
3884.9990 8.1750e+13 8.1750e+13
3885.0090 8.1751e+13 8.1751e+13
3885.0191 8.1751e+13 8.1751e+13
3885.0291 8.1752e+13 8.1752e+13
3885.0391 8.1752e+13 8.1752e+13
3885.0491 8.1753e+13 8.1753e+13
3885.0591 8.1753e+13 8.1753e+13
3885.0691 8.1754e+13 8.1754e+13
3885.0791 8.1754e+13 8.1754e+13
3885.0892 8.1755e+13 8.1755e+13
3885.0992 8.1756e+13 8.1755e+13
3885.1092 8.1756e+13 8.1756e+13
3885.1192 8.1757e+13 8.1757e+13
3885.1292 8.1757e+13 8.1757e+13
3885.1392 8.1758e+13 8.1758e+13
3885.1492 8.1758e+13 8.1758e+13
3885.1593 8.1759e+13 8.1759e+13
3885.1693 8.1759e+13 8.1759e+13
3885.1793 8.1760e+13 8.1760e+13
3885.1893 8.1760e+13 8.1760e+13
3885.1993 8.1761e+13 8.1761e+13
3885.2093 8.1761e+13 8.1761e+13
3885.2194 8.1762e+13 8.1762e+13
3885.2294 8.1762e+13 8.1762e+13
3885.2394 8.1763e+13 8.1763e+13
3885.2494 8.1763e+13 8.1763e+13
3885.2594 8.1764e+13 8.1764e+13
3885.2694 8.1764e+13 8.1764e+13
3885.2794 8.1765e+13 8.1765e+13
3885.2895 8.1765e+13 8.1765e+13
3885.2995 8.1766e+13 8.1766e+13
3885.3095 8.1766e+13 8.1766e+13
3885.3195 8.1767e+13 8.1767e+13
3885.3295 8.1767e+13 8.1767e+13
3885.3395 8.1768e+13 8.1768e+13
3885.3495 8.1768e+13 8.1768e+13
3885.3596 8.1769e+13 8.1769e+13
3885.3696 8.1769e+13 8.1769e+13
3885.3796 8.1770e+13 8.1770e+13
3885.3896 8.1770e+13 8.1770e+13
3885.3996 8.1771e+13 8.1771e+13
3885.4096 8.1771e+13 8.1771e+13
3885.4196 8.1772e+13 8.1772e+13
3885.4297 8.1772e+13 8.1772e+13
3885.4397 8.1773e+13 8.1773e+13
3885.4497 8.1773e+13 8.1773e+13
3885.4597 8.1774e+13 8.1774e+13
3885.4697 8.1774e+13 8.1774e+13
3885.4797 8.1775e+13 8.1775e+13
3885.4898 8.1775e+13 8.1775e+13
3885.4998 8.1776e+13 8.1776e+13
3885.5098 8.1776e+13 8.1776e+13
3885.5198 8.1777e+13 8.1777e+13
3885.5298 8.1777e+13 8.1777e+13
3885.5398 8.1778e+13 8.1778e+13
3885.5498 8.1778e+13 8.1778e+13
3885.5599 8.1779e+13 8.1779e+13
3885.5699 8.1779e+13 8.1779e+13
3885.5799 8.1780e+13 8.1780e+13
3885.5899 8.1780e+13 8.1780e+13
3885.5999 8.1781e+13 8.1781e+13
3885.6099 8.1781e+13 8.1781e+13
3885.6199 8.1782e+13 8.1782e+13
3885.6300 8.1782e+13 8.1782e+13
3885.6400 8.1783e+13 8.1783e+13
3885.6500 8.1783e+13 8.1783e+13
3885.6600 8.1784e+13 8.1784e+13
3885.6700 8.1784e+13 8.1784e+13
3885.6800 8.1785e+13 8.1785e+13
3885.6901 8.1785e+13 8.1785e+13
3885.7001 8.1786e+13 8.1786e+13
3885.7101 8.1787e+13 8.1786e+13
3885.7201 8.1787e+13 8.1787e+13
3885.7301 8.1788e+13 8.1787e+13
3885.7401 8.1788e+13 8.1788e+13
3885.7501 8.1789e+13 8.1789e+13
3885.7602 8.1789e+13 8.1789e+13
3885.7702 8.1790e+13 8.1790e+13
3885.7802 8.1790e+13 8.1790e+13
3885.7902 8.1791e+13 8.1791e+13
3885.8002 8.1791e+13 8.1791e+13
3885.8102 8.1792e+13 8.1792e+13
3885.8202 8.1792e+13 8.1792e+13
3885.8303 8.1793e+13 8.1793e+13
3885.8403 8.1793e+13 8.1793e+13
3885.8503 8.1794e+13 8.1794e+13
3885.8603 8.1794e+13 8.1794e+13
3885.8703 8.1795e+13 8.1795e+13
3885.8803 8.1795e+13 8.1795e+13
3885.8904 8.1796e+13 8.1796e+13
3885.9004 8.1796e+13 8.1796e+13
3885.9104 8.1797e+13 8.1797e+13
3885.9204 8.1797e+13 8.1797e+13
3885.9304 8.1798e+13 8.1798e+13
3885.9404 8.1798e+13 8.1798e+13
3885.9504 8.1799e+13 8.1799e+13
3885.9605 8.1799e+13 8.1799e+13
3885.9705 8.1800e+13 8.1800e+13
3885.9805 8.1800e+13 8.1800e+13
3885.9905 8.1801e+13 8.1801e+13
3886.0005 8.1801e+13 8.1801e+13
3886.0105 8.1802e+13 8.1802e+13
3886.0205 8.1802e+13 8.1802e+13
3886.0306 8.1803e+13 8.1803e+13
3886.0406 8.1803e+13 8.1803e+13
3886.0506 8.1804e+13 8.1804e+13
3886.0606 8.1804e+13 8.1804e+13
3886.0706 8.1805e+13 8.1805e+13
3886.0806 8.1805e+13 8.1805e+13
3886.0907 8.1806e+13 8.1806e+13
3886.1007 8.1806e+13 8.1806e+13
3886.1107 8.1807e+13 8.1807e+13
3886.1207 8.1807e+13 8.1807e+13
3886.1307 8.1808e+13 8.1808e+13
3886.1407 8.1808e+13 8.1808e+13
3886.1507 8.1809e+13 8.1809e+13
3886.1608 8.1809e+13 8.1809e+13
3886.1708 8.1810e+13 8.1810e+13
3886.1808 8.1810e+13 8.1810e+13
3886.1908 8.1811e+13 8.1811e+13
3886.2008 8.1811e+13 8.1811e+13
3886.2108 8.1812e+13 8.1812e+13
3886.2208 8.1812e+13 8.1812e+13
3886.2309 8.1813e+13 8.1813e+13
3886.2409 8.1813e+13 8.1813e+13
3886.2509 8.1814e+13 8.1814e+13
3886.2609 8.1814e+13 8.1814e+13
3886.2709 8.1815e+13 8.1815e+13
3886.2809 8.1815e+13 8.1815e+13
3886.2910 8.1816e+13 8.1816e+13
3886.3010 8.1816e+13 8.1816e+13
3886.3110 8.1817e+13 8.1817e+13
3886.3210 8.1817e+13 8.1817e+13
3886.3310 8.1818e+13 8.1818e+13
3886.3410 8.1819e+13 8.1818e+13
3886.3510 8.1819e+13 8.1819e+13
3886.3611 8.1820e+13 8.1819e+13
3886.3711 8.1820e+13 8.1820e+13
3886.3811 8.1821e+13 8.1821e+13
3886.3911 8.1821e+13 8.1821e+13
3886.4011 8.1822e+13 8.1822e+13
3886.4111 8.1822e+13 8.1822e+13
3886.4211 8.1823e+13 8.1823e+13
3886.4312 8.1823e+13 8.1823e+13
3886.4412 8.1824e+13 8.1824e+13
3886.4512 8.1824e+13 8.1824e+13
3886.4612 8.1825e+13 8.1825e+13
3886.4712 8.1825e+13 8.1825e+13
3886.4812 8.1826e+13 8.1826e+13
3886.4913 8.1826e+13 8.1826e+13
3886.5013 8.1827e+13 8.1827e+13
3886.5113 8.1827e+13 8.1827e+13
3886.5213 8.1828e+13 8.1828e+13
3886.5313 8.1828e+13 8.1828e+13
3886.5413 8.1829e+13 8.1829e+13
3886.5513 8.1829e+13 8.1829e+13
3886.5614 8.1830e+13 8.1830e+13
3886.5714 8.1830e+13 8.1830e+13
3886.5814 8.1831e+13 8.1831e+13
3886.5914 8.1831e+13 8.1831e+13
3886.6014 8.1832e+13 8.1832e+13
3886.6114 8.1832e+13 8.1832e+13
3886.6214 8.1833e+13 8.1833e+13
3886.6315 8.1833e+13 8.1833e+13
3886.6415 8.1834e+13 8.1834e+13
3886.6515 8.1834e+13 8.1834e+13
3886.6615 8.1835e+13 8.1835e+13
3886.6715 8.1835e+13 8.1835e+13
3886.6815 8.1836e+13 8.1836e+13
3886.6916 8.1836e+13 8.1836e+13
3886.7016 8.1837e+13 8.1837e+13
3886.7116 8.1837e+13 8.1837e+13
3886.7216 8.1838e+13 8.1838e+13
3886.7316 8.1838e+13 8.1838e+13
3886.7416 8.1839e+13 8.1839e+13
3886.7516 8.1839e+13 8.1839e+13
3886.7617 8.1840e+13 8.1840e+13
3886.7717 8.1840e+13 8.1840e+13
3886.7817 8.1841e+13 8.1841e+13
3886.7917 8.1841e+13 8.1841e+13
3886.8017 8.1842e+13 8.1842e+13
3886.8117 8.1842e+13 8.1842e+13
3886.8217 8.1843e+13 8.1843e+13
3886.8318 8.1843e+13 8.1843e+13
3886.8418 8.1844e+13 8.1844e+13
3886.8518 8.1844e+13 8.1844e+13
3886.8618 8.1845e+13 8.1845e+13
3886.8718 8.1845e+13 8.1845e+13
3886.8818 8.1846e+13 8.1846e+13
3886.8918 8.1846e+13 8.1846e+13
3886.9019 8.1847e+13 8.1847e+13
3886.9119 8.1847e+13 8.1847e+13
3886.9219 8.1848e+13 8.1848e+13
3886.9319 8.1848e+13 8.1848e+13
3886.9419 8.1849e+13 8.1849e+13
3886.9519 8.1849e+13 8.1849e+13
3886.9620 8.1850e+13 8.1850e+13
3886.9720 8.1850e+13 8.1850e+13
3886.9820 8.1851e+13 8.1851e+13
3886.9920 8.1852e+13 8.1851e+13
3887.0020 8.1852e+13 8.1852e+13
3887.0120 8.1853e+13 8.1853e+13
3887.0220 8.1853e+13 8.1853e+13
3887.0321 8.1854e+13 8.1854e+13
3887.0421 8.1854e+13 8.1854e+13
3887.0521 8.1855e+13 8.1855e+13
3887.0621 8.1855e+13 8.1855e+13
3887.0721 8.1856e+13 8.1856e+13
3887.0821 8.1856e+13 8.1856e+13
3887.0921 8.1857e+13 8.1857e+13
3887.1022 8.1857e+13 8.1857e+13
3887.1122 8.1858e+13 8.1858e+13
3887.1222 8.1858e+13 8.1858e+13
3887.1322 8.1859e+13 8.1859e+13
3887.1422 8.1859e+13 8.1859e+13
3887.1522 8.1860e+13 8.1860e+13
3887.1623 8.1860e+13 8.1860e+13
3887.1723 8.1861e+13 8.1861e+13
3887.1823 8.1861e+13 8.1861e+13
3887.1923 8.1862e+13 8.1862e+13
3887.2023 8.1862e+13 8.1862e+13
3887.2123 8.1863e+13 8.1863e+13
3887.2223 8.1863e+13 8.1863e+13
3887.2324 8.1864e+13 8.1864e+13
3887.2424 8.1864e+13 8.1864e+13
3887.2524 8.1865e+13 8.1865e+13
3887.2624 8.1865e+13 8.1865e+13
3887.2724 8.1866e+13 8.1866e+13
3887.2824 8.1866e+13 8.1866e+13
3887.2924 8.1867e+13 8.1867e+13
3887.3025 8.1867e+13 8.1867e+13
3887.3125 8.1868e+13 8.1868e+13
3887.3225 8.1868e+13 8.1868e+13
3887.3325 8.1869e+13 8.1869e+13
3887.3425 8.1869e+13 8.1869e+13
3887.3525 8.1870e+13 8.1870e+13
3887.3626 8.1870e+13 8.1870e+13
3887.3726 8.1871e+13 8.1871e+13
3887.3826 8.1871e+13 8.1871e+13
3887.3926 8.1872e+13 8.1872e+13
3887.4026 8.1872e+13 8.1872e+13
3887.4126 8.1873e+13 8.1873e+13
3887.4226 8.1873e+13 8.1873e+13
3887.4327 8.1874e+13 8.1874e+13
3887.4427 8.1874e+13 8.1874e+13
3887.4527 8.1875e+13 8.1875e+13
3887.4627 8.1875e+13 8.1875e+13
3887.4727 8.1876e+13 8.1876e+13
3887.4827 8.1876e+13 8.1876e+13
3887.4927 8.1877e+13 8.1877e+13
3887.5028 8.1877e+13 8.1877e+13
3887.5128 8.1878e+13 8.1878e+13
3887.5228 8.1878e+13 8.1878e+13
3887.5328 8.1879e+13 8.1879e+13
3887.5428 8.1879e+13 8.1879e+13
3887.5528 8.1880e+13 8.1880e+13
3887.5629 8.1880e+13 8.1880e+13
3887.5729 8.1881e+13 8.1881e+13
3887.5829 8.1881e+13 8.1881e+13
3887.5929 8.1882e+13 8.1882e+13
3887.6029 8.1882e+13 8.1882e+13
3887.6129 8.1883e+13 8.1883e+13
3887.6229 8.1883e+13 8.1883e+13
3887.6330 8.1884e+13 8.1884e+13
3887.6430 8.1885e+13 8.1884e+13
3887.6530 8.1885e+13 8.1885e+13
3887.6630 8.1886e+13 8.1886e+13
3887.6730 8.1886e+13 8.1886e+13
3887.6830 8.1887e+13 8.1887e+13
3887.6930 8.1887e+13 8.1887e+13
3887.7031 8.1888e+13 8.1888e+13
3887.7131 8.1888e+13 8.1888e+13
3887.7231 8.1889e+13 8.1889e+13
3887.7331 8.1889e+13 8.1889e+13
3887.7431 8.1890e+13 8.1890e+13
3887.7531 8.1890e+13 8.1890e+13
3887.7632 8.1891e+13 8.1891e+13
3887.7732 8.1891e+13 8.1891e+13
3887.7832 8.1892e+13 8.1892e+13
3887.7932 8.1892e+13 8.1892e+13
3887.8032 8.1893e+13 8.1893e+13
3887.8132 8.1893e+13 8.1893e+13
3887.8232 8.1894e+13 8.1894e+13
3887.8333 8.1894e+13 8.1894e+13
3887.8433 8.1895e+13 8.1895e+13
3887.8533 8.1895e+13 8.1895e+13
3887.8633 8.1896e+13 8.1896e+13
3887.8733 8.1896e+13 8.1896e+13
3887.8833 8.1897e+13 8.1897e+13
3887.8933 8.1897e+13 8.1897e+13
3887.9034 8.1898e+13 8.1898e+13
3887.9134 8.1898e+13 8.1898e+13
3887.9234 8.1899e+13 8.1899e+13
3887.9334 8.1899e+13 8.1899e+13
3887.9434 8.1900e+13 8.1900e+13
3887.9534 8.1900e+13 8.1900e+13
3887.9635 8.1901e+13 8.1901e+13
3887.9735 8.1901e+13 8.1901e+13
3887.9835 8.1902e+13 8.1902e+13
3887.9935 8.1902e+13 8.1902e+13
3888.0035 8.1903e+13 8.1903e+13
3888.0135 8.1903e+13 8.1903e+13
3888.0235 8.1904e+13 8.1904e+13
3888.0336 8.1904e+13 8.1904e+13
3888.0436 8.1905e+13 8.1905e+13
3888.0536 8.1905e+13 8.1905e+13
3888.0636 8.1906e+13 8.1906e+13
3888.0736 8.1906e+13 8.1906e+13
3888.0836 8.1907e+13 8.1907e+13
3888.0936 8.1907e+13 8.1907e+13
3888.1037 8.1908e+13 8.1908e+13
3888.1137 8.1908e+13 8.1908e+13
3888.1237 8.1909e+13 8.1909e+13
3888.1337 8.1909e+13 8.1909e+13
3888.1437 8.1910e+13 8.1910e+13
3888.1537 8.1910e+13 8.1910e+13
3888.1638 8.1911e+13 8.1911e+13
3888.1738 8.1911e+13 8.1911e+13
3888.1838 8.1912e+13 8.1912e+13
3888.1938 8.1912e+13 8.1912e+13
3888.2038 8.1913e+13 8.1913e+13
3888.2138 8.1913e+13 8.1913e+13
3888.2238 8.1914e+13 8.1914e+13
3888.2339 8.1914e+13 8.1914e+13
3888.2439 8.1915e+13 8.1915e+13
3888.2539 8.1915e+13 8.1915e+13
3888.2639 8.1916e+13 8.1916e+13
3888.2739 8.1916e+13 8.1916e+13
3888.2839 8.1917e+13 8.1917e+13
3888.2939 8.1918e+13 8.1917e+13
3888.3040 8.1918e+13 8.1918e+13
3888.3140 8.1919e+13 8.1918e+13
3888.3240 8.1919e+13 8.1919e+13
3888.3340 8.1920e+13 8.1920e+13
3888.3440 8.1920e+13 8.1920e+13
3888.3540 8.1921e+13 8.1921e+13
3888.3640 8.1921e+13 8.1921e+13
3888.3741 8.1922e+13 8.1922e+13
3888.3841 8.1922e+13 8.1922e+13
3888.3941 8.1923e+13 8.1923e+13
3888.4041 8.1923e+13 8.1923e+13
3888.4141 8.1924e+13 8.1924e+13
3888.4241 8.1924e+13 8.1924e+13
3888.4342 8.1925e+13 8.1925e+13
3888.4442 8.1925e+13 8.1925e+13
3888.4542 8.1926e+13 8.1926e+13
3888.4642 8.1926e+13 8.1926e+13
3888.4742 8.1927e+13 8.1927e+13
3888.4842 8.1927e+13 8.1927e+13
3888.4942 8.1928e+13 8.1928e+13
3888.5043 8.1928e+13 8.1928e+13
3888.5143 8.1929e+13 8.1929e+13
3888.5243 8.1929e+13 8.1929e+13
3888.5343 8.1930e+13 8.1930e+13
3888.5443 8.1930e+13 8.1930e+13
3888.5543 8.1931e+13 8.1931e+13
3888.5643 8.1931e+13 8.1931e+13
3888.5744 8.1932e+13 8.1932e+13
3888.5844 8.1932e+13 8.1932e+13
3888.5944 8.1933e+13 8.1933e+13
3888.6044 8.1933e+13 8.1933e+13
3888.6144 8.1934e+13 8.1934e+13
3888.6244 8.1934e+13 8.1934e+13
3888.6345 8.1935e+13 8.1935e+13
3888.6445 8.1935e+13 8.1935e+13
3888.6545 8.1936e+13 8.1936e+13
3888.6645 8.1936e+13 8.1936e+13
3888.6745 8.1937e+13 8.1937e+13
3888.6845 8.1937e+13 8.1937e+13
3888.6945 8.1938e+13 8.1938e+13
3888.7046 8.1938e+13 8.1938e+13
3888.7146 8.1939e+13 8.1939e+13
3888.7246 8.1939e+13 8.1939e+13
3888.7346 8.1940e+13 8.1940e+13
3888.7446 8.1940e+13 8.1940e+13
3888.7546 8.1941e+13 8.1941e+13
3888.7646 8.1941e+13 8.1941e+13
3888.7747 8.1942e+13 8.1942e+13
3888.7847 8.1942e+13 8.1942e+13
3888.7947 8.1943e+13 8.1943e+13
3888.8047 8.1943e+13 8.1943e+13
3888.8147 8.1944e+13 8.1944e+13
3888.8247 8.1944e+13 8.1944e+13
3888.8348 8.1945e+13 8.1945e+13
3888.8448 8.1945e+13 8.1945e+13
3888.8548 8.1946e+13 8.1946e+13
3888.8648 8.1946e+13 8.1946e+13
3888.8748 8.1947e+13 8.1947e+13
3888.8848 8.1947e+13 8.1947e+13
3888.8948 8.1948e+13 8.1948e+13
3888.9049 8.1948e+13 8.1948e+13
3888.9149 8.1949e+13 8.1949e+13
3888.9249 8.1949e+13 8.1949e+13
3888.9349 8.1950e+13 8.1950e+13
3888.9449 8.1950e+13 8.1950e+13
3888.9549 8.1951e+13 8.1951e+13
3888.9649 8.1951e+13 8.1951e+13
3888.9750 8.1952e+13 8.1952e+13
3888.9850 8.1953e+13 8.1952e+13
3888.9950 8.1953e+13 8.1953e+13
3889.0050 8.1954e+13 8.1953e+13
3889.0150 8.1954e+13 8.1954e+13
3889.0250 8.1955e+13 8.1955e+13
3889.0351 8.1955e+13 8.1955e+13
3889.0451 8.1956e+13 8.1956e+13
3889.0551 8.1956e+13 8.1956e+13
3889.0651 8.1957e+13 8.1957e+13
3889.0751 8.1957e+13 8.1957e+13
3889.0851 8.1958e+13 8.1958e+13
3889.0951 8.1958e+13 8.1958e+13
3889.1052 8.1959e+13 8.1959e+13
3889.1152 8.1959e+13 8.1959e+13
3889.1252 8.1960e+13 8.1960e+13
3889.1352 8.1960e+13 8.1960e+13
3889.1452 8.1961e+13 8.1961e+13
3889.1552 8.1961e+13 8.1961e+13
3889.1652 8.1962e+13 8.1962e+13
3889.1753 8.1962e+13 8.1962e+13
3889.1853 8.1963e+13 8.1963e+13
3889.1953 8.1963e+13 8.1963e+13
3889.2053 8.1964e+13 8.1964e+13
3889.2153 8.1964e+13 8.1964e+13
3889.2253 8.1965e+13 8.1965e+13
3889.2354 8.1965e+13 8.1965e+13
3889.2454 8.1966e+13 8.1966e+13
3889.2554 8.1966e+13 8.1966e+13
3889.2654 8.1967e+13 8.1967e+13
3889.2754 8.1967e+13 8.1967e+13
3889.2854 8.1968e+13 8.1968e+13
3889.2954 8.1968e+13 8.1968e+13
3889.3055 8.1969e+13 8.1969e+13
3889.3155 8.1969e+13 8.1969e+13
3889.3255 8.1970e+13 8.1970e+13
3889.3355 8.1970e+13 8.1970e+13
3889.3455 8.1971e+13 8.1971e+13
3889.3555 8.1971e+13 8.1971e+13
3889.3655 8.1972e+13 8.1972e+13
3889.3756 8.1972e+13 8.1972e+13
3889.3856 8.1973e+13 8.1973e+13
3889.3956 8.1973e+13 8.1973e+13
3889.4056 8.1974e+13 8.1974e+13
3889.4156 8.1974e+13 8.1974e+13
3889.4256 8.1975e+13 8.1975e+13
3889.4357 8.1975e+13 8.1975e+13
3889.4457 8.1976e+13 8.1976e+13
3889.4557 8.1976e+13 8.1976e+13
3889.4657 8.1977e+13 8.1977e+13
3889.4757 8.1977e+13 8.1977e+13
3889.4857 8.1978e+13 8.1978e+13
3889.4957 8.1978e+13 8.1978e+13
3889.5058 8.1979e+13 8.1979e+13
3889.5158 8.1979e+13 8.1979e+13
3889.5258 8.1980e+13 8.1980e+13
3889.5358 8.1980e+13 8.1980e+13
3889.5458 8.1981e+13 8.1981e+13
3889.5558 8.1981e+13 8.1981e+13
3889.5658 8.1982e+13 8.1982e+13
3889.5759 8.1982e+13 8.1982e+13
3889.5859 8.1983e+13 8.1983e+13
3889.5959 8.1983e+13 8.1983e+13
3889.6059 8.1984e+13 8.1984e+13
3889.6159 8.1984e+13 8.1984e+13
3889.6259 8.1985e+13 8.1985e+13
3889.6360 8.1985e+13 8.1985e+13
3889.6460 8.1986e+13 8.1986e+13
3889.6560 8.1986e+13 8.1986e+13
3889.6660 8.1987e+13 8.1987e+13
3889.6760 8.1988e+13 8.1987e+13
3889.6860 8.1988e+13 8.1988e+13
3889.6960 8.1989e+13 8.1988e+13
3889.7061 8.1989e+13 8.1989e+13
3889.7161 8.1990e+13 8.1990e+13
3889.7261 8.1990e+13 8.1990e+13
3889.7361 8.1991e+13 8.1991e+13
3889.7461 8.1991e+13 8.1991e+13
3889.7561 8.1992e+13 8.1992e+13
3889.7661 8.1992e+13 8.1992e+13
3889.7762 8.1993e+13 8.1993e+13
3889.7862 8.1993e+13 8.1993e+13
3889.7962 8.1994e+13 8.1994e+13
3889.8062 8.1994e+13 8.1994e+13
3889.8162 8.1995e+13 8.1995e+13
3889.8262 8.1995e+13 8.1995e+13
3889.8362 8.1996e+13 8.1996e+13
3889.8463 8.1996e+13 8.1996e+13
3889.8563 8.1997e+13 8.1997e+13
3889.8663 8.1997e+13 8.1997e+13
3889.8763 8.1998e+13 8.1998e+13
3889.8863 8.1998e+13 8.1998e+13
3889.8963 8.1999e+13 8.1999e+13
3889.9064 8.1999e+13 8.1999e+13
3889.9164 8.2000e+13 8.2000e+13
3889.9264 8.2000e+13 8.2000e+13
3889.9364 8.2001e+13 8.2001e+13
3889.9464 8.2001e+13 8.2001e+13
3889.9564 8.2002e+13 8.2002e+13
3889.9664 8.2002e+13 8.2002e+13
3889.9765 8.2003e+13 8.2003e+13
3889.9865 8.2003e+13 8.2003e+13
3889.9965 8.2004e+13 8.2004e+13
3890.0065 8.2004e+13 8.2004e+13
3890.0165 8.2005e+13 8.2005e+13
3890.0265 8.2005e+13 8.2005e+13
3890.0365 8.2006e+13 8.2006e+13
3890.0466 8.2006e+13 8.2006e+13
3890.0566 8.2007e+13 8.2007e+13
3890.0666 8.2007e+13 8.2007e+13
3890.0766 8.2008e+13 8.2008e+13
3890.0866 8.2008e+13 8.2008e+13
3890.0966 8.2009e+13 8.2009e+13
3890.1067 8.2009e+13 8.2009e+13
3890.1167 8.2010e+13 8.2010e+13
3890.1267 8.2010e+13 8.2010e+13
3890.1367 8.2011e+13 8.2011e+13
3890.1467 8.2011e+13 8.2011e+13
3890.1567 8.2012e+13 8.2012e+13
3890.1667 8.2012e+13 8.2012e+13
3890.1768 8.2013e+13 8.2013e+13
3890.1868 8.2013e+13 8.2013e+13
3890.1968 8.2014e+13 8.2014e+13
3890.2068 8.2014e+13 8.2014e+13
3890.2168 8.2015e+13 8.2015e+13
3890.2268 8.2015e+13 8.2015e+13
3890.2368 8.2016e+13 8.2016e+13
3890.2469 8.2016e+13 8.2016e+13
3890.2569 8.2017e+13 8.2017e+13
3890.2669 8.2017e+13 8.2017e+13
3890.2769 8.2018e+13 8.2018e+13
3890.2869 8.2018e+13 8.2018e+13
3890.2969 8.2019e+13 8.2019e+13
3890.3070 8.2019e+13 8.2019e+13
3890.3170 8.2020e+13 8.2020e+13
3890.3270 8.2020e+13 8.2020e+13
3890.3370 8.2021e+13 8.2021e+13
3890.3470 8.2021e+13 8.2021e+13
3890.3570 8.2022e+13 8.2022e+13
3890.3670 8.2022e+13 8.2022e+13
3890.3771 8.2023e+13 8.2023e+13
3890.3871 8.2024e+13 8.2023e+13
3890.3971 8.2024e+13 8.2024e+13
3890.4071 8.2025e+13 8.2025e+13
3890.4171 8.2025e+13 8.2025e+13
3890.4271 8.2026e+13 8.2026e+13
3890.4371 8.2026e+13 8.2026e+13
3890.4472 8.2027e+13 8.2027e+13
3890.4572 8.2027e+13 8.2027e+13
3890.4672 8.2028e+13 8.2028e+13
3890.4772 8.2028e+13 8.2028e+13
3890.4872 8.2029e+13 8.2029e+13
3890.4972 8.2029e+13 8.2029e+13
3890.5073 8.2030e+13 8.2030e+13
3890.5173 8.2030e+13 8.2030e+13
3890.5273 8.2031e+13 8.2031e+13
3890.5373 8.2031e+13 8.2031e+13
3890.5473 8.2032e+13 8.2032e+13
3890.5573 8.2032e+13 8.2032e+13
3890.5673 8.2033e+13 8.2033e+13
3890.5774 8.2033e+13 8.2033e+13
3890.5874 8.2034e+13 8.2034e+13
3890.5974 8.2034e+13 8.2034e+13
3890.6074 8.2035e+13 8.2035e+13
3890.6174 8.2035e+13 8.2035e+13
3890.6274 8.2036e+13 8.2036e+13
3890.6374 8.2036e+13 8.2036e+13
3890.6475 8.2037e+13 8.2037e+13
3890.6575 8.2037e+13 8.2037e+13
3890.6675 8.2038e+13 8.2038e+13
3890.6775 8.2038e+13 8.2038e+13
3890.6875 8.2039e+13 8.2039e+13
3890.6975 8.2039e+13 8.2039e+13
3890.7076 8.2040e+13 8.2040e+13
3890.7176 8.2040e+13 8.2040e+13
3890.7276 8.2041e+13 8.2041e+13
3890.7376 8.2041e+13 8.2041e+13
3890.7476 8.2042e+13 8.2042e+13
3890.7576 8.2042e+13 8.2042e+13
3890.7676 8.2043e+13 8.2043e+13
3890.7777 8.2043e+13 8.2043e+13
3890.7877 8.2044e+13 8.2044e+13
3890.7977 8.2044e+13 8.2044e+13
3890.8077 8.2045e+13 8.2045e+13
3890.8177 8.2045e+13 8.2045e+13
3890.8277 8.2046e+13 8.2046e+13
3890.8377 8.2046e+13 8.2046e+13
3890.8478 8.2047e+13 8.2047e+13
3890.8578 8.2047e+13 8.2047e+13
3890.8678 8.2048e+13 8.2048e+13
3890.8778 8.2048e+13 8.2048e+13
3890.8878 8.2049e+13 8.2049e+13
3890.8978 8.2049e+13 8.2049e+13
3890.9079 8.2050e+13 8.2050e+13
3890.9179 8.2050e+13 8.2050e+13
3890.9279 8.2051e+13 8.2051e+13
3890.9379 8.2051e+13 8.2051e+13
3890.9479 8.2052e+13 8.2052e+13
3890.9579 8.2052e+13 8.2052e+13
3890.9679 8.2053e+13 8.2053e+13
3890.9780 8.2053e+13 8.2053e+13
3890.9880 8.2054e+13 8.2054e+13
3890.9980 8.2054e+13 8.2054e+13
3891.0080 8.2055e+13 8.2055e+13
3891.0180 8.2055e+13 8.2055e+13
3891.0280 8.2056e+13 8.2056e+13
3891.0380 8.2056e+13 8.2056e+13
3891.0481 8.2057e+13 8.2057e+13
3891.0581 8.2057e+13 8.2057e+13
3891.0681 8.2058e+13 8.2058e+13
3891.0781 8.2058e+13 8.2058e+13
3891.0881 8.2059e+13 8.2059e+13
3891.0981 8.2060e+13 8.2059e+13
3891.1082 8.2060e+13 8.2060e+13
3891.1182 8.2061e+13 8.2060e+13
3891.1282 8.2061e+13 8.2061e+13
3891.1382 8.2062e+13 8.2062e+13
3891.1482 8.2062e+13 8.2062e+13
3891.1582 8.2063e+13 8.2063e+13
3891.1682 8.2063e+13 8.2063e+13
3891.1783 8.2064e+13 8.2064e+13
3891.1883 8.2064e+13 8.2064e+13
3891.1983 8.2065e+13 8.2065e+13
3891.2083 8.2065e+13 8.2065e+13
3891.2183 8.2066e+13 8.2066e+13
3891.2283 8.2066e+13 8.2066e+13
3891.2383 8.2067e+13 8.2067e+13
3891.2484 8.2067e+13 8.2067e+13
3891.2584 8.2068e+13 8.2068e+13
3891.2684 8.2068e+13 8.2068e+13
3891.2784 8.2069e+13 8.2069e+13
3891.2884 8.2069e+13 8.2069e+13
3891.2984 8.2070e+13 8.2070e+13
3891.3084 8.2070e+13 8.2070e+13
3891.3185 8.2071e+13 8.2071e+13
3891.3285 8.2071e+13 8.2071e+13
3891.3385 8.2072e+13 8.2072e+13
3891.3485 8.2072e+13 8.2072e+13
3891.3585 8.2073e+13 8.2073e+13
3891.3685 8.2073e+13 8.2073e+13
3891.3786 8.2074e+13 8.2074e+13
3891.3886 8.2074e+13 8.2074e+13
3891.3986 8.2075e+13 8.2075e+13
3891.4086 8.2075e+13 8.2075e+13
3891.4186 8.2076e+13 8.2076e+13
3891.4286 8.2076e+13 8.2076e+13
3891.4386 8.2077e+13 8.2077e+13
3891.4487 8.2077e+13 8.2077e+13
3891.4587 8.2078e+13 8.2078e+13
3891.4687 8.2078e+13 8.2078e+13
3891.4787 8.2079e+13 8.2079e+13
3891.4887 8.2079e+13 8.2079e+13
3891.4987 8.2080e+13 8.2080e+13
3891.5087 8.2080e+13 8.2080e+13
3891.5188 8.2081e+13 8.2081e+13
3891.5288 8.2081e+13 8.2081e+13
3891.5388 8.2082e+13 8.2082e+13
3891.5488 8.2082e+13 8.2082e+13
3891.5588 8.2083e+13 8.2083e+13
3891.5688 8.2083e+13 8.2083e+13
3891.5789 8.2084e+13 8.2084e+13
3891.5889 8.2084e+13 8.2084e+13
3891.5989 8.2085e+13 8.2085e+13
3891.6089 8.2085e+13 8.2085e+13
3891.6189 8.2086e+13 8.2086e+13
3891.6289 8.2086e+13 8.2086e+13
3891.6389 8.2087e+13 8.2087e+13
3891.6490 8.2087e+13 8.2087e+13
3891.6590 8.2088e+13 8.2088e+13
3891.6690 8.2088e+13 8.2088e+13
3891.6790 8.2089e+13 8.2089e+13
3891.6890 8.2089e+13 8.2089e+13
3891.6990 8.2090e+13 8.2090e+13
3891.7090 8.2090e+13 8.2090e+13
3891.7191 8.2091e+13 8.2091e+13
3891.7291 8.2091e+13 8.2091e+13
3891.7391 8.2092e+13 8.2092e+13
3891.7491 8.2092e+13 8.2092e+13
3891.7591 8.2093e+13 8.2093e+13
3891.7691 8.2093e+13 8.2093e+13
3891.7792 8.2094e+13 8.2094e+13
3891.7892 8.2094e+13 8.2094e+13
3891.7992 8.2095e+13 8.2095e+13
3891.8092 8.2095e+13 8.2095e+13
3891.8192 8.2096e+13 8.2096e+13
3891.8292 8.2096e+13 8.2096e+13
3891.8392 8.2097e+13 8.2097e+13
3891.8493 8.2098e+13 8.2097e+13
3891.8593 8.2098e+13 8.2098e+13
3891.8693 8.2099e+13 8.2098e+13
3891.8793 8.2099e+13 8.2099e+13
3891.8893 8.2100e+13 8.2100e+13
3891.8993 8.2100e+13 8.2100e+13
3891.9093 8.2101e+13 8.2101e+13
3891.9194 8.2101e+13 8.2101e+13
3891.9294 8.2102e+13 8.2102e+13
3891.9394 8.2102e+13 8.2102e+13
3891.9494 8.2103e+13 8.2103e+13
3891.9594 8.2103e+13 8.2103e+13
3891.9694 8.2104e+13 8.2104e+13
3891.9795 8.2104e+13 8.2104e+13
3891.9895 8.2105e+13 8.2105e+13
3891.9995 8.2105e+13 8.2105e+13
3892.0095 8.2106e+13 8.2106e+13
3892.0195 8.2106e+13 8.2106e+13
3892.0295 8.2107e+13 8.2107e+13
3892.0395 8.2107e+13 8.2107e+13
3892.0496 8.2108e+13 8.2108e+13
3892.0596 8.2108e+13 8.2108e+13
3892.0696 8.2109e+13 8.2109e+13
3892.0796 8.2109e+13 8.2109e+13
3892.0896 8.2110e+13 8.2110e+13
3892.0996 8.2110e+13 8.2110e+13
3892.1096 8.2111e+13 8.2111e+13
3892.1197 8.2111e+13 8.2111e+13
3892.1297 8.2112e+13 8.2112e+13
3892.1397 8.2112e+13 8.2112e+13
3892.1497 8.2113e+13 8.2113e+13
3892.1597 8.2113e+13 8.2113e+13
3892.1697 8.2114e+13 8.2114e+13
3892.1798 8.2114e+13 8.2114e+13
3892.1898 8.2115e+13 8.2115e+13
3892.1998 8.2115e+13 8.2115e+13
3892.2098 8.2116e+13 8.2116e+13
3892.2198 8.2116e+13 8.2116e+13
3892.2298 8.2117e+13 8.2117e+13
3892.2398 8.2117e+13 8.2117e+13
3892.2499 8.2118e+13 8.2118e+13
3892.2599 8.2118e+13 8.2118e+13
3892.2699 8.2119e+13 8.2119e+13
3892.2799 8.2119e+13 8.2119e+13
3892.2899 8.2120e+13 8.2120e+13
3892.2999 8.2120e+13 8.2120e+13
3892.3099 8.2121e+13 8.2121e+13
3892.3200 8.2121e+13 8.2121e+13
3892.3300 8.2122e+13 8.2122e+13
3892.3400 8.2122e+13 8.2122e+13
3892.3500 8.2123e+13 8.2123e+13
3892.3600 8.2123e+13 8.2123e+13
3892.3700 8.2124e+13 8.2124e+13
3892.3801 8.2124e+13 8.2124e+13
3892.3901 8.2125e+13 8.2125e+13
3892.4001 8.2125e+13 8.2125e+13
3892.4101 8.2126e+13 8.2126e+13
3892.4201 8.2126e+13 8.2126e+13
3892.4301 8.2127e+13 8.2127e+13
3892.4401 8.2127e+13 8.2127e+13
3892.4502 8.2128e+13 8.2128e+13
3892.4602 8.2128e+13 8.2128e+13
3892.4702 8.2129e+13 8.2129e+13
3892.4802 8.2129e+13 8.2129e+13
3892.4902 8.2130e+13 8.2130e+13
3892.5002 8.2130e+13 8.2130e+13
3892.5102 8.2131e+13 8.2131e+13
3892.5203 8.2131e+13 8.2131e+13
3892.5303 8.2132e+13 8.2132e+13
3892.5403 8.2132e+13 8.2132e+13
3892.5503 8.2133e+13 8.2133e+13
3892.5603 8.2133e+13 8.2133e+13
3892.5703 8.2134e+13 8.2134e+13
3892.5804 8.2134e+13 8.2134e+13
3892.5904 8.2135e+13 8.2135e+13
3892.6004 8.2136e+13 8.2135e+13
3892.6104 8.2136e+13 8.2136e+13
3892.6204 8.2137e+13 8.2136e+13
3892.6304 8.2137e+13 8.2137e+13
3892.6404 8.2138e+13 8.2138e+13
3892.6505 8.2138e+13 8.2138e+13
3892.6605 8.2139e+13 8.2139e+13
3892.6705 8.2139e+13 8.2139e+13
3892.6805 8.2140e+13 8.2140e+13
3892.6905 8.2140e+13 8.2140e+13
3892.7005 8.2141e+13 8.2141e+13
3892.7105 8.2141e+13 8.2141e+13
3892.7206 8.2142e+13 8.2142e+13
3892.7306 8.2142e+13 8.2142e+13
3892.7406 8.2143e+13 8.2143e+13
3892.7506 8.2143e+13 8.2143e+13
3892.7606 8.2144e+13 8.2144e+13
3892.7706 8.2144e+13 8.2144e+13
3892.7806 8.2145e+13 8.2145e+13
3892.7907 8.2145e+13 8.2145e+13
3892.8007 8.2146e+13 8.2146e+13
3892.8107 8.2146e+13 8.2146e+13
3892.8207 8.2147e+13 8.2147e+13
3892.8307 8.2147e+13 8.2147e+13
3892.8407 8.2148e+13 8.2148e+13
3892.8508 8.2148e+13 8.2148e+13
3892.8608 8.2149e+13 8.2149e+13
3892.8708 8.2149e+13 8.2149e+13
3892.8808 8.2150e+13 8.2150e+13
3892.8908 8.2150e+13 8.2150e+13
3892.9008 8.2151e+13 8.2151e+13
3892.9108 8.2151e+13 8.2151e+13
3892.9209 8.2152e+13 8.2152e+13
3892.9309 8.2152e+13 8.2152e+13
3892.9409 8.2153e+13 8.2153e+13
3892.9509 8.2153e+13 8.2153e+13
3892.9609 8.2154e+13 8.2154e+13
3892.9709 8.2154e+13 8.2154e+13
3892.9809 8.2155e+13 8.2155e+13
3892.9910 8.2155e+13 8.2155e+13
3893.0010 8.2156e+13 8.2156e+13
3893.0110 8.2156e+13 8.2156e+13
3893.0210 8.2157e+13 8.2157e+13
3893.0310 8.2157e+13 8.2157e+13
3893.0410 8.2158e+13 8.2158e+13
3893.0511 8.2158e+13 8.2158e+13
3893.0611 8.2159e+13 8.2159e+13
3893.0711 8.2159e+13 8.2159e+13
3893.0811 8.2160e+13 8.2160e+13
3893.0911 8.2160e+13 8.2160e+13
3893.1011 8.2161e+13 8.2161e+13
3893.1111 8.2161e+13 8.2161e+13
3893.1212 8.2162e+13 8.2162e+13
3893.1312 8.2162e+13 8.2162e+13
3893.1412 8.2163e+13 8.2163e+13
3893.1512 8.2163e+13 8.2163e+13
3893.1612 8.2164e+13 8.2164e+13
3893.1712 8.2164e+13 8.2164e+13
3893.1812 8.2165e+13 8.2165e+13
3893.1913 8.2165e+13 8.2165e+13
3893.2013 8.2166e+13 8.2166e+13
3893.2113 8.2166e+13 8.2166e+13
3893.2213 8.2167e+13 8.2167e+13
3893.2313 8.2167e+13 8.2167e+13
3893.2413 8.2168e+13 8.2168e+13
3893.2514 8.2168e+13 8.2168e+13
3893.2614 8.2169e+13 8.2169e+13
3893.2714 8.2169e+13 8.2169e+13
3893.2814 8.2170e+13 8.2170e+13
3893.2914 8.2170e+13 8.2170e+13
3893.3014 8.2171e+13 8.2171e+13
3893.3114 8.2171e+13 8.2171e+13
3893.3215 8.2172e+13 8.2172e+13
3893.3315 8.2172e+13 8.2172e+13
3893.3415 8.2173e+13 8.2173e+13
3893.3515 8.2173e+13 8.2173e+13
3893.3615 8.2174e+13 8.2174e+13
3893.3715 8.2175e+13 8.2174e+13
3893.3815 8.2175e+13 8.2175e+13
3893.3916 8.2176e+13 8.2175e+13
3893.4016 8.2176e+13 8.2176e+13
3893.4116 8.2177e+13 8.2177e+13
3893.4216 8.2177e+13 8.2177e+13
3893.4316 8.2178e+13 8.2178e+13
3893.4416 8.2178e+13 8.2178e+13
3893.4517 8.2179e+13 8.2179e+13
3893.4617 8.2179e+13 8.2179e+13
3893.4717 8.2180e+13 8.2180e+13
3893.4817 8.2180e+13 8.2180e+13
3893.4917 8.2181e+13 8.2181e+13
3893.5017 8.2181e+13 8.2181e+13
3893.5117 8.2182e+13 8.2182e+13
3893.5218 8.2182e+13 8.2182e+13
3893.5318 8.2183e+13 8.2183e+13
3893.5418 8.2183e+13 8.2183e+13
3893.5518 8.2184e+13 8.2184e+13
3893.5618 8.2184e+13 8.2184e+13
3893.5718 8.2185e+13 8.2185e+13
3893.5818 8.2185e+13 8.2185e+13
3893.5919 8.2186e+13 8.2186e+13
3893.6019 8.2186e+13 8.2186e+13
3893.6119 8.2187e+13 8.2187e+13
3893.6219 8.2187e+13 8.2187e+13
3893.6319 8.2188e+13 8.2188e+13
3893.6419 8.2188e+13 8.2188e+13
3893.6520 8.2189e+13 8.2189e+13
3893.6620 8.2189e+13 8.2189e+13
3893.6720 8.2190e+13 8.2190e+13
3893.6820 8.2190e+13 8.2190e+13
3893.6920 8.2191e+13 8.2191e+13
3893.7020 8.2191e+13 8.2191e+13
3893.7120 8.2192e+13 8.2192e+13
3893.7221 8.2192e+13 8.2192e+13
3893.7321 8.2193e+13 8.2193e+13
3893.7421 8.2193e+13 8.2193e+13
3893.7521 8.2194e+13 8.2194e+13
3893.7621 8.2194e+13 8.2194e+13
3893.7721 8.2195e+13 8.2195e+13
3893.7821 8.2195e+13 8.2195e+13
3893.7922 8.2196e+13 8.2196e+13
3893.8022 8.2196e+13 8.2196e+13
3893.8122 8.2197e+13 8.2197e+13
3893.8222 8.2197e+13 8.2197e+13
3893.8322 8.2198e+13 8.2198e+13
3893.8422 8.2198e+13 8.2198e+13
3893.8523 8.2199e+13 8.2199e+13
3893.8623 8.2199e+13 8.2199e+13
3893.8723 8.2200e+13 8.2200e+13
3893.8823 8.2200e+13 8.2200e+13
3893.8923 8.2201e+13 8.2201e+13
3893.9023 8.2201e+13 8.2201e+13
3893.9123 8.2202e+13 8.2202e+13
3893.9224 8.2202e+13 8.2202e+13
3893.9324 8.2203e+13 8.2203e+13
3893.9424 8.2203e+13 8.2203e+13
3893.9524 8.2204e+13 8.2204e+13
3893.9624 8.2204e+13 8.2204e+13
3893.9724 8.2205e+13 8.2205e+13
3893.9824 8.2205e+13 8.2205e+13
3893.9925 8.2206e+13 8.2206e+13
3894.0025 8.2206e+13 8.2206e+13
3894.0125 8.2207e+13 8.2207e+13
3894.0225 8.2207e+13 8.2207e+13
3894.0325 8.2208e+13 8.2208e+13
3894.0425 8.2208e+13 8.2208e+13
3894.0526 8.2209e+13 8.2209e+13
3894.0626 8.2209e+13 8.2209e+13
3894.0726 8.2210e+13 8.2210e+13
3894.0826 8.2210e+13 8.2210e+13
3894.0926 8.2211e+13 8.2211e+13
3894.1026 8.2211e+13 8.2211e+13
3894.1126 8.2212e+13 8.2212e+13
3894.1227 8.2212e+13 8.2212e+13
3894.1327 8.2213e+13 8.2213e+13
3894.1427 8.2213e+13 8.2213e+13
3894.1527 8.2214e+13 8.2214e+13
3894.1627 8.2214e+13 8.2214e+13
3894.1727 8.2215e+13 8.2215e+13
3894.1827 8.2216e+13 8.2215e+13
3894.1928 8.2216e+13 8.2216e+13
3894.2028 8.2217e+13 8.2216e+13
3894.2128 8.2217e+13 8.2217e+13
3894.2228 8.2218e+13 8.2218e+13
3894.2328 8.2218e+13 8.2218e+13
3894.2428 8.2219e+13 8.2219e+13
3894.2528 8.2219e+13 8.2219e+13
3894.2629 8.2220e+13 8.2220e+13
3894.2729 8.2220e+13 8.2220e+13
3894.2829 8.2221e+13 8.2221e+13
3894.2929 8.2221e+13 8.2221e+13
3894.3029 8.2222e+13 8.2222e+13
3894.3129 8.2222e+13 8.2222e+13
3894.3230 8.2223e+13 8.2223e+13
3894.3330 8.2223e+13 8.2223e+13
3894.3430 8.2224e+13 8.2224e+13
3894.3530 8.2224e+13 8.2224e+13
3894.3630 8.2225e+13 8.2225e+13
3894.3730 8.2225e+13 8.2225e+13
3894.3830 8.2226e+13 8.2226e+13
3894.3931 8.2226e+13 8.2226e+13
3894.4031 8.2227e+13 8.2227e+13
3894.4131 8.2227e+13 8.2227e+13
3894.4231 8.2228e+13 8.2228e+13
3894.4331 8.2228e+13 8.2228e+13
3894.4431 8.2229e+13 8.2229e+13
3894.4531 8.2229e+13 8.2229e+13
3894.4632 8.2230e+13 8.2230e+13
3894.4732 8.2230e+13 8.2230e+13
3894.4832 8.2231e+13 8.2231e+13
3894.4932 8.2231e+13 8.2231e+13
3894.5032 8.2232e+13 8.2232e+13
3894.5132 8.2232e+13 8.2232e+13
3894.5233 8.2233e+13 8.2233e+13
3894.5333 8.2233e+13 8.2233e+13
3894.5433 8.2234e+13 8.2234e+13
3894.5533 8.2234e+13 8.2234e+13
3894.5633 8.2235e+13 8.2235e+13
3894.5733 8.2235e+13 8.2235e+13
3894.5833 8.2236e+13 8.2236e+13
3894.5934 8.2236e+13 8.2236e+13
3894.6034 8.2237e+13 8.2237e+13
3894.6134 8.2237e+13 8.2237e+13
3894.6234 8.2238e+13 8.2238e+13
3894.6334 8.2238e+13 8.2238e+13
3894.6434 8.2239e+13 8.2239e+13
3894.6534 8.2239e+13 8.2239e+13
3894.6635 8.2240e+13 8.2240e+13
3894.6735 8.2240e+13 8.2240e+13
3894.6835 8.2241e+13 8.2241e+13
3894.6935 8.2241e+13 8.2241e+13
3894.7035 8.2242e+13 8.2242e+13
3894.7135 8.2242e+13 8.2242e+13
3894.7236 8.2243e+13 8.2243e+13
3894.7336 8.2243e+13 8.2243e+13
3894.7436 8.2244e+13 8.2244e+13
3894.7536 8.2244e+13 8.2244e+13
3894.7636 8.2245e+13 8.2245e+13
3894.7736 8.2245e+13 8.2245e+13
3894.7836 8.2246e+13 8.2246e+13
3894.7937 8.2246e+13 8.2246e+13
3894.8037 8.2247e+13 8.2247e+13
3894.8137 8.2247e+13 8.2247e+13
3894.8237 8.2248e+13 8.2248e+13
3894.8337 8.2248e+13 8.2248e+13
3894.8437 8.2249e+13 8.2249e+13
3894.8537 8.2249e+13 8.2249e+13
3894.8638 8.2250e+13 8.2250e+13
3894.8738 8.2250e+13 8.2250e+13
3894.8838 8.2251e+13 8.2251e+13
3894.8938 8.2251e+13 8.2251e+13
3894.9038 8.2252e+13 8.2252e+13
3894.9138 8.2252e+13 8.2252e+13
3894.9239 8.2253e+13 8.2253e+13
3894.9339 8.2253e+13 8.2253e+13
3894.9439 8.2254e+13 8.2254e+13
3894.9539 8.2254e+13 8.2254e+13
3894.9639 8.2255e+13 8.2255e+13
3894.9739 8.2255e+13 8.2255e+13
3894.9839 8.2256e+13 8.2256e+13
3894.9940 8.2257e+13 8.2256e+13
3895.0040 8.2257e+13 8.2257e+13
3895.0140 8.2258e+13 8.2257e+13
3895.0240 8.2258e+13 8.2258e+13
3895.0340 8.2259e+13 8.2259e+13
3895.0440 8.2259e+13 8.2259e+13
3895.0540 8.2260e+13 8.2260e+13
3895.0641 8.2260e+13 8.2260e+13
3895.0741 8.2261e+13 8.2261e+13
3895.0841 8.2261e+13 8.2261e+13
3895.0941 8.2262e+13 8.2262e+13
3895.1041 8.2262e+13 8.2262e+13
3895.1141 8.2263e+13 8.2263e+13
3895.1242 8.2263e+13 8.2263e+13
3895.1342 8.2264e+13 8.2264e+13
3895.1442 8.2264e+13 8.2264e+13
3895.1542 8.2265e+13 8.2265e+13
3895.1642 8.2265e+13 8.2265e+13
3895.1742 8.2266e+13 8.2266e+13
3895.1842 8.2266e+13 8.2266e+13
3895.1943 8.2267e+13 8.2267e+13
3895.2043 8.2267e+13 8.2267e+13
3895.2143 8.2268e+13 8.2268e+13
3895.2243 8.2268e+13 8.2268e+13
3895.2343 8.2269e+13 8.2269e+13
3895.2443 8.2269e+13 8.2269e+13
3895.2543 8.2270e+13 8.2270e+13
3895.2644 8.2270e+13 8.2270e+13
3895.2744 8.2271e+13 8.2271e+13
3895.2844 8.2271e+13 8.2271e+13
3895.2944 8.2272e+13 8.2272e+13
3895.3044 8.2272e+13 8.2272e+13
3895.3144 8.2273e+13 8.2273e+13
3895.3245 8.2273e+13 8.2273e+13
3895.3345 8.2274e+13 8.2274e+13
3895.3445 8.2274e+13 8.2274e+13
3895.3545 8.2275e+13 8.2275e+13
3895.3645 8.2275e+13 8.2275e+13
3895.3745 8.2276e+13 8.2276e+13
3895.3845 8.2276e+13 8.2276e+13
3895.3946 8.2277e+13 8.2277e+13
3895.4046 8.2277e+13 8.2277e+13
3895.4146 8.2278e+13 8.2278e+13
3895.4246 8.2278e+13 8.2278e+13
3895.4346 8.2279e+13 8.2279e+13
3895.4446 8.2279e+13 8.2279e+13
3895.4546 8.2280e+13 8.2280e+13
3895.4647 8.2280e+13 8.2280e+13
3895.4747 8.2281e+13 8.2281e+13
3895.4847 8.2281e+13 8.2281e+13
3895.4947 8.2282e+13 8.2282e+13
3895.5047 8.2282e+13 8.2282e+13
3895.5147 8.2283e+13 8.2283e+13
3895.5248 8.2283e+13 8.2283e+13
3895.5348 8.2284e+13 8.2284e+13
3895.5448 8.2284e+13 8.2284e+13
3895.5548 8.2285e+13 8.2285e+13
3895.5648 8.2285e+13 8.2285e+13
3895.5748 8.2286e+13 8.2286e+13
3895.5848 8.2286e+13 8.2286e+13
3895.5949 8.2287e+13 8.2287e+13
3895.6049 8.2287e+13 8.2287e+13
3895.6149 8.2288e+13 8.2288e+13
3895.6249 8.2288e+13 8.2288e+13
3895.6349 8.2289e+13 8.2289e+13
3895.6449 8.2289e+13 8.2289e+13
3895.6549 8.2290e+13 8.2290e+13
3895.6650 8.2290e+13 8.2290e+13
3895.6750 8.2291e+13 8.2291e+13
3895.6850 8.2291e+13 8.2291e+13
3895.6950 8.2292e+13 8.2292e+13
3895.7050 8.2292e+13 8.2292e+13
3895.7150 8.2293e+13 8.2293e+13
3895.7250 8.2293e+13 8.2293e+13
3895.7351 8.2294e+13 8.2294e+13
3895.7451 8.2294e+13 8.2294e+13
3895.7551 8.2295e+13 8.2295e+13
3895.7651 8.2295e+13 8.2295e+13
3895.7751 8.2296e+13 8.2296e+13
3895.7851 8.2296e+13 8.2296e+13
3895.7952 8.2297e+13 8.2297e+13
3895.8052 8.2297e+13 8.2297e+13
3895.8152 8.2298e+13 8.2298e+13
3895.8252 8.2298e+13 8.2298e+13
3895.8352 8.2299e+13 8.2299e+13
3895.8452 8.2300e+13 8.2299e+13
3895.8552 8.2300e+13 8.2300e+13
3895.8653 8.2301e+13 8.2300e+13
3895.8753 8.2301e+13 8.2301e+13
3895.8853 8.2302e+13 8.2302e+13
3895.8953 8.2302e+13 8.2302e+13
3895.9053 8.2303e+13 8.2303e+13
3895.9153 8.2303e+13 8.2303e+13
3895.9253 8.2304e+13 8.2304e+13
3895.9354 8.2304e+13 8.2304e+13
3895.9454 8.2305e+13 8.2305e+13
3895.9554 8.2305e+13 8.2305e+13
3895.9654 8.2306e+13 8.2306e+13
3895.9754 8.2306e+13 8.2306e+13
3895.9854 8.2307e+13 8.2307e+13
3895.9955 8.2307e+13 8.2307e+13
3896.0055 8.2308e+13 8.2308e+13
3896.0155 8.2308e+13 8.2308e+13
3896.0255 8.2309e+13 8.2309e+13
3896.0355 8.2309e+13 8.2309e+13
3896.0455 8.2310e+13 8.2310e+13
3896.0555 8.2310e+13 8.2310e+13
3896.0656 8.2311e+13 8.2311e+13
3896.0756 8.2311e+13 8.2311e+13
3896.0856 8.2312e+13 8.2312e+13
3896.0956 8.2312e+13 8.2312e+13
3896.1056 8.2313e+13 8.2313e+13
3896.1156 8.2313e+13 8.2313e+13
3896.1256 8.2314e+13 8.2314e+13
3896.1357 8.2314e+13 8.2314e+13
3896.1457 8.2315e+13 8.2315e+13
3896.1557 8.2315e+13 8.2315e+13
3896.1657 8.2316e+13 8.2316e+13
3896.1757 8.2316e+13 8.2316e+13
3896.1857 8.2317e+13 8.2317e+13
3896.1958 8.2317e+13 8.2317e+13
3896.2058 8.2318e+13 8.2318e+13
3896.2158 8.2318e+13 8.2318e+13
3896.2258 8.2319e+13 8.2319e+13
3896.2358 8.2319e+13 8.2319e+13
3896.2458 8.2320e+13 8.2320e+13
3896.2558 8.2320e+13 8.2320e+13
3896.2659 8.2321e+13 8.2321e+13
3896.2759 8.2321e+13 8.2321e+13
3896.2859 8.2322e+13 8.2322e+13
3896.2959 8.2322e+13 8.2322e+13
3896.3059 8.2323e+13 8.2323e+13
3896.3159 8.2323e+13 8.2323e+13
3896.3259 8.2324e+13 8.2324e+13
3896.3360 8.2324e+13 8.2324e+13
3896.3460 8.2325e+13 8.2325e+13
3896.3560 8.2325e+13 8.2325e+13
3896.3660 8.2326e+13 8.2326e+13
3896.3760 8.2326e+13 8.2326e+13
3896.3860 8.2327e+13 8.2327e+13
3896.3961 8.2327e+13 8.2327e+13
3896.4061 8.2328e+13 8.2328e+13
3896.4161 8.2328e+13 8.2328e+13
3896.4261 8.2329e+13 8.2329e+13
3896.4361 8.2329e+13 8.2329e+13
3896.4461 8.2330e+13 8.2330e+13
3896.4561 8.2330e+13 8.2330e+13
3896.4662 8.2331e+13 8.2331e+13
3896.4762 8.2331e+13 8.2331e+13
3896.4862 8.2332e+13 8.2332e+13
3896.4962 8.2332e+13 8.2332e+13
3896.5062 8.2333e+13 8.2333e+13
3896.5162 8.2333e+13 8.2333e+13
3896.5262 8.2334e+13 8.2334e+13
3896.5363 8.2334e+13 8.2334e+13
3896.5463 8.2335e+13 8.2335e+13
3896.5563 8.2335e+13 8.2335e+13
3896.5663 8.2336e+13 8.2336e+13
3896.5763 8.2336e+13 8.2336e+13
3896.5863 8.2337e+13 8.2337e+13
3896.5964 8.2337e+13 8.2337e+13
3896.6064 8.2338e+13 8.2338e+13
3896.6164 8.2338e+13 8.2338e+13
3896.6264 8.2339e+13 8.2339e+13
3896.6364 8.2339e+13 8.2339e+13
3896.6464 8.2340e+13 8.2340e+13
3896.6564 8.2340e+13 8.2340e+13
3896.6665 8.2341e+13 8.2341e+13
3896.6765 8.2341e+13 8.2341e+13
3896.6865 8.2342e+13 8.2342e+13
3896.6965 8.2342e+13 8.2342e+13
3896.7065 8.2343e+13 8.2343e+13
3896.7165 8.2343e+13 8.2343e+13
3896.7265 8.2344e+13 8.2344e+13
3896.7366 8.2345e+13 8.2344e+13
3896.7466 8.2345e+13 8.2345e+13
3896.7566 8.2346e+13 8.2345e+13
3896.7666 8.2346e+13 8.2346e+13
3896.7766 8.2347e+13 8.2347e+13
3896.7866 8.2347e+13 8.2347e+13
3896.7967 8.2348e+13 8.2348e+13
3896.8067 8.2348e+13 8.2348e+13
3896.8167 8.2349e+13 8.2349e+13
3896.8267 8.2349e+13 8.2349e+13
3896.8367 8.2350e+13 8.2350e+13
3896.8467 8.2350e+13 8.2350e+13
3896.8567 8.2351e+13 8.2351e+13
3896.8668 8.2351e+13 8.2351e+13
3896.8768 8.2352e+13 8.2352e+13
3896.8868 8.2352e+13 8.2352e+13
3896.8968 8.2353e+13 8.2353e+13
3896.9068 8.2353e+13 8.2353e+13
3896.9168 8.2354e+13 8.2354e+13
3896.9268 8.2354e+13 8.2354e+13
3896.9369 8.2355e+13 8.2355e+13
3896.9469 8.2355e+13 8.2355e+13
3896.9569 8.2356e+13 8.2356e+13
3896.9669 8.2356e+13 8.2356e+13
3896.9769 8.2357e+13 8.2357e+13
3896.9869 8.2357e+13 8.2357e+13
3896.9970 8.2358e+13 8.2358e+13
3897.0070 8.2358e+13 8.2358e+13
3897.0170 8.2359e+13 8.2359e+13
3897.0270 8.2359e+13 8.2359e+13
3897.0370 8.2360e+13 8.2360e+13
3897.0470 8.2360e+13 8.2360e+13
3897.0570 8.2361e+13 8.2361e+13
3897.0671 8.2361e+13 8.2361e+13
3897.0771 8.2362e+13 8.2362e+13
3897.0871 8.2362e+13 8.2362e+13
3897.0971 8.2363e+13 8.2363e+13
3897.1071 8.2363e+13 8.2363e+13
3897.1171 8.2364e+13 8.2364e+13
3897.1271 8.2364e+13 8.2364e+13
3897.1372 8.2365e+13 8.2365e+13
3897.1472 8.2365e+13 8.2365e+13
3897.1572 8.2366e+13 8.2366e+13
3897.1672 8.2366e+13 8.2366e+13
3897.1772 8.2367e+13 8.2367e+13
3897.1872 8.2367e+13 8.2367e+13
3897.1972 8.2368e+13 8.2368e+13
3897.2073 8.2368e+13 8.2368e+13
3897.2173 8.2369e+13 8.2369e+13
3897.2273 8.2369e+13 8.2369e+13
3897.2373 8.2370e+13 8.2370e+13
3897.2473 8.2370e+13 8.2370e+13
3897.2573 8.2371e+13 8.2371e+13
3897.2674 8.2371e+13 8.2371e+13
3897.2774 8.2372e+13 8.2372e+13
3897.2874 8.2372e+13 8.2372e+13
3897.2974 8.2373e+13 8.2373e+13
3897.3074 8.2373e+13 8.2373e+13
3897.3174 8.2374e+13 8.2374e+13
3897.3274 8.2374e+13 8.2374e+13
3897.3375 8.2375e+13 8.2375e+13
3897.3475 8.2375e+13 8.2375e+13
3897.3575 8.2376e+13 8.2376e+13
3897.3675 8.2376e+13 8.2376e+13
3897.3775 8.2377e+13 8.2377e+13
3897.3875 8.2377e+13 8.2377e+13
3897.3975 8.2378e+13 8.2378e+13
3897.4076 8.2378e+13 8.2378e+13
3897.4176 8.2379e+13 8.2379e+13
3897.4276 8.2379e+13 8.2379e+13
3897.4376 8.2380e+13 8.2380e+13
3897.4476 8.2380e+13 8.2380e+13
3897.4576 8.2381e+13 8.2381e+13
3897.4677 8.2381e+13 8.2381e+13
3897.4777 8.2382e+13 8.2382e+13
3897.4877 8.2382e+13 8.2382e+13
3897.4977 8.2383e+13 8.2383e+13
3897.5077 8.2383e+13 8.2383e+13
3897.5177 8.2384e+13 8.2384e+13
3897.5277 8.2384e+13 8.2384e+13
3897.5378 8.2385e+13 8.2385e+13
3897.5478 8.2385e+13 8.2385e+13
3897.5578 8.2386e+13 8.2386e+13
3897.5678 8.2386e+13 8.2386e+13
3897.5778 8.2387e+13 8.2387e+13
3897.5878 8.2387e+13 8.2387e+13
3897.5978 8.2388e+13 8.2388e+13
3897.6079 8.2388e+13 8.2388e+13
3897.6179 8.2389e+13 8.2389e+13
3897.6279 8.2390e+13 8.2389e+13
3897.6379 8.2390e+13 8.2390e+13
3897.6479 8.2391e+13 8.2390e+13
3897.6579 8.2391e+13 8.2391e+13
3897.6680 8.2392e+13 8.2392e+13
3897.6780 8.2392e+13 8.2392e+13
3897.6880 8.2393e+13 8.2393e+13
3897.6980 8.2393e+13 8.2393e+13
3897.7080 8.2394e+13 8.2394e+13
3897.7180 8.2394e+13 8.2394e+13
3897.7280 8.2395e+13 8.2395e+13
3897.7381 8.2395e+13 8.2395e+13
3897.7481 8.2396e+13 8.2396e+13
3897.7581 8.2396e+13 8.2396e+13
3897.7681 8.2397e+13 8.2397e+13
3897.7781 8.2397e+13 8.2397e+13
3897.7881 8.2398e+13 8.2398e+13
3897.7981 8.2398e+13 8.2398e+13
3897.8082 8.2399e+13 8.2399e+13
3897.8182 8.2399e+13 8.2399e+13
3897.8282 8.2400e+13 8.2400e+13
3897.8382 8.2400e+13 8.2400e+13
3897.8482 8.2401e+13 8.2401e+13
3897.8582 8.2401e+13 8.2401e+13
3897.8683 8.2402e+13 8.2402e+13
3897.8783 8.2402e+13 8.2402e+13
3897.8883 8.2403e+13 8.2403e+13
3897.8983 8.2403e+13 8.2403e+13
3897.9083 8.2404e+13 8.2404e+13
3897.9183 8.2404e+13 8.2404e+13
3897.9283 8.2405e+13 8.2405e+13
3897.9384 8.2405e+13 8.2405e+13
3897.9484 8.2406e+13 8.2406e+13
3897.9584 8.2406e+13 8.2406e+13
3897.9684 8.2407e+13 8.2407e+13
3897.9784 8.2407e+13 8.2407e+13
3897.9884 8.2408e+13 8.2408e+13
3897.9984 8.2408e+13 8.2408e+13
3898.0085 8.2409e+13 8.2409e+13
3898.0185 8.2409e+13 8.2409e+13
3898.0285 8.2410e+13 8.2410e+13
3898.0385 8.2410e+13 8.2410e+13
3898.0485 8.2411e+13 8.2411e+13
3898.0585 8.2411e+13 8.2411e+13
3898.0686 8.2412e+13 8.2412e+13
3898.0786 8.2412e+13 8.2412e+13
3898.0886 8.2413e+13 8.2413e+13
3898.0986 8.2413e+13 8.2413e+13
3898.1086 8.2414e+13 8.2414e+13
3898.1186 8.2414e+13 8.2414e+13
3898.1286 8.2415e+13 8.2415e+13
3898.1387 8.2415e+13 8.2415e+13
3898.1487 8.2416e+13 8.2416e+13
3898.1587 8.2416e+13 8.2416e+13
3898.1687 8.2417e+13 8.2417e+13
3898.1787 8.2417e+13 8.2417e+13
3898.1887 8.2418e+13 8.2418e+13
3898.1987 8.2418e+13 8.2418e+13
3898.2088 8.2419e+13 8.2419e+13
3898.2188 8.2419e+13 8.2419e+13
3898.2288 8.2420e+13 8.2420e+13
3898.2388 8.2420e+13 8.2420e+13
3898.2488 8.2421e+13 8.2421e+13
3898.2588 8.2421e+13 8.2421e+13
3898.2689 8.2422e+13 8.2422e+13
3898.2789 8.2422e+13 8.2422e+13
3898.2889 8.2423e+13 8.2423e+13
3898.2989 8.2423e+13 8.2423e+13
3898.3089 8.2424e+13 8.2424e+13
3898.3189 8.2424e+13 8.2424e+13
3898.3289 8.2425e+13 8.2425e+13
3898.3390 8.2425e+13 8.2425e+13
3898.3490 8.2426e+13 8.2426e+13
3898.3590 8.2426e+13 8.2426e+13
3898.3690 8.2427e+13 8.2427e+13
3898.3790 8.2427e+13 8.2427e+13
3898.3890 8.2428e+13 8.2428e+13
3898.3990 8.2428e+13 8.2428e+13
3898.4091 8.2429e+13 8.2429e+13
3898.4191 8.2429e+13 8.2429e+13
3898.4291 8.2430e+13 8.2430e+13
3898.4391 8.2430e+13 8.2430e+13
3898.4491 8.2431e+13 8.2431e+13
3898.4591 8.2431e+13 8.2431e+13
3898.4691 8.2432e+13 8.2432e+13
3898.4792 8.2432e+13 8.2432e+13
3898.4892 8.2433e+13 8.2433e+13
3898.4992 8.2433e+13 8.2433e+13
3898.5092 8.2434e+13 8.2434e+13
3898.5192 8.2434e+13 8.2434e+13
3898.5292 8.2435e+13 8.2435e+13
3898.5393 8.2435e+13 8.2435e+13
3898.5493 8.2436e+13 8.2436e+13
3898.5593 8.2436e+13 8.2436e+13
3898.5693 8.2437e+13 8.2437e+13
3898.5793 8.2438e+13 8.2437e+13
3898.5893 8.2438e+13 8.2438e+13
3898.5993 8.2439e+13 8.2438e+13
3898.6094 8.2439e+13 8.2439e+13
3898.6194 8.2440e+13 8.2440e+13
3898.6294 8.2440e+13 8.2440e+13
3898.6394 8.2441e+13 8.2441e+13
3898.6494 8.2441e+13 8.2441e+13
3898.6594 8.2442e+13 8.2442e+13
3898.6694 8.2442e+13 8.2442e+13
3898.6795 8.2443e+13 8.2443e+13
3898.6895 8.2443e+13 8.2443e+13
3898.6995 8.2444e+13 8.2444e+13
3898.7095 8.2444e+13 8.2444e+13
3898.7195 8.2445e+13 8.2445e+13
3898.7295 8.2445e+13 8.2445e+13
3898.7396 8.2446e+13 8.2446e+13
3898.7496 8.2446e+13 8.2446e+13
3898.7596 8.2447e+13 8.2447e+13
3898.7696 8.2447e+13 8.2447e+13
3898.7796 8.2448e+13 8.2448e+13
3898.7896 8.2448e+13 8.2448e+13
3898.7996 8.2449e+13 8.2449e+13
3898.8097 8.2449e+13 8.2449e+13
3898.8197 8.2450e+13 8.2450e+13
3898.8297 8.2450e+13 8.2450e+13
3898.8397 8.2451e+13 8.2451e+13
3898.8497 8.2451e+13 8.2451e+13
3898.8597 8.2452e+13 8.2452e+13
3898.8697 8.2452e+13 8.2452e+13
3898.8798 8.2453e+13 8.2453e+13
3898.8898 8.2453e+13 8.2453e+13
3898.8998 8.2454e+13 8.2454e+13
3898.9098 8.2454e+13 8.2454e+13
3898.9198 8.2455e+13 8.2455e+13
3898.9298 8.2455e+13 8.2455e+13
3898.9399 8.2456e+13 8.2456e+13
3898.9499 8.2456e+13 8.2456e+13
3898.9599 8.2457e+13 8.2457e+13
3898.9699 8.2457e+13 8.2457e+13
3898.9799 8.2458e+13 8.2458e+13
3898.9899 8.2458e+13 8.2458e+13
3898.9999 8.2459e+13 8.2459e+13
3899.0100 8.2459e+13 8.2459e+13
