# Wavelength(Å) I_cont(erg/s/cm2/Å/sr) I_abs(erg/s/cm2/Å/sr)
3877.1561 6.8109e+14 6.6610e+14
3877.1679 6.8110e+14 6.6609e+14
3877.1798 6.8110e+14 6.6608e+14
3877.1916 6.8110e+14 6.6608e+14
3877.2035 6.8110e+14 6.6607e+14
3877.2153 6.8110e+14 6.6606e+14
3877.2272 6.8110e+14 6.6606e+14
3877.2390 6.8110e+14 6.6605e+14
3877.2509 6.8110e+14 6.6604e+14
3877.2627 6.8110e+14 6.6604e+14
3877.2746 6.8110e+14 6.6603e+14
3877.2864 6.8110e+14 6.6602e+14
3877.2983 6.8110e+14 6.6602e+14
3877.3101 6.8110e+14 6.6601e+14
3877.3220 6.8110e+14 6.6600e+14
3877.3338 6.8110e+14 6.6600e+14
3877.3457 6.8111e+14 6.6599e+14
3877.3575 6.8111e+14 6.6598e+14
3877.3694 6.8111e+14 6.6598e+14
3877.3812 6.8111e+14 6.6597e+14
3877.3931 6.8111e+14 6.6596e+14
3877.4049 6.8111e+14 6.6596e+14
3877.4168 6.8111e+14 6.6595e+14
3877.4286 6.8111e+14 6.6594e+14
3877.4405 6.8111e+14 6.6594e+14
3877.4523 6.8111e+14 6.6593e+14
3877.4642 6.8111e+14 6.6592e+14
3877.4760 6.8111e+14 6.6592e+14
3877.4879 6.8111e+14 6.6591e+14
3877.4997 6.8111e+14 6.6590e+14
3877.5116 6.8112e+14 6.6590e+14
3877.5234 6.8112e+14 6.6589e+14
3877.5353 6.8112e+14 6.6588e+14
3877.5471 6.8112e+14 6.6588e+14
3877.5590 6.8112e+14 6.6587e+14
3877.5708 6.8112e+14 6.6586e+14
3877.5827 6.8112e+14 6.6586e+14
3877.5945 6.8112e+14 6.6585e+14
3877.6064 6.8112e+14 6.6584e+14
3877.6182 6.8112e+14 6.6584e+14
3877.6301 6.8112e+14 6.6583e+14
3877.6419 6.8112e+14 6.6582e+14
3877.6538 6.8112e+14 6.6582e+14
3877.6656 6.8112e+14 6.6581e+14
3877.6775 6.8112e+14 6.6580e+14
3877.6893 6.8113e+14 6.6580e+14
3877.7012 6.8113e+14 6.6579e+14
3877.7130 6.8113e+14 6.6578e+14
3877.7249 6.8113e+14 6.6578e+14
3877.7367 6.8113e+14 6.6577e+14
3877.7486 6.8113e+14 6.6576e+14
3877.7604 6.8113e+14 6.6576e+14
3877.7723 6.8113e+14 6.6575e+14
3877.7841 6.8113e+14 6.6575e+14
3877.7960 6.8113e+14 6.6574e+14
3877.8078 6.8113e+14 6.6573e+14
3877.8197 6.8113e+14 6.6573e+14
3877.8315 6.8113e+14 6.6572e+14
3877.8434 6.8113e+14 6.6571e+14
3877.8552 6.8113e+14 6.6571e+14
3877.8670 6.8114e+14 6.6570e+14
3877.8789 6.8114e+14 6.6569e+14
3877.8907 6.8114e+14 6.6569e+14
3877.9026 6.8114e+14 6.6568e+14
3877.9144 6.8114e+14 6.6567e+14
3877.9263 6.8114e+14 6.6567e+14
3877.9381 6.8114e+14 6.6566e+14
3877.9500 6.8114e+14 6.6565e+14
3877.9618 6.8114e+14 6.6565e+14
3877.9737 6.8114e+14 6.6564e+14
3877.9855 6.8114e+14 6.6563e+14
3877.9974 6.8114e+14 6.6563e+14
3878.0092 6.8114e+14 6.6562e+14
3878.0211 6.8114e+14 6.6561e+14
3878.0329 6.8115e+14 6.6561e+14
3878.0448 6.8115e+14 6.6560e+14
3878.0566 6.8115e+14 6.6559e+14
3878.0685 6.8115e+14 6.6559e+14
3878.0803 6.8115e+14 6.6558e+14
3878.0922 6.8115e+14 6.6557e+14
3878.1040 6.8115e+14 6.6557e+14
3878.1159 6.8115e+14 6.6556e+14
3878.1277 6.8115e+14 6.6555e+14
3878.1396 6.8115e+14 6.6555e+14
3878.1514 6.8115e+14 6.6554e+14
3878.1633 6.8115e+14 6.6553e+14
3878.1751 6.8115e+14 6.6553e+14
3878.1870 6.8115e+14 6.6552e+14
3878.1988 6.8115e+14 6.6551e+14
3878.2107 6.8116e+14 6.6551e+14
3878.2225 6.8116e+14 6.6550e+14
3878.2344 6.8116e+14 6.6549e+14
3878.2462 6.8116e+14 6.6549e+14
3878.2581 6.8116e+14 6.6548e+14
3878.2699 6.8116e+14 6.6547e+14
3878.2818 6.8116e+14 6.6547e+14
3878.2936 6.8116e+14 6.6546e+14
3878.3055 6.8116e+14 6.6545e+14
3878.3173 6.8116e+14 6.6545e+14
3878.3292 6.8116e+14 6.6544e+14
3878.3410 6.8116e+14 6.6543e+14
3878.3529 6.8116e+14 6.6543e+14
3878.3647 6.8116e+14 6.6542e+14
3878.3766 6.8116e+14 6.6542e+14
3878.3884 6.8117e+14 6.6541e+14
3878.4003 6.8117e+14 6.6540e+14
3878.4121 6.8117e+14 6.6540e+14
3878.4240 6.8117e+14 6.6539e+14
3878.4358 6.8117e+14 6.6538e+14
3878.4477 6.8117e+14 6.6538e+14
3878.4595 6.8117e+14 6.6537e+14
3878.4714 6.8117e+14 6.6536e+14
3878.4832 6.8117e+14 6.6536e+14
3878.4951 6.8117e+14 6.6535e+14
3878.5069 6.8117e+14 6.6534e+14
3878.5188 6.8117e+14 6.6534e+14
3878.5306 6.8117e+14 6.6533e+14
3878.5425 6.8117e+14 6.6532e+14
3878.5543 6.8117e+14 6.6532e+14
3878.5662 6.8118e+14 6.6531e+14
3878.5780 6.8118e+14 6.6530e+14
3878.5899 6.8118e+14 6.6530e+14
3878.6017 6.8118e+14 6.6529e+14
3878.6136 6.8118e+14 6.6528e+14
3878.6254 6.8118e+14 6.6528e+14
3878.6373 6.8118e+14 6.6527e+14
3878.6491 6.8118e+14 6.6526e+14
3878.6610 6.8118e+14 6.6526e+14
3878.6728 6.8118e+14 6.6525e+14
3878.6847 6.8118e+14 6.6524e+14
3878.6965 6.8118e+14 6.6524e+14
3878.7084 6.8118e+14 6.6523e+14
3878.7202 6.8118e+14 6.6523e+14
3878.7321 6.8119e+14 6.6522e+14
3878.7439 6.8119e+14 6.6521e+14
3878.7558 6.8119e+14 6.6521e+14
3878.7676 6.8119e+14 6.6520e+14
3878.7795 6.8119e+14 6.6519e+14
3878.7913 6.8119e+14 6.6519e+14
3878.8032 6.8119e+14 6.6518e+14
3878.8150 6.8119e+14 6.6517e+14
3878.8269 6.8119e+14 6.6517e+14
3878.8387 6.8119e+14 6.6516e+14
3878.8506 6.8119e+14 6.6515e+14
3878.8624 6.8119e+14 6.6515e+14
3878.8743 6.8119e+14 6.6514e+14
3878.8861 6.8119e+14 6.6513e+14
3878.8980 6.8119e+14 6.6513e+14
3878.9098 6.8120e+14 6.6512e+14
3878.9217 6.8120e+14 6.6511e+14
3878.9335 6.8120e+14 6.6511e+14
3878.9454 6.8120e+14 6.6510e+14
3878.9572 6.8120e+14 6.6510e+14
3878.9691 6.8120e+14 6.6509e+14
3878.9809 6.8120e+14 6.6508e+14
3878.9928 6.8120e+14 6.6508e+14
3879.0046 6.8120e+14 6.6507e+14
3879.0165 6.8120e+14 6.6506e+14
3879.0283 6.8120e+14 6.6506e+14
3879.0402 6.8120e+14 6.6505e+14
3879.0520 6.8120e+14 6.6504e+14
3879.0639 6.8120e+14 6.6504e+14
3879.0757 6.8120e+14 6.6503e+14
3879.0876 6.8121e+14 6.6502e+14
3879.0994 6.8121e+14 6.6502e+14
3879.1113 6.8121e+14 6.6501e+14
3879.1231 6.8121e+14 6.6500e+14
3879.1350 6.8121e+14 6.6500e+14
3879.1468 6.8121e+14 6.6499e+14
3879.1587 6.8121e+14 6.6499e+14
3879.1705 6.8121e+14 6.6498e+14
3879.1824 6.8121e+14 6.6497e+14
3879.1942 6.8121e+14 6.6497e+14
3879.2061 6.8121e+14 6.6496e+14
3879.2179 6.8121e+14 6.6495e+14
3879.2298 6.8121e+14 6.6495e+14
3879.2416 6.8121e+14 6.6494e+14
3879.2535 6.8121e+14 6.6493e+14
3879.2653 6.8122e+14 6.6493e+14
3879.2772 6.8122e+14 6.6492e+14
3879.2890 6.8122e+14 6.6491e+14
3879.3009 6.8122e+14 6.6491e+14
3879.3127 6.8122e+14 6.6490e+14
3879.3246 6.8122e+14 6.6490e+14
3879.3364 6.8122e+14 6.6489e+14
3879.3483 6.8122e+14 6.6488e+14
3879.3601 6.8122e+14 6.6488e+14
3879.3720 6.8122e+14 6.6487e+14
3879.3838 6.8122e+14 6.6486e+14
3879.3957 6.8122e+14 6.6486e+14
3879.4075 6.8122e+14 6.6485e+14
3879.4194 6.8122e+14 6.6484e+14
3879.4312 6.8123e+14 6.6484e+14
3879.4431 6.8123e+14 6.6483e+14
3879.4549 6.8123e+14 6.6482e+14
3879.4668 6.8123e+14 6.6482e+14
3879.4786 6.8123e+14 6.6481e+14
3879.4905 6.8123e+14 6.6481e+14
3879.5023 6.8123e+14 6.6480e+14
3879.5142 6.8123e+14 6.6479e+14
3879.5260 6.8123e+14 6.6479e+14
3879.5379 6.8123e+14 6.6478e+14
3879.5497 6.8123e+14 6.6477e+14
3879.5616 6.8123e+14 6.6477e+14
3879.5734 6.8123e+14 6.6476e+14
3879.5853 6.8123e+14 6.6475e+14
3879.5971 6.8123e+14 6.6475e+14
3879.6090 6.8124e+14 6.6474e+14
3879.6208 6.8124e+14 6.6474e+14
3879.6327 6.8124e+14 6.6473e+14
3879.6445 6.8124e+14 6.6472e+14
3879.6564 6.8124e+14 6.6472e+14
3879.6682 6.8124e+14 6.6471e+14
3879.6801 6.8124e+14 6.6470e+14
3879.6919 6.8124e+14 6.6470e+14
3879.7038 6.8124e+14 6.6469e+14
3879.7156 6.8124e+14 6.6468e+14
3879.7275 6.8124e+14 6.6468e+14
3879.7393 6.8124e+14 6.6467e+14
3879.7512 6.8124e+14 6.6467e+14
3879.7630 6.8124e+14 6.6466e+14
3879.7749 6.8124e+14 6.6465e+14
3879.7867 6.8125e+14 6.6465e+14
3879.7986 6.8125e+14 6.6464e+14
3879.8104 6.8125e+14 6.6463e+14
3879.8223 6.8125e+14 6.6463e+14
3879.8341 6.8125e+14 6.6462e+14
3879.8460 6.8125e+14 6.6462e+14
3879.8578 6.8125e+14 6.6461e+14
3879.8697 6.8125e+14 6.6460e+14
3879.8815 6.8125e+14 6.6460e+14
3879.8934 6.8125e+14 6.6459e+14
3879.9052 6.8125e+14 6.6458e+14
3879.9171 6.8125e+14 6.6458e+14
3879.9289 6.8125e+14 6.6457e+14
3879.9408 6.8125e+14 6.6457e+14
3879.9526 6.8125e+14 6.6456e+14
3879.9645 6.8126e+14 6.6455e+14
3879.9763 6.8126e+14 6.6455e+14
3879.9882 6.8126e+14 6.6454e+14
3880.0000 6.8126e+14 6.6453e+14
3880.0119 6.8126e+14 6.6453e+14
3880.0237 6.8126e+14 6.6452e+14
3880.0356 6.8126e+14 6.6452e+14
3880.0474 6.8126e+14 6.6451e+14
3880.0593 6.8126e+14 6.6450e+14
3880.0711 6.8126e+14 6.6450e+14
3880.0830 6.8126e+14 6.6449e+14
3880.0948 6.8126e+14 6.6448e+14
3880.1067 6.8126e+14 6.6448e+14
3880.1185 6.8126e+14 6.6447e+14
3880.1304 6.8126e+14 6.6447e+14
3880.1422 6.8127e+14 6.6446e+14
3880.1541 6.8127e+14 6.6445e+14
3880.1659 6.8127e+14 6.6445e+14
3880.1778 6.8127e+14 6.6444e+14
3880.1896 6.8127e+14 6.6443e+14
3880.2015 6.8127e+14 6.6443e+14
3880.2133 6.8127e+14 6.6442e+14
3880.2252 6.8127e+14 6.6442e+14
3880.2370 6.8127e+14 6.6441e+14
3880.2489 6.8127e+14 6.6440e+14
3880.2607 6.8127e+14 6.6440e+14
3880.2726 6.8127e+14 6.6439e+14
3880.2844 6.8127e+14 6.6438e+14
3880.2963 6.8127e+14 6.6438e+14
3880.3081 6.8127e+14 6.6437e+14
3880.3200 6.8128e+14 6.6437e+14
3880.3318 6.8128e+14 6.6436e+14
3880.3437 6.8128e+14 6.6435e+14
3880.3555 6.8128e+14 6.6435e+14
3880.3674 6.8128e+14 6.6434e+14
3880.3792 6.8128e+14 6.6434e+14
3880.3911 6.8128e+14 6.6433e+14
3880.4029 6.8128e+14 6.6432e+14
3880.4148 6.8128e+14 6.6432e+14
3880.4266 6.8128e+14 6.6431e+14
3880.4385 6.8128e+14 6.6431e+14
3880.4503 6.8128e+14 6.6430e+14
3880.4622 6.8128e+14 6.6429e+14
3880.4740 6.8128e+14 6.6429e+14
3880.4859 6.8129e+14 6.6428e+14
3880.4977 6.8129e+14 6.6427e+14
3880.5096 6.8129e+14 6.6427e+14
3880.5214 6.8129e+14 6.6426e+14
3880.5333 6.8129e+14 6.6426e+14
3880.5451 6.8129e+14 6.6425e+14
3880.5570 6.8129e+14 6.6424e+14
3880.5688 6.8129e+14 6.6424e+14
3880.5807 6.8129e+14 6.6423e+14
3880.5925 6.8129e+14 6.6423e+14
3880.6044 6.8129e+14 6.6422e+14
3880.6162 6.8129e+14 6.6421e+14
3880.6281 6.8129e+14 6.6421e+14
3880.6399 6.8129e+14 6.6420e+14
3880.6518 6.8129e+14 6.6420e+14
3880.6636 6.8130e+14 6.6419e+14
3880.6755 6.8130e+14 6.6418e+14
3880.6873 6.8130e+14 6.6418e+14
3880.6992 6.8130e+14 6.6417e+14
3880.7110 6.8130e+14 6.6417e+14
3880.7229 6.8130e+14 6.6416e+14
3880.7347 6.8130e+14 6.6415e+14
3880.7466 6.8130e+14 6.6415e+14
3880.7584 6.8130e+14 6.6414e+14
3880.7703 6.8130e+14 6.6414e+14
3880.7821 6.8130e+14 6.6413e+14
3880.7940 6.8130e+14 6.6412e+14
3880.8058 6.8130e+14 6.6412e+14
3880.8177 6.8130e+14 6.6411e+14
3880.8295 6.8130e+14 6.6411e+14
3880.8414 6.8131e+14 6.6410e+14
3880.8532 6.8131e+14 6.6409e+14
3880.8651 6.8131e+14 6.6409e+14
3880.8769 6.8131e+14 6.6408e+14
3880.8888 6.8131e+14 6.6408e+14
3880.9006 6.8131e+14 6.6407e+14
3880.9125 6.8131e+14 6.6406e+14
3880.9243 6.8131e+14 6.6406e+14
3880.9362 6.8131e+14 6.6405e+14
3880.9480 6.8131e+14 6.6405e+14
3880.9599 6.8131e+14 6.6404e+14
3880.9717 6.8131e+14 6.6403e+14
3880.9836 6.8131e+14 6.6403e+14
3880.9954 6.8131e+14 6.6402e+14
3881.0073 6.8131e+14 6.6402e+14
3881.0191 6.8132e+14 6.6401e+14
3881.0310 6.8132e+14 6.6400e+14
3881.0428 6.8132e+14 6.6400e+14
3881.0547 6.8132e+14 6.6399e+14
3881.0665 6.8132e+14 6.6399e+14
3881.0784 6.8132e+14 6.6398e+14
3881.0902 6.8132e+14 6.6398e+14
3881.1021 6.8132e+14 6.6397e+14
3881.1139 6.8132e+14 6.6396e+14
3881.1258 6.8132e+14 6.6396e+14
3881.1376 6.8132e+14 6.6395e+14
3881.1495 6.8132e+14 6.6395e+14
3881.1613 6.8132e+14 6.6394e+14
3881.1732 6.8132e+14 6.6393e+14
3881.1850 6.8132e+14 6.6393e+14
3881.1969 6.8133e+14 6.6392e+14
3881.2087 6.8133e+14 6.6392e+14
3881.2206 6.8133e+14 6.6391e+14
3881.2324 6.8133e+14 6.6390e+14
3881.2443 6.8133e+14 6.6390e+14
3881.2561 6.8133e+14 6.6389e+14
3881.2680 6.8133e+14 6.6389e+14
3881.2798 6.8133e+14 6.6388e+14
3881.2917 6.8133e+14 6.6388e+14
3881.3035 6.8133e+14 6.6387e+14
3881.3154 6.8133e+14 6.6386e+14
3881.3272 6.8133e+14 6.6386e+14
3881.3391 6.8133e+14 6.6385e+14
3881.3509 6.8133e+14 6.6385e+14
3881.3628 6.8133e+14 6.6384e+14
3881.3746 6.8134e+14 6.6384e+14
3881.3865 6.8134e+14 6.6383e+14
3881.3983 6.8134e+14 6.6382e+14
3881.4102 6.8134e+14 6.6382e+14
3881.4220 6.8134e+14 6.6381e+14
3881.4339 6.8134e+14 6.6381e+14
3881.4457 6.8134e+14 6.6380e+14
3881.4576 6.8134e+14 6.6380e+14
3881.4694 6.8134e+14 6.6379e+14
3881.4813 6.8134e+14 6.6378e+14
3881.4931 6.8134e+14 6.6378e+14
3881.5050 6.8134e+14 6.6377e+14
3881.5168 6.8134e+14 6.6377e+14
3881.5287 6.8134e+14 6.6376e+14
3881.5405 6.8134e+14 6.6376e+14
3881.5524 6.8135e+14 6.6375e+14
3881.5642 6.8135e+14 6.6374e+14
3881.5761 6.8135e+14 6.6374e+14
3881.5879 6.8135e+14 6.6373e+14
3881.5998 6.8135e+14 6.6373e+14
3881.6116 6.8135e+14 6.6372e+14
3881.6235 6.8135e+14 6.6372e+14
3881.6353 6.8135e+14 6.6371e+14
3881.6472 6.8135e+14 6.6370e+14
3881.6590 6.8135e+14 6.6370e+14
3881.6709 6.8135e+14 6.6369e+14
3881.6827 6.8135e+14 6.6369e+14
3881.6946 6.8135e+14 6.6368e+14
3881.7064 6.8135e+14 6.6368e+14
3881.7183 6.8135e+14 6.6367e+14
3881.7301 6.8136e+14 6.6367e+14
3881.7420 6.8136e+14 6.6366e+14
3881.7538 6.8136e+14 6.6365e+14
3881.7657 6.8136e+14 6.6365e+14
3881.7775 6.8136e+14 6.6364e+14
3881.7894 6.8136e+14 6.6364e+14
3881.8012 6.8136e+14 6.6363e+14
3881.8131 6.8136e+14 6.6363e+14
3881.8249 6.8136e+14 6.6362e+14
3881.8368 6.8136e+14 6.6362e+14
3881.8486 6.8136e+14 6.6361e+14
3881.8605 6.8136e+14 6.6360e+14
3881.8723 6.8136e+14 6.6360e+14
3881.8842 6.8136e+14 6.6359e+14
3881.8960 6.8136e+14 6.6359e+14
3881.9079 6.8137e+14 6.6358e+14
3881.9197 6.8137e+14 6.6358e+14
3881.9316 6.8137e+14 6.6357e+14
3881.9434 6.8137e+14 6.6357e+14
3881.9553 6.8137e+14 6.6356e+14
3881.9671 6.8137e+14 6.6355e+14
3881.9790 6.8137e+14 6.6355e+14
3881.9908 6.8137e+14 6.6354e+14
3882.0027 6.8137e+14 6.6354e+14
3882.0145 6.8137e+14 6.6353e+14
3882.0264 6.8137e+14 6.6353e+14
3882.0382 6.8137e+14 6.6352e+14
3882.0501 6.8137e+14 6.6352e+14
3882.0619 6.8137e+14 6.6351e+14
3882.0738 6.8137e+14 6.6351e+14
3882.0856 6.8138e+14 6.6350e+14
3882.0975 6.8138e+14 6.6349e+14
3882.1093 6.8138e+14 6.6349e+14
3882.1212 6.8138e+14 6.6348e+14
3882.1330 6.8138e+14 6.6348e+14
3882.1449 6.8138e+14 6.6347e+14
3882.1567 6.8138e+14 6.6347e+14
3882.1686 6.8138e+14 6.6346e+14
3882.1804 6.8138e+14 6.6346e+14
3882.1923 6.8138e+14 6.6345e+14
3882.2041 6.8138e+14 6.6345e+14
3882.2160 6.8138e+14 6.6344e+14
3882.2278 6.8138e+14 6.6344e+14
3882.2397 6.8138e+14 6.6343e+14
3882.2515 6.8138e+14 6.6343e+14
3882.2634 6.8139e+14 6.6342e+14
3882.2752 6.8139e+14 6.6341e+14
3882.2871 6.8139e+14 6.6341e+14
3882.2989 6.8139e+14 6.6340e+14
3882.3108 6.8139e+14 6.6340e+14
3882.3226 6.8139e+14 6.6339e+14
3882.3344 6.8139e+14 6.6339e+14
3882.3463 6.8139e+14 6.6338e+14
3882.3581 6.8139e+14 6.6338e+14
3882.3700 6.8139e+14 6.6337e+14
3882.3818 6.8139e+14 6.6337e+14
3882.3937 6.8139e+14 6.6336e+14
3882.4055 6.8139e+14 6.6336e+14
3882.4174 6.8139e+14 6.6335e+14
3882.4292 6.8139e+14 6.6335e+14
3882.4411 6.8140e+14 6.6334e+14
3882.4529 6.8140e+14 6.6334e+14
3882.4648 6.8140e+14 6.6333e+14
3882.4766 6.8140e+14 6.6333e+14
3882.4885 6.8140e+14 6.6332e+14
3882.5003 6.8140e+14 6.6331e+14
3882.5122 6.8140e+14 6.6331e+14
3882.5240 6.8140e+14 6.6330e+14
3882.5359 6.8140e+14 6.6330e+14
3882.5477 6.8140e+14 6.6329e+14
3882.5596 6.8140e+14 6.6329e+14
3882.5714 6.8140e+14 6.6328e+14
3882.5833 6.8140e+14 6.6328e+14
3882.5951 6.8140e+14 6.6327e+14
3882.6070 6.8140e+14 6.6327e+14
3882.6188 6.8141e+14 6.6326e+14
3882.6307 6.8141e+14 6.6326e+14
3882.6425 6.8141e+14 6.6325e+14
3882.6544 6.8141e+14 6.6325e+14
3882.6662 6.8141e+14 6.6324e+14
3882.6781 6.8141e+14 6.6324e+14
3882.6899 6.8141e+14 6.6323e+14
3882.7018 6.8141e+14 6.6323e+14
3882.7136 6.8141e+14 6.6322e+14
3882.7255 6.8141e+14 6.6322e+14
3882.7373 6.8141e+14 6.6321e+14
3882.7492 6.8141e+14 6.6321e+14
3882.7610 6.8141e+14 6.6320e+14
3882.7729 6.8141e+14 6.6320e+14
3882.7847 6.8141e+14 6.6319e+14
3882.7966 6.8142e+14 6.6319e+14
3882.8084 6.8142e+14 6.6318e+14
3882.8203 6.8142e+14 6.6318e+14
3882.8321 6.8142e+14 6.6317e+14
3882.8440 6.8142e+14 6.6317e+14
3882.8558 6.8142e+14 6.6316e+14
3882.8677 6.8142e+14 6.6316e+14
3882.8795 6.8142e+14 6.6315e+14
3882.8914 6.8142e+14 6.6315e+14
3882.9032 6.8142e+14 6.6314e+14
3882.9151 6.8142e+14 6.6314e+14
3882.9269 6.8142e+14 6.6313e+14
3882.9388 6.8142e+14 6.6313e+14
3882.9506 6.8142e+14 6.6312e+14
3882.9625 6.8142e+14 6.6312e+14
3882.9743 6.8143e+14 6.6311e+14
3882.9862 6.8143e+14 6.6311e+14
3882.9980 6.8143e+14 6.6310e+14
3883.0099 6.8143e+14 6.6310e+14
3883.0217 6.8143e+14 6.6309e+14
3883.0336 6.8143e+14 6.6309e+14
3883.0454 6.8143e+14 6.6308e+14
3883.0573 6.8143e+14 6.6308e+14
3883.0691 6.8143e+14 6.6307e+14
3883.0810 6.8143e+14 6.6307e+14
3883.0928 6.8143e+14 6.6306e+14
3883.1047 6.8143e+14 6.6306e+14
3883.1165 6.8143e+14 6.6305e+14
3883.1284 6.8143e+14 6.6305e+14
3883.1402 6.8143e+14 6.6305e+14
3883.1521 6.8144e+14 6.6304e+14
3883.1639 6.8144e+14 6.6304e+14
3883.1758 6.8144e+14 6.6303e+14
3883.1876 6.8144e+14 6.6303e+14
3883.1995 6.8144e+14 6.6302e+14
3883.2113 6.8144e+14 6.6302e+14
3883.2232 6.8144e+14 6.6301e+14
3883.2350 6.8144e+14 6.6301e+14
3883.2469 6.8144e+14 6.6300e+14
3883.2587 6.8144e+14 6.6300e+14
3883.2706 6.8144e+14 6.6299e+14
3883.2824 6.8144e+14 6.6299e+14
3883.2943 6.8144e+14 6.6298e+14
3883.3061 6.8144e+14 6.6298e+14
3883.3180 6.8144e+14 6.6297e+14
3883.3298 6.8145e+14 6.6297e+14
3883.3417 6.8145e+14 6.6296e+14
3883.3535 6.8145e+14 6.6296e+14
3883.3654 6.8145e+14 6.6296e+14
3883.3772 6.8145e+14 6.6295e+14
3883.3891 6.8145e+14 6.6295e+14
3883.4009 6.8145e+14 6.6294e+14
3883.4128 6.8145e+14 6.6294e+14
3883.4246 6.8145e+14 6.6293e+14
3883.4365 6.8145e+14 6.6293e+14
3883.4483 6.8145e+14 6.6292e+14
3883.4602 6.8145e+14 6.6292e+14
3883.4720 6.8145e+14 6.6291e+14
3883.4839 6.8145e+14 6.6291e+14
3883.4957 6.8145e+14 6.6291e+14
3883.5076 6.8146e+14 6.6290e+14
3883.5194 6.8146e+14 6.6290e+14
3883.5313 6.8146e+14 6.6289e+14
3883.5431 6.8146e+14 6.6289e+14
3883.5550 6.8146e+14 6.6288e+14
3883.5668 6.8146e+14 6.6288e+14
3883.5787 6.8146e+14 6.6287e+14
3883.5905 6.8146e+14 6.6287e+14
3883.6024 6.8146e+14 6.6286e+14
3883.6142 6.8146e+14 6.6286e+14
3883.6261 6.8146e+14 6.6286e+14
3883.6379 6.8146e+14 6.6285e+14
3883.6498 6.8146e+14 6.6285e+14
3883.6616 6.8146e+14 6.6284e+14
3883.6735 6.8146e+14 6.6284e+14
3883.6853 6.8147e+14 6.6283e+14
3883.6972 6.8147e+14 6.6283e+14
3883.7090 6.8147e+14 6.6282e+14
3883.7209 6.8147e+14 6.6282e+14
3883.7327 6.8147e+14 6.6282e+14
3883.7446 6.8147e+14 6.6281e+14
3883.7564 6.8147e+14 6.6281e+14
3883.7683 6.8147e+14 6.6280e+14
3883.7801 6.8147e+14 6.6280e+14
3883.7920 6.8147e+14 6.6279e+14
3883.8038 6.8147e+14 6.6279e+14
3883.8157 6.8147e+14 6.6279e+14
3883.8275 6.8147e+14 6.6278e+14
3883.8394 6.8147e+14 6.6278e+14
3883.8512 6.8147e+14 6.6277e+14
3883.8631 6.8148e+14 6.6277e+14
3883.8749 6.8148e+14 6.6276e+14
3883.8868 6.8148e+14 6.6276e+14
3883.8986 6.8148e+14 6.6276e+14
3883.9105 6.8148e+14 6.6275e+14
3883.9223 6.8148e+14 6.6275e+14
3883.9342 6.8148e+14 6.6274e+14
3883.9460 6.8148e+14 6.6274e+14
3883.9579 6.8148e+14 6.6273e+14
3883.9697 6.8148e+14 6.6273e+14
3883.9816 6.8148e+14 6.6273e+14
3883.9934 6.8148e+14 6.6272e+14
3884.0053 6.8148e+14 6.6272e+14
3884.0171 6.8148e+14 6.6271e+14
3884.0290 6.8148e+14 6.6271e+14
3884.0408 6.8149e+14 6.6270e+14
3884.0527 6.8149e+14 6.6270e+14
3884.0645 6.8149e+14 6.6270e+14
3884.0764 6.8149e+14 6.6269e+14
3884.0882 6.8149e+14 6.6269e+14
3884.1001 6.8149e+14 6.6268e+14
3884.1119 6.8149e+14 6.6268e+14
3884.1238 6.8149e+14 6.6268e+14
3884.1356 6.8149e+14 6.6267e+14
3884.1475 6.8149e+14 6.6267e+14
3884.1593 6.8149e+14 6.6266e+14
3884.1712 6.8149e+14 6.6266e+14
3884.1830 6.8149e+14 6.6266e+14
3884.1949 6.8149e+14 6.6265e+14
3884.2067 6.8149e+14 6.6265e+14
3884.2186 6.8150e+14 6.6264e+14
3884.2304 6.8150e+14 6.6264e+14
3884.2423 6.8150e+14 6.6264e+14
3884.2541 6.8150e+14 6.6263e+14
3884.2660 6.8150e+14 6.6263e+14
3884.2778 6.8150e+14 6.6262e+14
3884.2897 6.8150e+14 6.6262e+14
3884.3015 6.8150e+14 6.6262e+14
3884.3134 6.8150e+14 6.6261e+14
3884.3252 6.8150e+14 6.6261e+14
3884.3371 6.8150e+14 6.6260e+14
3884.3489 6.8150e+14 6.6260e+14
3884.3608 6.8150e+14 6.6260e+14
3884.3726 6.8150e+14 6.6259e+14
3884.3845 6.8150e+14 6.6259e+14
3884.3963 6.8151e+14 6.6258e+14
3884.4082 6.8151e+14 6.6258e+14
3884.4200 6.8151e+14 6.6258e+14
3884.4319 6.8151e+14 6.6257e+14
3884.4437 6.8151e+14 6.6257e+14
3884.4556 6.8151e+14 6.6257e+14
3884.4674 6.8151e+14 6.6256e+14
3884.4793 6.8151e+14 6.6256e+14
3884.4911 6.8151e+14 6.6255e+14
3884.5030 6.8151e+14 6.6255e+14
3884.5148 6.8151e+14 6.6255e+14
3884.5267 6.8151e+14 6.6254e+14
3884.5385 6.8151e+14 6.6254e+14
3884.5504 6.8151e+14 6.6253e+14
3884.5622 6.8151e+14 6.6253e+14
3884.5741 6.8152e+14 6.6253e+14
3884.5859 6.8152e+14 6.6252e+14
3884.5978 6.8152e+14 6.6252e+14
3884.6096 6.8152e+14 6.6252e+14
3884.6215 6.8152e+14 6.6251e+14
3884.6333 6.8152e+14 6.6251e+14
3884.6452 6.8152e+14 6.6250e+14
3884.6570 6.8152e+14 6.6250e+14
3884.6689 6.8152e+14 6.6250e+14
3884.6807 6.8152e+14 6.6249e+14
3884.6926 6.8152e+14 6.6249e+14
3884.7044 6.8152e+14 6.6249e+14
3884.7163 6.8152e+14 6.6248e+14
3884.7281 6.8152e+14 6.6248e+14
3884.7400 6.8152e+14 6.6248e+14
3884.7518 6.8153e+14 6.6247e+14
3884.7637 6.8153e+14 6.6247e+14
3884.7755 6.8153e+14 6.6247e+14
3884.7874 6.8153e+14 6.6246e+14
3884.7992 6.8153e+14 6.6246e+14
3884.8111 6.8153e+14 6.6245e+14
3884.8229 6.8153e+14 6.6245e+14
3884.8348 6.8153e+14 6.6245e+14
3884.8466 6.8153e+14 6.6244e+14
3884.8585 6.8153e+14 6.6244e+14
3884.8703 6.8153e+14 6.6244e+14
3884.8822 6.8153e+14 6.6243e+14
3884.8940 6.8153e+14 6.6243e+14
3884.9059 6.8153e+14 6.6243e+14
3884.9177 6.8153e+14 6.6242e+14
3884.9296 6.8153e+14 6.6242e+14
3884.9414 6.8154e+14 6.6242e+14
3884.9533 6.8154e+14 6.6241e+14
3884.9651 6.8154e+14 6.6241e+14
3884.9770 6.8154e+14 6.6241e+14
3884.9888 6.8154e+14 6.6240e+14
3885.0007 6.8154e+14 6.6240e+14
3885.0125 6.8154e+14 6.6240e+14
3885.0244 6.8154e+14 6.6239e+14
3885.0362 6.8154e+14 6.6239e+14
3885.0481 6.8154e+14 6.6239e+14
3885.0599 6.8154e+14 6.6238e+14
3885.0718 6.8154e+14 6.6238e+14
3885.0836 6.8154e+14 6.6238e+14
3885.0955 6.8154e+14 6.6237e+14
3885.1073 6.8154e+14 6.6237e+14
3885.1192 6.8155e+14 6.6237e+14
3885.1310 6.8155e+14 6.6236e+14
3885.1429 6.8155e+14 6.6236e+14
3885.1547 6.8155e+14 6.6236e+14
3885.1666 6.8155e+14 6.6235e+14
3885.1784 6.8155e+14 6.6235e+14
3885.1903 6.8155e+14 6.6235e+14
3885.2021 6.8155e+14 6.6234e+14
3885.2140 6.8155e+14 6.6234e+14
3885.2258 6.8155e+14 6.6234e+14
3885.2377 6.8155e+14 6.6233e+14
3885.2495 6.8155e+14 6.6233e+14
3885.2614 6.8155e+14 6.6233e+14
3885.2732 6.8155e+14 6.6232e+14
3885.2851 6.8155e+14 6.6232e+14
3885.2969 6.8156e+14 6.6232e+14
3885.3088 6.8156e+14 6.6231e+14
3885.3206 6.8156e+14 6.6231e+14
3885.3325 6.8156e+14 6.6231e+14
3885.3443 6.8156e+14 6.6231e+14
3885.3562 6.8156e+14 6.6230e+14
3885.3680 6.8156e+14 6.6230e+14
3885.3799 6.8156e+14 6.6230e+14
3885.3917 6.8156e+14 6.6229e+14
3885.4036 6.8156e+14 6.6229e+14
3885.4154 6.8156e+14 6.6229e+14
3885.4273 6.8156e+14 6.6228e+14
3885.4391 6.8156e+14 6.6228e+14
3885.4510 6.8156e+14 6.6228e+14
3885.4628 6.8156e+14 6.6228e+14
3885.4747 6.8157e+14 6.6227e+14
3885.4865 6.8157e+14 6.6227e+14
3885.4984 6.8157e+14 6.6227e+14
3885.5102 6.8157e+14 6.6226e+14
3885.5221 6.8157e+14 6.6226e+14
3885.5339 6.8157e+14 6.6226e+14
3885.5458 6.8157e+14 6.6225e+14
3885.5576 6.8157e+14 6.6225e+14
3885.5695 6.8157e+14 6.6225e+14
3885.5813 6.8157e+14 6.6225e+14
3885.5932 6.8157e+14 6.6224e+14
3885.6050 6.8157e+14 6.6224e+14
3885.6169 6.8157e+14 6.6224e+14
3885.6287 6.8157e+14 6.6223e+14
3885.6406 6.8157e+14 6.6223e+14
3885.6524 6.8158e+14 6.6223e+14
3885.6643 6.8158e+14 6.6223e+14
3885.6761 6.8158e+14 6.6222e+14
3885.6880 6.8158e+14 6.6222e+14
3885.6998 6.8158e+14 6.6222e+14
3885.7117 6.8158e+14 6.6222e+14
3885.7235 6.8158e+14 6.6221e+14
3885.7354 6.8158e+14 6.6221e+14
3885.7472 6.8158e+14 6.6221e+14
3885.7591 6.8158e+14 6.6220e+14
3885.7709 6.8158e+14 6.6220e+14
3885.7828 6.8158e+14 6.6220e+14
3885.7946 6.8158e+14 6.6220e+14
3885.8065 6.8158e+14 6.6219e+14
3885.8183 6.8158e+14 6.6219e+14
3885.8302 6.8159e+14 6.6219e+14
3885.8420 6.8159e+14 6.6219e+14
3885.8539 6.8159e+14 6.6218e+14
3885.8657 6.8159e+14 6.6218e+14
3885.8776 6.8159e+14 6.6218e+14
3885.8894 6.8159e+14 6.6218e+14
3885.9013 6.8159e+14 6.6217e+14
3885.9131 6.8159e+14 6.6217e+14
3885.9250 6.8159e+14 6.6217e+14
3885.9368 6.8159e+14 6.6217e+14
3885.9487 6.8159e+14 6.6216e+14
3885.9605 6.8159e+14 6.6216e+14
3885.9724 6.8159e+14 6.6216e+14
3885.9842 6.8159e+14 6.6216e+14
3885.9961 6.8159e+14 6.6215e+14
3886.0079 6.8159e+14 6.6215e+14
3886.0198 6.8160e+14 6.6215e+14
3886.0316 6.8160e+14 6.6215e+14
3886.0435 6.8160e+14 6.6214e+14
3886.0553 6.8160e+14 6.6214e+14
3886.0672 6.8160e+14 6.6214e+14
3886.0790 6.8160e+14 6.6214e+14
3886.0909 6.8160e+14 6.6213e+14
3886.1027 6.8160e+14 6.6213e+14
3886.1146 6.8160e+14 6.6213e+14
3886.1264 6.8160e+14 6.6213e+14
3886.1383 6.8160e+14 6.6212e+14
3886.1501 6.8160e+14 6.6212e+14
3886.1620 6.8160e+14 6.6212e+14
3886.1738 6.8160e+14 6.6212e+14
3886.1857 6.8160e+14 6.6211e+14
3886.1975 6.8161e+14 6.6211e+14
3886.2094 6.8161e+14 6.6211e+14
3886.2212 6.8161e+14 6.6211e+14
3886.2331 6.8161e+14 6.6211e+14
3886.2449 6.8161e+14 6.6210e+14
3886.2568 6.8161e+14 6.6210e+14
3886.2686 6.8161e+14 6.6210e+14
3886.2805 6.8161e+14 6.6210e+14
3886.2923 6.8161e+14 6.6209e+14
3886.3042 6.8161e+14 6.6209e+14
3886.3160 6.8161e+14 6.6209e+14
3886.3279 6.8161e+14 6.6209e+14
3886.3397 6.8161e+14 6.6209e+14
3886.3516 6.8161e+14 6.6208e+14
3886.3634 6.8161e+14 6.6208e+14
3886.3753 6.8162e+14 6.6208e+14
3886.3871 6.8162e+14 6.6208e+14
3886.3990 6.8162e+14 6.6208e+14
3886.4108 6.8162e+14 6.6207e+14
3886.4227 6.8162e+14 6.6207e+14
3886.4345 6.8162e+14 6.6207e+14
3886.4464 6.8162e+14 6.6207e+14
3886.4582 6.8162e+14 6.6206e+14
3886.4701 6.8162e+14 6.6206e+14
3886.4819 6.8162e+14 6.6206e+14
3886.4938 6.8162e+14 6.6206e+14
3886.5056 6.8162e+14 6.6206e+14
3886.5175 6.8162e+14 6.6205e+14
3886.5293 6.8162e+14 6.6205e+14
3886.5412 6.8162e+14 6.6205e+14
3886.5530 6.8163e+14 6.6205e+14
3886.5649 6.8163e+14 6.6205e+14
3886.5767 6.8163e+14 6.6205e+14
3886.5886 6.8163e+14 6.6204e+14
3886.6004 6.8163e+14 6.6204e+14
3886.6123 6.8163e+14 6.6204e+14
3886.6241 6.8163e+14 6.6204e+14
3886.6360 6.8163e+14 6.6204e+14
3886.6478 6.8163e+14 6.6203e+14
3886.6597 6.8163e+14 6.6203e+14
3886.6715 6.8163e+14 6.6203e+14
3886.6834 6.8163e+14 6.6203e+14
3886.6952 6.8163e+14 6.6203e+14
3886.7071 6.8163e+14 6.6202e+14
3886.7189 6.8163e+14 6.6202e+14
3886.7308 6.8163e+14 6.6202e+14
3886.7426 6.8164e+14 6.6202e+14
3886.7545 6.8164e+14 6.6202e+14
3886.7663 6.8164e+14 6.6202e+14
3886.7781 6.8164e+14 6.6201e+14
3886.7900 6.8164e+14 6.6201e+14
3886.8018 6.8164e+14 6.6201e+14
3886.8137 6.8164e+14 6.6201e+14
3886.8255 6.8164e+14 6.6201e+14
3886.8374 6.8164e+14 6.6201e+14
3886.8492 6.8164e+14 6.6200e+14
3886.8611 6.8164e+14 6.6200e+14
3886.8729 6.8164e+14 6.6200e+14
3886.8848 6.8164e+14 6.6200e+14
3886.8966 6.8164e+14 6.6200e+14
3886.9085 6.8164e+14 6.6200e+14
3886.9203 6.8165e+14 6.6199e+14
3886.9322 6.8165e+14 6.6199e+14
3886.9440 6.8165e+14 6.6199e+14
3886.9559 6.8165e+14 6.6199e+14
3886.9677 6.8165e+14 6.6199e+14
3886.9796 6.8165e+14 6.6199e+14
3886.9914 6.8165e+14 6.6199e+14
3887.0033 6.8165e+14 6.6198e+14
3887.0151 6.8165e+14 6.6198e+14
3887.0270 6.8165e+14 6.6198e+14
3887.0388 6.8165e+14 6.6198e+14
3887.0507 6.8165e+14 6.6198e+14
3887.0625 6.8165e+14 6.6198e+14
3887.0744 6.8165e+14 6.6198e+14
3887.0862 6.8165e+14 6.6197e+14
3887.0981 6.8166e+14 6.6197e+14
3887.1099 6.8166e+14 6.6197e+14
3887.1218 6.8166e+14 6.6197e+14
3887.1336 6.8166e+14 6.6197e+14
3887.1455 6.8166e+14 6.6197e+14
3887.1573 6.8166e+14 6.6197e+14
3887.1692 6.8166e+14 6.6196e+14
3887.1810 6.8166e+14 6.6196e+14
3887.1929 6.8166e+14 6.6196e+14
3887.2047 6.8166e+14 6.6196e+14
3887.2166 6.8166e+14 6.6196e+14
3887.2284 6.8166e+14 6.6196e+14
3887.2403 6.8166e+14 6.6196e+14
3887.2521 6.8166e+14 6.6196e+14
3887.2640 6.8166e+14 6.6195e+14
3887.2758 6.8166e+14 6.6195e+14
3887.2877 6.8167e+14 6.6195e+14
3887.2995 6.8167e+14 6.6195e+14
3887.3114 6.8167e+14 6.6195e+14
3887.3232 6.8167e+14 6.6195e+14
3887.3351 6.8167e+14 6.6195e+14
3887.3469 6.8167e+14 6.6195e+14
3887.3588 6.8167e+14 6.6194e+14
3887.3706 6.8167e+14 6.6194e+14
3887.3825 6.8167e+14 6.6194e+14
3887.3943 6.8167e+14 6.6194e+14
3887.4062 6.8167e+14 6.6194e+14
3887.4180 6.8167e+14 6.6194e+14
3887.4299 6.8167e+14 6.6194e+14
3887.4417 6.8167e+14 6.6194e+14
3887.4536 6.8167e+14 6.6194e+14
3887.4654 6.8168e+14 6.6194e+14
3887.4773 6.8168e+14 6.6193e+14
3887.4891 6.8168e+14 6.6193e+14
3887.5010 6.8168e+14 6.6193e+14
3887.5128 6.8168e+14 6.6193e+14
3887.5247 6.8168e+14 6.6193e+14
3887.5365 6.8168e+14 6.6193e+14
3887.5484 6.8168e+14 6.6193e+14
3887.5602 6.8168e+14 6.6193e+14
3887.5721 6.8168e+14 6.6193e+14
3887.5839 6.8168e+14 6.6193e+14
3887.5958 6.8168e+14 6.6192e+14
3887.6076 6.8168e+14 6.6192e+14
3887.6195 6.8168e+14 6.6192e+14
3887.6313 6.8168e+14 6.6192e+14
3887.6432 6.8169e+14 6.6192e+14
3887.6550 6.8169e+14 6.6192e+14
3887.6669 6.8169e+14 6.6192e+14
3887.6787 6.8169e+14 6.6192e+14
3887.6906 6.8169e+14 6.6192e+14
3887.7024 6.8169e+14 6.6192e+14
3887.7143 6.8169e+14 6.6192e+14
3887.7261 6.8169e+14 6.6192e+14
3887.7380 6.8169e+14 6.6192e+14
3887.7498 6.8169e+14 6.6191e+14
3887.7617 6.8169e+14 6.6191e+14
3887.7735 6.8169e+14 6.6191e+14
3887.7854 6.8169e+14 6.6191e+14
3887.7972 6.8169e+14 6.6191e+14
3887.8091 6.8169e+14 6.6191e+14
3887.8209 6.8169e+14 6.6191e+14
3887.8328 6.8170e+14 6.6191e+14
3887.8446 6.8170e+14 6.6191e+14
3887.8565 6.8170e+14 6.6191e+14
3887.8683 6.8170e+14 6.6191e+14
3887.8802 6.8170e+14 6.6191e+14
3887.8920 6.8170e+14 6.6191e+14
3887.9039 6.8170e+14 6.6191e+14
3887.9157 6.8170e+14 6.6191e+14
3887.9276 6.8170e+14 6.6191e+14
3887.9394 6.8170e+14 6.6190e+14
3887.9513 6.8170e+14 6.6190e+14
3887.9631 6.8170e+14 6.6190e+14
3887.9750 6.8170e+14 6.6190e+14
3887.9868 6.8170e+14 6.6190e+14
3887.9987 6.8170e+14 6.6190e+14
3888.0105 6.8171e+14 6.6190e+14
3888.0224 6.8171e+14 6.6190e+14
3888.0342 6.8171e+14 6.6190e+14
3888.0461 6.8171e+14 6.6190e+14
3888.0579 6.8171e+14 6.6190e+14
3888.0698 6.8171e+14 6.6190e+14
3888.0816 6.8171e+14 6.6190e+14
3888.0935 6.8171e+14 6.6190e+14
3888.1053 6.8171e+14 6.6190e+14
3888.1172 6.8171e+14 6.6190e+14
3888.1290 6.8171e+14 6.6190e+14
3888.1409 6.8171e+14 6.6190e+14
3888.1527 6.8171e+14 6.6190e+14
3888.1646 6.8171e+14 6.6190e+14
3888.1764 6.8171e+14 6.6190e+14
3888.1883 6.8172e+14 6.6190e+14
3888.2001 6.8172e+14 6.6190e+14
3888.2120 6.8172e+14 6.6190e+14
3888.2238 6.8172e+14 6.6190e+14
3888.2357 6.8172e+14 6.6190e+14
3888.2475 6.8172e+14 6.6190e+14
3888.2594 6.8172e+14 6.6190e+14
3888.2712 6.8172e+14 6.6190e+14
3888.2831 6.8172e+14 6.6190e+14
3888.2949 6.8172e+14 6.6190e+14
3888.3068 6.8172e+14 6.6190e+14
3888.3186 6.8172e+14 6.6190e+14
3888.3305 6.8172e+14 6.6190e+14
3888.3423 6.8172e+14 6.6190e+14
3888.3542 6.8172e+14 6.6189e+14
3888.3660 6.8172e+14 6.6189e+14
3888.3779 6.8173e+14 6.6189e+14
3888.3897 6.8173e+14 6.6189e+14
3888.4016 6.8173e+14 6.6189e+14
3888.4134 6.8173e+14 6.6189e+14
3888.4253 6.8173e+14 6.6189e+14
3888.4371 6.8173e+14 6.6189e+14
3888.4490 6.8173e+14 6.6189e+14
3888.4608 6.8173e+14 6.6189e+14
3888.4727 6.8173e+14 6.6189e+14
3888.4845 6.8173e+14 6.6190e+14
3888.4964 6.8173e+14 6.6190e+14
3888.5082 6.8173e+14 6.6190e+14
3888.5201 6.8173e+14 6.6190e+14
3888.5319 6.8173e+14 6.6190e+14
3888.5438 6.8173e+14 6.6190e+14
3888.5556 6.8174e+14 6.6190e+14
3888.5675 6.8174e+14 6.6190e+14
3888.5793 6.8174e+14 6.6190e+14
3888.5912 6.8174e+14 6.6190e+14
3888.6030 6.8174e+14 6.6190e+14
3888.6149 6.8174e+14 6.6190e+14
3888.6267 6.8174e+14 6.6190e+14
3888.6386 6.8174e+14 6.6190e+14
3888.6504 6.8174e+14 6.6190e+14
3888.6623 6.8174e+14 6.6190e+14
3888.6741 6.8174e+14 6.6190e+14
3888.6860 6.8174e+14 6.6190e+14
3888.6978 6.8174e+14 6.6190e+14
3888.7097 6.8174e+14 6.6190e+14
3888.7215 6.8174e+14 6.6190e+14
3888.7334 6.8175e+14 6.6190e+14
3888.7452 6.8175e+14 6.6190e+14
3888.7571 6.8175e+14 6.6190e+14
3888.7689 6.8175e+14 6.6190e+14
3888.7808 6.8175e+14 6.6190e+14
3888.7926 6.8175e+14 6.6190e+14
3888.8045 6.8175e+14 6.6190e+14
3888.8163 6.8175e+14 6.6190e+14
3888.8282 6.8175e+14 6.6190e+14
3888.8400 6.8175e+14 6.6190e+14
3888.8519 6.8175e+14 6.6190e+14
3888.8637 6.8175e+14 6.6190e+14
3888.8756 6.8175e+14 6.6190e+14
3888.8874 6.8175e+14 6.6190e+14
3888.8993 6.8175e+14 6.6191e+14
3888.9111 6.8175e+14 6.6191e+14
3888.9230 6.8176e+14 6.6191e+14
3888.9348 6.8176e+14 6.6191e+14
3888.9467 6.8176e+14 6.6191e+14
3888.9585 6.8176e+14 6.6191e+14
3888.9704 6.8176e+14 6.6191e+14
3888.9822 6.8176e+14 6.6191e+14
3888.9941 6.8176e+14 6.6191e+14
3889.0059 6.8176e+14 6.6191e+14
3889.0178 6.8176e+14 6.6191e+14
3889.0296 6.8176e+14 6.6191e+14
3889.0415 6.8176e+14 6.6191e+14
3889.0533 6.8176e+14 6.6191e+14
3889.0652 6.8176e+14 6.6191e+14
3889.0770 6.8176e+14 6.6191e+14
3889.0889 6.8176e+14 6.6192e+14
3889.1007 6.8177e+14 6.6192e+14
3889.1126 6.8177e+14 6.6192e+14
3889.1244 6.8177e+14 6.6192e+14
3889.1363 6.8177e+14 6.6192e+14
3889.1481 6.8177e+14 6.6192e+14
3889.1600 6.8177e+14 6.6192e+14
3889.1718 6.8177e+14 6.6192e+14
3889.1837 6.8177e+14 6.6192e+14
3889.1955 6.8177e+14 6.6192e+14
3889.2074 6.8177e+14 6.6192e+14
3889.2192 6.8177e+14 6.6192e+14
3889.2311 6.8177e+14 6.6193e+14
3889.2429 6.8177e+14 6.6193e+14
3889.2548 6.8177e+14 6.6193e+14
3889.2666 6.8177e+14 6.6193e+14
3889.2785 6.8177e+14 6.6193e+14
3889.2903 6.8178e+14 6.6193e+14
3889.3022 6.8178e+14 6.6193e+14
3889.3140 6.8178e+14 6.6193e+14
3889.3259 6.8178e+14 6.6193e+14
3889.3377 6.8178e+14 6.6193e+14
3889.3496 6.8178e+14 6.6193e+14
3889.3614 6.8178e+14 6.6194e+14
3889.3733 6.8178e+14 6.6194e+14
3889.3851 6.8178e+14 6.6194e+14
3889.3970 6.8178e+14 6.6194e+14
3889.4088 6.8178e+14 6.6194e+14
3889.4207 6.8178e+14 6.6194e+14
3889.4325 6.8178e+14 6.6194e+14
3889.4444 6.8178e+14 6.6194e+14
3889.4562 6.8178e+14 6.6194e+14
3889.4681 6.8179e+14 6.6195e+14
3889.4799 6.8179e+14 6.6195e+14
3889.4918 6.8179e+14 6.6195e+14
3889.5036 6.8179e+14 6.6195e+14
3889.5155 6.8179e+14 6.6195e+14
3889.5273 6.8179e+14 6.6195e+14
3889.5392 6.8179e+14 6.6195e+14
3889.5510 6.8179e+14 6.6195e+14
3889.5629 6.8179e+14 6.6195e+14
3889.5747 6.8179e+14 6.6196e+14
3889.5866 6.8179e+14 6.6196e+14
3889.5984 6.8179e+14 6.6196e+14
3889.6103 6.8179e+14 6.6196e+14
3889.6221 6.8179e+14 6.6196e+14
3889.6340 6.8179e+14 6.6196e+14
3889.6458 6.8179e+14 6.6196e+14
3889.6577 6.8180e+14 6.6196e+14
3889.6695 6.8180e+14 6.6197e+14
3889.6814 6.8180e+14 6.6197e+14
3889.6932 6.8180e+14 6.6197e+14
3889.7051 6.8180e+14 6.6197e+14
3889.7169 6.8180e+14 6.6197e+14
3889.7288 6.8180e+14 6.6197e+14
3889.7406 6.8180e+14 6.6197e+14
3889.7525 6.8180e+14 6.6198e+14
3889.7643 6.8180e+14 6.6198e+14
3889.7762 6.8180e+14 6.6198e+14
3889.7880 6.8180e+14 6.6198e+14
3889.7999 6.8180e+14 6.6198e+14
3889.8117 6.8180e+14 6.6198e+14
3889.8236 6.8180e+14 6.6198e+14
3889.8354 6.8181e+14 6.6199e+14
3889.8473 6.8181e+14 6.6199e+14
3889.8591 6.8181e+14 6.6199e+14
3889.8710 6.8181e+14 6.6199e+14
3889.8828 6.8181e+14 6.6199e+14
3889.8947 6.8181e+14 6.6199e+14
3889.9065 6.8181e+14 6.6200e+14
3889.9184 6.8181e+14 6.6200e+14
3889.9302 6.8181e+14 6.6200e+14
3889.9421 6.8181e+14 6.6200e+14
3889.9539 6.8181e+14 6.6200e+14
3889.9658 6.8181e+14 6.6200e+14
3889.9776 6.8181e+14 6.6201e+14
3889.9895 6.8181e+14 6.6201e+14
3890.0013 6.8181e+14 6.6201e+14
3890.0132 6.8181e+14 6.6201e+14
3890.0250 6.8182e+14 6.6201e+14
3890.0369 6.8182e+14 6.6201e+14
3890.0487 6.8182e+14 6.6202e+14
3890.0606 6.8182e+14 6.6202e+14
3890.0724 6.8182e+14 6.6202e+14
3890.0843 6.8182e+14 6.6202e+14
3890.0961 6.8182e+14 6.6202e+14
3890.1080 6.8182e+14 6.6202e+14
3890.1198 6.8182e+14 6.6203e+14
3890.1317 6.8182e+14 6.6203e+14
3890.1435 6.8182e+14 6.6203e+14
3890.1554 6.8182e+14 6.6203e+14
3890.1672 6.8182e+14 6.6203e+14
3890.1791 6.8182e+14 6.6204e+14
3890.1909 6.8182e+14 6.6204e+14
3890.2028 6.8183e+14 6.6204e+14
3890.2146 6.8183e+14 6.6204e+14
3890.2265 6.8183e+14 6.6204e+14
3890.2383 6.8183e+14 6.6205e+14
3890.2502 6.8183e+14 6.6205e+14
3890.2620 6.8183e+14 6.6205e+14
3890.2739 6.8183e+14 6.6205e+14
3890.2857 6.8183e+14 6.6205e+14
3890.2976 6.8183e+14 6.6206e+14
3890.3094 6.8183e+14 6.6206e+14
3890.3213 6.8183e+14 6.6206e+14
3890.3331 6.8183e+14 6.6206e+14
3890.3450 6.8183e+14 6.6206e+14
3890.3568 6.8183e+14 6.6207e+14
3890.3687 6.8183e+14 6.6207e+14
3890.3805 6.8183e+14 6.6207e+14
3890.3924 6.8184e+14 6.6207e+14
3890.4042 6.8184e+14 6.6207e+14
3890.4161 6.8184e+14 6.6208e+14
3890.4279 6.8184e+14 6.6208e+14
3890.4398 6.8184e+14 6.6208e+14
3890.4516 6.8184e+14 6.6208e+14
3890.4635 6.8184e+14 6.6208e+14
3890.4753 6.8184e+14 6.6209e+14
3890.4872 6.8184e+14 6.6209e+14
3890.4990 6.8184e+14 6.6209e+14
3890.5109 6.8184e+14 6.6209e+14
3890.5227 6.8184e+14 6.6210e+14
3890.5346 6.8184e+14 6.6210e+14
3890.5464 6.8184e+14 6.6210e+14
3890.5583 6.8184e+14 6.6210e+14
3890.5701 6.8185e+14 6.6211e+14
3890.5820 6.8185e+14 6.6211e+14
3890.5938 6.8185e+14 6.6211e+14
3890.6057 6.8185e+14 6.6211e+14
3890.6175 6.8185e+14 6.6211e+14
3890.6294 6.8185e+14 6.6212e+14
3890.6412 6.8185e+14 6.6212e+14
3890.6531 6.8185e+14 6.6212e+14
3890.6649 6.8185e+14 6.6212e+14
3890.6768 6.8185e+14 6.6213e+14
3890.6886 6.8185e+14 6.6213e+14
3890.7005 6.8185e+14 6.6213e+14
3890.7123 6.8185e+14 6.6213e+14
3890.7242 6.8185e+14 6.6214e+14
3890.7360 6.8185e+14 6.6214e+14
3890.7479 6.8185e+14 6.6214e+14
3890.7597 6.8186e+14 6.6214e+14
3890.7716 6.8186e+14 6.6215e+14
3890.7834 6.8186e+14 6.6215e+14
3890.7953 6.8186e+14 6.6215e+14
3890.8071 6.8186e+14 6.6215e+14
3890.8190 6.8186e+14 6.6216e+14
3890.8308 6.8186e+14 6.6216e+14
3890.8427 6.8186e+14 6.6216e+14
3890.8545 6.8186e+14 6.6216e+14
3890.8664 6.8186e+14 6.6217e+14
3890.8782 6.8186e+14 6.6217e+14
3890.8901 6.8186e+14 6.6217e+14
3890.9019 6.8186e+14 6.6217e+14
3890.9138 6.8186e+14 6.6218e+14
3890.9256 6.8186e+14 6.6218e+14
3890.9375 6.8187e+14 6.6218e+14
3890.9493 6.8187e+14 6.6219e+14
3890.9612 6.8187e+14 6.6219e+14
3890.9730 6.8187e+14 6.6219e+14
3890.9849 6.8187e+14 6.6219e+14
3890.9967 6.8187e+14 6.6220e+14
3891.0086 6.8187e+14 6.6220e+14
3891.0204 6.8187e+14 6.6220e+14
3891.0323 6.8187e+14 6.6220e+14
3891.0441 6.8187e+14 6.6221e+14
3891.0560 6.8187e+14 6.6221e+14
3891.0678 6.8187e+14 6.6221e+14
3891.0797 6.8187e+14 6.6222e+14
3891.0915 6.8187e+14 6.6222e+14
3891.1034 6.8187e+14 6.6222e+14
3891.1152 6.8187e+14 6.6222e+14
3891.1271 6.8188e+14 6.6223e+14
3891.1389 6.8188e+14 6.6223e+14
3891.1508 6.8188e+14 6.6223e+14
3891.1626 6.8188e+14 6.6224e+14
3891.1745 6.8188e+14 6.6224e+14
3891.1863 6.8188e+14 6.6224e+14
3891.1982 6.8188e+14 6.6224e+14
3891.2100 6.8188e+14 6.6225e+14
3891.2219 6.8188e+14 6.6225e+14
3891.2337 6.8188e+14 6.6225e+14
3891.2455 6.8188e+14 6.6226e+14
3891.2574 6.8188e+14 6.6226e+14
3891.2692 6.8188e+14 6.6226e+14
3891.2811 6.8188e+14 6.6227e+14
3891.2929 6.8188e+14 6.6227e+14
3891.3048 6.8189e+14 6.6227e+14
3891.3166 6.8189e+14 6.6227e+14
3891.3285 6.8189e+14 6.6228e+14
3891.3403 6.8189e+14 6.6228e+14
3891.3522 6.8189e+14 6.6228e+14
3891.3640 6.8189e+14 6.6229e+14
3891.3759 6.8189e+14 6.6229e+14
3891.3877 6.8189e+14 6.6229e+14
3891.3996 6.8189e+14 6.6230e+14
3891.4114 6.8189e+14 6.6230e+14
3891.4233 6.8189e+14 6.6230e+14
3891.4351 6.8189e+14 6.6231e+14
3891.4470 6.8189e+14 6.6231e+14
3891.4588 6.8189e+14 6.6231e+14
3891.4707 6.8189e+14 6.6232e+14
3891.4825 6.8189e+14 6.6232e+14
3891.4944 6.8190e+14 6.6232e+14
3891.5062 6.8190e+14 6.6233e+14
3891.5181 6.8190e+14 6.6233e+14
3891.5299 6.8190e+14 6.6233e+14
3891.5418 6.8190e+14 6.6233e+14
3891.5536 6.8190e+14 6.6234e+14
3891.5655 6.8190e+14 6.6234e+14
3891.5773 6.8190e+14 6.6234e+14
3891.5892 6.8190e+14 6.6235e+14
3891.6010 6.8190e+14 6.6235e+14
3891.6129 6.8190e+14 6.6235e+14
3891.6247 6.8190e+14 6.6236e+14
3891.6366 6.8190e+14 6.6236e+14
3891.6484 6.8190e+14 6.6236e+14
3891.6603 6.8190e+14 6.6237e+14
3891.6721 6.8190e+14 6.6237e+14
3891.6840 6.8191e+14 6.6238e+14
3891.6958 6.8191e+14 6.6238e+14
3891.7077 6.8191e+14 6.6238e+14
3891.7195 6.8191e+14 6.6239e+14
3891.7314 6.8191e+14 6.6239e+14
3891.7432 6.8191e+14 6.6239e+14
3891.7551 6.8191e+14 6.6240e+14
3891.7669 6.8191e+14 6.6240e+14
3891.7788 6.8191e+14 6.6240e+14
3891.7906 6.8191e+14 6.6241e+14
3891.8025 6.8191e+14 6.6241e+14
3891.8143 6.8191e+14 6.6241e+14
3891.8262 6.8191e+14 6.6242e+14
3891.8380 6.8191e+14 6.6242e+14
3891.8499 6.8191e+14 6.6242e+14
3891.8617 6.8192e+14 6.6243e+14
3891.8736 6.8192e+14 6.6243e+14
3891.8854 6.8192e+14 6.6244e+14
3891.8973 6.8192e+14 6.6244e+14
3891.9091 6.8192e+14 6.6244e+14
3891.9210 6.8192e+14 6.6245e+14
3891.9328 6.8192e+14 6.6245e+14
3891.9447 6.8192e+14 6.6245e+14
3891.9565 6.8192e+14 6.6246e+14
3891.9684 6.8192e+14 6.6246e+14
3891.9802 6.8192e+14 6.6246e+14
3891.9921 6.8192e+14 6.6247e+14
3892.0039 6.8192e+14 6.6247e+14
3892.0158 6.8192e+14 6.6248e+14
3892.0276 6.8192e+14 6.6248e+14
3892.0395 6.8192e+14 6.6248e+14
3892.0513 6.8193e+14 6.6249e+14
3892.0632 6.8193e+14 6.6249e+14
3892.0750 6.8193e+14 6.6249e+14
3892.0869 6.8193e+14 6.6250e+14
3892.0987 6.8193e+14 6.6250e+14
3892.1106 6.8193e+14 6.6251e+14
3892.1224 6.8193e+14 6.6251e+14
3892.1343 6.8193e+14 6.6251e+14
3892.1461 6.8193e+14 6.6252e+14
3892.1580 6.8193e+14 6.6252e+14
3892.1698 6.8193e+14 6.6253e+14
3892.1817 6.8193e+14 6.6253e+14
3892.1935 6.8193e+14 6.6253e+14
3892.2054 6.8193e+14 6.6254e+14
3892.2172 6.8193e+14 6.6254e+14
3892.2291 6.8194e+14 6.6254e+14
3892.2409 6.8194e+14 6.6255e+14
3892.2528 6.8194e+14 6.6255e+14
3892.2646 6.8194e+14 6.6256e+14
3892.2765 6.8194e+14 6.6256e+14
3892.2883 6.8194e+14 6.6256e+14
3892.3002 6.8194e+14 6.6257e+14
3892.3120 6.8194e+14 6.6257e+14
3892.3239 6.8194e+14 6.6258e+14
3892.3357 6.8194e+14 6.6258e+14
3892.3476 6.8194e+14 6.6258e+14
3892.3594 6.8194e+14 6.6259e+14
3892.3713 6.8194e+14 6.6259e+14
3892.3831 6.8194e+14 6.6260e+14
3892.3950 6.8194e+14 6.6260e+14
3892.4068 6.8194e+14 6.6261e+14
3892.4187 6.8195e+14 6.6261e+14
3892.4305 6.8195e+14 6.6261e+14
3892.4424 6.8195e+14 6.6262e+14
3892.4542 6.8195e+14 6.6262e+14
3892.4661 6.8195e+14 6.6263e+14
3892.4779 6.8195e+14 6.6263e+14
3892.4898 6.8195e+14 6.6263e+14
3892.5016 6.8195e+14 6.6264e+14
3892.5135 6.8195e+14 6.6264e+14
3892.5253 6.8195e+14 6.6265e+14
3892.5372 6.8195e+14 6.6265e+14
3892.5490 6.8195e+14 6.6266e+14
3892.5609 6.8195e+14 6.6266e+14
3892.5727 6.8195e+14 6.6266e+14
3892.5846 6.8195e+14 6.6267e+14
3892.5964 6.8195e+14 6.6267e+14
3892.6083 6.8196e+14 6.6268e+14
3892.6201 6.8196e+14 6.6268e+14
3892.6320 6.8196e+14 6.6269e+14
3892.6438 6.8196e+14 6.6269e+14
3892.6557 6.8196e+14 6.6269e+14
3892.6675 6.8196e+14 6.6270e+14
3892.6794 6.8196e+14 6.6270e+14
3892.6912 6.8196e+14 6.6271e+14
3892.7031 6.8196e+14 6.6271e+14
3892.7149 6.8196e+14 6.6272e+14
3892.7268 6.8196e+14 6.6272e+14
3892.7386 6.8196e+14 6.6272e+14
3892.7505 6.8196e+14 6.6273e+14
3892.7623 6.8196e+14 6.6273e+14
3892.7742 6.8196e+14 6.6274e+14
3892.7860 6.8197e+14 6.6274e+14
3892.7979 6.8197e+14 6.6275e+14
3892.8097 6.8197e+14 6.6275e+14
3892.8216 6.8197e+14 6.6276e+14
3892.8334 6.8197e+14 6.6276e+14
3892.8453 6.8197e+14 6.6276e+14
3892.8571 6.8197e+14 6.6277e+14
3892.8690 6.8197e+14 6.6277e+14
3892.8808 6.8197e+14 6.6278e+14
3892.8927 6.8197e+14 6.6278e+14
3892.9045 6.8197e+14 6.6279e+14
3892.9164 6.8197e+14 6.6279e+14
3892.9282 6.8197e+14 6.6280e+14
3892.9401 6.8197e+14 6.6280e+14
3892.9519 6.8197e+14 6.6281e+14
3892.9638 6.8197e+14 6.6281e+14
3892.9756 6.8198e+14 6.6282e+14
3892.9875 6.8198e+14 6.6282e+14
3892.9993 6.8198e+14 6.6282e+14
3893.0112 6.8198e+14 6.6283e+14
3893.0230 6.8198e+14 6.6283e+14
3893.0349 6.8198e+14 6.6284e+14
3893.0467 6.8198e+14 6.6284e+14
3893.0586 6.8198e+14 6.6285e+14
3893.0704 6.8198e+14 6.6285e+14
3893.0823 6.8198e+14 6.6286e+14
3893.0941 6.8198e+14 6.6286e+14
3893.1060 6.8198e+14 6.6287e+14
3893.1178 6.8198e+14 6.6287e+14
3893.1297 6.8198e+14 6.6288e+14
3893.1415 6.8198e+14 6.6288e+14
3893.1534 6.8198e+14 6.6289e+14
3893.1652 6.8199e+14 6.6289e+14
3893.1771 6.8199e+14 6.6290e+14
3893.1889 6.8199e+14 6.6290e+14
3893.2008 6.8199e+14 6.6290e+14
3893.2126 6.8199e+14 6.6291e+14
3893.2245 6.8199e+14 6.6291e+14
3893.2363 6.8199e+14 6.6292e+14
3893.2482 6.8199e+14 6.6292e+14
3893.2600 6.8199e+14 6.6293e+14
3893.2719 6.8199e+14 6.6293e+14
3893.2837 6.8199e+14 6.6294e+14
3893.2956 6.8199e+14 6.6294e+14
3893.3074 6.8199e+14 6.6295e+14
3893.3193 6.8199e+14 6.6295e+14
3893.3311 6.8199e+14 6.6296e+14
3893.3430 6.8199e+14 6.6296e+14
3893.3548 6.8200e+14 6.6297e+14
3893.3667 6.8200e+14 6.6297e+14
3893.3785 6.8200e+14 6.6298e+14
3893.3904 6.8200e+14 6.6298e+14
3893.4022 6.8200e+14 6.6299e+14
3893.4141 6.8200e+14 6.6299e+14
3893.4259 6.8200e+14 6.6300e+14
3893.4378 6.8200e+14 6.6300e+14
3893.4496 6.8200e+14 6.6301e+14
3893.4615 6.8200e+14 6.6301e+14
3893.4733 6.8200e+14 6.6302e+14
3893.4852 6.8200e+14 6.6302e+14
3893.4970 6.8200e+14 6.6303e+14
3893.5089 6.8200e+14 6.6303e+14
3893.5207 6.8200e+14 6.6304e+14
3893.5326 6.8201e+14 6.6304e+14
3893.5444 6.8201e+14 6.6305e+14
3893.5563 6.8201e+14 6.6305e+14
3893.5681 6.8201e+14 6.6306e+14
3893.5800 6.8201e+14 6.6306e+14
3893.5918 6.8201e+14 6.6307e+14
3893.6037 6.8201e+14 6.6307e+14
3893.6155 6.8201e+14 6.6308e+14
3893.6274 6.8201e+14 6.6308e+14
3893.6392 6.8201e+14 6.6309e+14
3893.6511 6.8201e+14 6.6309e+14
3893.6629 6.8201e+14 6.6310e+14
3893.6748 6.8201e+14 6.6311e+14
3893.6866 6.8201e+14 6.6311e+14
3893.6985 6.8201e+14 6.6312e+14
3893.7103 6.8201e+14 6.6312e+14
3893.7222 6.8202e+14 6.6313e+14
3893.7340 6.8202e+14 6.6313e+14
3893.7459 6.8202e+14 6.6314e+14
3893.7577 6.8202e+14 6.6314e+14
3893.7696 6.8202e+14 6.6315e+14
3893.7814 6.8202e+14 6.6315e+14
3893.7933 6.8202e+14 6.6316e+14
3893.8051 6.8202e+14 6.6316e+14
3893.8170 6.8202e+14 6.6317e+14
3893.8288 6.8202e+14 6.6317e+14
3893.8407 6.8202e+14 6.6318e+14
3893.8525 6.8202e+14 6.6318e+14
3893.8644 6.8202e+14 6.6319e+14
3893.8762 6.8202e+14 6.6319e+14
3893.8881 6.8202e+14 6.6320e+14
3893.8999 6.8202e+14 6.6321e+14
3893.9118 6.8203e+14 6.6321e+14
3893.9236 6.8203e+14 6.6322e+14
3893.9355 6.8203e+14 6.6322e+14
3893.9473 6.8203e+14 6.6323e+14
3893.9592 6.8203e+14 6.6323e+14
3893.9710 6.8203e+14 6.6324e+14
3893.9829 6.8203e+14 6.6324e+14
3893.9947 6.8203e+14 6.6325e+14
3894.0066 6.8203e+14 6.6325e+14
3894.0184 6.8203e+14 6.6326e+14
3894.0303 6.8203e+14 6.6327e+14
3894.0421 6.8203e+14 6.6327e+14
3894.0540 6.8203e+14 6.6328e+14
3894.0658 6.8203e+14 6.6328e+14
3894.0777 6.8203e+14 6.6329e+14
3894.0895 6.8203e+14 6.6329e+14
3894.1014 6.8204e+14 6.6330e+14
3894.1132 6.8204e+14 6.6330e+14
3894.1251 6.8204e+14 6.6331e+14
3894.1369 6.8204e+14 6.6331e+14
3894.1488 6.8204e+14 6.6332e+14
3894.1606 6.8204e+14 6.6333e+14
3894.1725 6.8204e+14 6.6333e+14
3894.1843 6.8204e+14 6.6334e+14
3894.1962 6.8204e+14 6.6334e+14
3894.2080 6.8204e+14 6.6335e+14
3894.2199 6.8204e+14 6.6335e+14
3894.2317 6.8204e+14 6.6336e+14
3894.2436 6.8204e+14 6.6337e+14
3894.2554 6.8204e+14 6.6337e+14
3894.2673 6.8204e+14 6.6338e+14
3894.2791 6.8205e+14 6.6338e+14
3894.2910 6.8205e+14 6.6339e+14
3894.3028 6.8205e+14 6.6339e+14
3894.3147 6.8205e+14 6.6340e+14
3894.3265 6.8205e+14 6.6340e+14
3894.3384 6.8205e+14 6.6341e+14
3894.3502 6.8205e+14 6.6342e+14
3894.3621 6.8205e+14 6.6342e+14
3894.3739 6.8205e+14 6.6343e+14
3894.3858 6.8205e+14 6.6343e+14
3894.3976 6.8205e+14 6.6344e+14
3894.4095 6.8205e+14 6.6344e+14
3894.4213 6.8205e+14 6.6345e+14
3894.4332 6.8205e+14 6.6346e+14
3894.4450 6.8205e+14 6.6346e+14
3894.4569 6.8205e+14 6.6347e+14
3894.4687 6.8206e+14 6.6347e+14
3894.4806 6.8206e+14 6.6348e+14
3894.4924 6.8206e+14 6.6349e+14
3894.5043 6.8206e+14 6.6349e+14
3894.5161 6.8206e+14 6.6350e+14
3894.5280 6.8206e+14 6.6350e+14
3894.5398 6.8206e+14 6.6351e+14
3894.5517 6.8206e+14 6.6351e+14
3894.5635 6.8206e+14 6.6352e+14
3894.5754 6.8206e+14 6.6353e+14
3894.5872 6.8206e+14 6.6353e+14
3894.5991 6.8206e+14 6.6354e+14
3894.6109 6.8206e+14 6.6354e+14
3894.6228 6.8206e+14 6.6355e+14
3894.6346 6.8206e+14 6.6356e+14
3894.6465 6.8206e+14 6.6356e+14
3894.6583 6.8207e+14 6.6357e+14
3894.6702 6.8207e+14 6.6357e+14
3894.6820 6.8207e+14 6.6358e+14
3894.6939 6.8207e+14 6.6359e+14
3894.7057 6.8207e+14 6.6359e+14
3894.7176 6.8207e+14 6.6360e+14
3894.7294 6.8207e+14 6.6360e+14
3894.7413 6.8207e+14 6.6361e+14
3894.7531 6.8207e+14 6.6361e+14
3894.7650 6.8207e+14 6.6362e+14
3894.7768 6.8207e+14 6.6363e+14
3894.7887 6.8207e+14 6.6363e+14
3894.8005 6.8207e+14 6.6364e+14
3894.8124 6.8207e+14 6.6364e+14
3894.8242 6.8207e+14 6.6365e+14
3894.8361 6.8207e+14 6.6366e+14
3894.8479 6.8208e+14 6.6366e+14
3894.8598 6.8208e+14 6.6367e+14
3894.8716 6.8208e+14 6.6368e+14
3894.8835 6.8208e+14 6.6368e+14
3894.8953 6.8208e+14 6.6369e+14
3894.9072 6.8208e+14 6.6369e+14
3894.9190 6.8208e+14 6.6370e+14
3894.9309 6.8208e+14 6.6371e+14
3894.9427 6.8208e+14 6.6371e+14
3894.9546 6.8208e+14 6.6372e+14
3894.9664 6.8208e+14 6.6372e+14
3894.9783 6.8208e+14 6.6373e+14
3894.9901 6.8208e+14 6.6374e+14
3895.0020 6.8208e+14 6.6374e+14
3895.0138 6.8208e+14 6.6375e+14
3895.0257 6.8208e+14 6.6375e+14
3895.0375 6.8209e+14 6.6376e+14
3895.0494 6.8209e+14 6.6377e+14
3895.0612 6.8209e+14 6.6377e+14
3895.0731 6.8209e+14 6.6378e+14
3895.0849 6.8209e+14 6.6379e+14
3895.0968 6.8209e+14 6.6379e+14
3895.1086 6.8209e+14 6.6380e+14
3895.1205 6.8209e+14 6.6380e+14
3895.1323 6.8209e+14 6.6381e+14
3895.1442 6.8209e+14 6.6382e+14
3895.1560 6.8209e+14 6.6382e+14
3895.1679 6.8209e+14 6.6383e+14
3895.1797 6.8209e+14 6.6384e+14
3895.1916 6.8209e+14 6.6384e+14
3895.2034 6.8209e+14 6.6385e+14
3895.2153 6.8209e+14 6.6385e+14
3895.2271 6.8210e+14 6.6386e+14
3895.2390 6.8210e+14 6.6387e+14
3895.2508 6.8210e+14 6.6387e+14
3895.2627 6.8210e+14 6.6388e+14
3895.2745 6.8210e+14 6.6389e+14
3895.2864 6.8210e+14 6.6389e+14
3895.2982 6.8210e+14 6.6390e+14
3895.3101 6.8210e+14 6.6390e+14
3895.3219 6.8210e+14 6.6391e+14
3895.3338 6.8210e+14 6.6392e+14
3895.3456 6.8210e+14 6.6392e+14
3895.3575 6.8210e+14 6.6393e+14
3895.3693 6.8210e+14 6.6394e+14
3895.3812 6.8210e+14 6.6394e+14
3895.3930 6.8210e+14 6.6395e+14
3895.4049 6.8211e+14 6.6396e+14
3895.4167 6.8211e+14 6.6396e+14
3895.4286 6.8211e+14 6.6397e+14
3895.4404 6.8211e+14 6.6397e+14
3895.4523 6.8211e+14 6.6398e+14
3895.4641 6.8211e+14 6.6399e+14
3895.4760 6.8211e+14 6.6399e+14
3895.4878 6.8211e+14 6.6400e+14
3895.4997 6.8211e+14 6.6401e+14
3895.5115 6.8211e+14 6.6401e+14
3895.5234 6.8211e+14 6.6402e+14
3895.5352 6.8211e+14 6.6403e+14
3895.5471 6.8211e+14 6.6403e+14
3895.5589 6.8211e+14 6.6404e+14
3895.5708 6.8211e+14 6.6405e+14
3895.5826 6.8211e+14 6.6405e+14
3895.5945 6.8212e+14 6.6406e+14
3895.6063 6.8212e+14 6.6407e+14
3895.6182 6.8212e+14 6.6407e+14
3895.6300 6.8212e+14 6.6408e+14
3895.6419 6.8212e+14 6.6408e+14
3895.6537 6.8212e+14 6.6409e+14
3895.6656 6.8212e+14 6.6410e+14
3895.6774 6.8212e+14 6.6410e+14
3895.6892 6.8212e+14 6.6411e+14
3895.7011 6.8212e+14 6.6412e+14
3895.7129 6.8212e+14 6.6412e+14
3895.7248 6.8212e+14 6.6413e+14
3895.7366 6.8212e+14 6.6414e+14
3895.7485 6.8212e+14 6.6414e+14
3895.7603 6.8212e+14 6.6415e+14
3895.7722 6.8212e+14 6.6416e+14
3895.7840 6.8213e+14 6.6416e+14
3895.7959 6.8213e+14 6.6417e+14
3895.8077 6.8213e+14 6.6418e+14
3895.8196 6.8213e+14 6.6418e+14
3895.8314 6.8213e+14 6.6419e+14
3895.8433 6.8213e+14 6.6420e+14
3895.8551 6.8213e+14 6.6420e+14
3895.8670 6.8213e+14 6.6421e+14
3895.8788 6.8213e+14 6.6422e+14
3895.8907 6.8213e+14 6.6422e+14
3895.9025 6.8213e+14 6.6423e+14
3895.9144 6.8213e+14 6.6424e+14
3895.9262 6.8213e+14 6.6424e+14
3895.9381 6.8213e+14 6.6425e+14
3895.9499 6.8213e+14 6.6426e+14
3895.9618 6.8213e+14 6.6426e+14
3895.9736 6.8214e+14 6.6427e+14
3895.9855 6.8214e+14 6.6428e+14
3895.9973 6.8214e+14 6.6428e+14
3896.0092 6.8214e+14 6.6429e+14
3896.0210 6.8214e+14 6.6430e+14
3896.0329 6.8214e+14 6.6430e+14
3896.0447 6.8214e+14 6.6431e+14
3896.0566 6.8214e+14 6.6432e+14
3896.0684 6.8214e+14 6.6432e+14
3896.0803 6.8214e+14 6.6433e+14
3896.0921 6.8214e+14 6.6434e+14
3896.1040 6.8214e+14 6.6434e+14
3896.1158 6.8214e+14 6.6435e+14
3896.1277 6.8214e+14 6.6436e+14
3896.1395 6.8214e+14 6.6436e+14
3896.1514 6.8214e+14 6.6437e+14
3896.1632 6.8215e+14 6.6438e+14
3896.1751 6.8215e+14 6.6439e+14
3896.1869 6.8215e+14 6.6439e+14
3896.1988 6.8215e+14 6.6440e+14
3896.2106 6.8215e+14 6.6441e+14
3896.2225 6.8215e+14 6.6441e+14
3896.2343 6.8215e+14 6.6442e+14
3896.2462 6.8215e+14 6.6443e+14
3896.2580 6.8215e+14 6.6443e+14
3896.2699 6.8215e+14 6.6444e+14
3896.2817 6.8215e+14 6.6445e+14
3896.2936 6.8215e+14 6.6445e+14
3896.3054 6.8215e+14 6.6446e+14
3896.3173 6.8215e+14 6.6447e+14
3896.3291 6.8215e+14 6.6447e+14
3896.3410 6.8215e+14 6.6448e+14
3896.3528 6.8216e+14 6.6449e+14
3896.3647 6.8216e+14 6.6450e+14
3896.3765 6.8216e+14 6.6450e+14
3896.3884 6.8216e+14 6.6451e+14
3896.4002 6.8216e+14 6.6452e+14
3896.4121 6.8216e+14 6.6452e+14
3896.4239 6.8216e+14 6.6453e+14
3896.4358 6.8216e+14 6.6454e+14
3896.4476 6.8216e+14 6.6454e+14
3896.4595 6.8216e+14 6.6455e+14
3896.4713 6.8216e+14 6.6456e+14
3896.4832 6.8216e+14 6.6456e+14
3896.4950 6.8216e+14 6.6457e+14
3896.5069 6.8216e+14 6.6458e+14
3896.5187 6.8216e+14 6.6459e+14
3896.5306 6.8216e+14 6.6459e+14
3896.5424 6.8217e+14 6.6460e+14
3896.5543 6.8217e+14 6.6461e+14
3896.5661 6.8217e+14 6.6461e+14
3896.5780 6.8217e+14 6.6462e+14
3896.5898 6.8217e+14 6.6463e+14
3896.6017 6.8217e+14 6.6463e+14
3896.6135 6.8217e+14 6.6464e+14
3896.6254 6.8217e+14 6.6465e+14
3896.6372 6.8217e+14 6.6466e+14
3896.6491 6.8217e+14 6.6466e+14
3896.6609 6.8217e+14 6.6467e+14
3896.6728 6.8217e+14 6.6468e+14
3896.6846 6.8217e+14 6.6468e+14
3896.6965 6.8217e+14 6.6469e+14
3896.7083 6.8217e+14 6.6470e+14
3896.7202 6.8217e+14 6.6470e+14
3896.7320 6.8218e+14 6.6471e+14
3896.7439 6.8218e+14 6.6472e+14
3896.7557 6.8218e+14 6.6473e+14
3896.7676 6.8218e+14 6.6473e+14
3896.7794 6.8218e+14 6.6474e+14
3896.7913 6.8218e+14 6.6475e+14
3896.8031 6.8218e+14 6.6475e+14
3896.8150 6.8218e+14 6.6476e+14
3896.8268 6.8218e+14 6.6477e+14
3896.8387 6.8218e+14 6.6478e+14
3896.8505 6.8218e+14 6.6478e+14
3896.8624 6.8218e+14 6.6479e+14
3896.8742 6.8218e+14 6.6480e+14
3896.8861 6.8218e+14 6.6480e+14
3896.8979 6.8218e+14 6.6481e+14
3896.9098 6.8218e+14 6.6482e+14
3896.9216 6.8219e+14 6.6483e+14
3896.9335 6.8219e+14 6.6483e+14
3896.9453 6.8219e+14 6.6484e+14
3896.9572 6.8219e+14 6.6485e+14
3896.9690 6.8219e+14 6.6485e+14
3896.9809 6.8219e+14 6.6486e+14
3896.9927 6.8219e+14 6.6487e+14
3897.0046 6.8219e+14 6.6488e+14
3897.0164 6.8219e+14 6.6488e+14
3897.0283 6.8219e+14 6.6489e+14
3897.0401 6.8219e+14 6.6490e+14
3897.0520 6.8219e+14 6.6490e+14
3897.0638 6.8219e+14 6.6491e+14
3897.0757 6.8219e+14 6.6492e+14
3897.0875 6.8219e+14 6.6493e+14
3897.0994 6.8219e+14 6.6493e+14
3897.1112 6.8220e+14 6.6494e+14
3897.1231 6.8220e+14 6.6495e+14
3897.1349 6.8220e+14 6.6496e+14
3897.1468 6.8220e+14 6.6496e+14
3897.1586 6.8220e+14 6.6497e+14
3897.1705 6.8220e+14 6.6498e+14
3897.1823 6.8220e+14 6.6498e+14
3897.1942 6.8220e+14 6.6499e+14
3897.2060 6.8220e+14 6.6500e+14
3897.2179 6.8220e+14 6.6501e+14
3897.2297 6.8220e+14 6.6501e+14
3897.2416 6.8220e+14 6.6502e+14
3897.2534 6.8220e+14 6.6503e+14
3897.2653 6.8220e+14 6.6504e+14
3897.2771 6.8220e+14 6.6504e+14
3897.2890 6.8220e+14 6.6505e+14
3897.3008 6.8221e+14 6.6506e+14
3897.3127 6.8221e+14 6.6506e+14
3897.3245 6.8221e+14 6.6507e+14
3897.3364 6.8221e+14 6.6508e+14
3897.3482 6.8221e+14 6.6509e+14
3897.3601 6.8221e+14 6.6509e+14
3897.3719 6.8221e+14 6.6510e+14
3897.3838 6.8221e+14 6.6511e+14
3897.3956 6.8221e+14 6.6512e+14
3897.4075 6.8221e+14 6.6512e+14
3897.4193 6.8221e+14 6.6513e+14
3897.4312 6.8221e+14 6.6514e+14
3897.4430 6.8221e+14 6.6514e+14
3897.4549 6.8221e+14 6.6515e+14
3897.4667 6.8221e+14 6.6516e+14
3897.4786 6.8221e+14 6.6517e+14
3897.4904 6.8222e+14 6.6517e+14
3897.5023 6.8222e+14 6.6518e+14
3897.5141 6.8222e+14 6.6519e+14
3897.5260 6.8222e+14 6.6520e+14
3897.5378 6.8222e+14 6.6520e+14
3897.5497 6.8222e+14 6.6521e+14
3897.5615 6.8222e+14 6.6522e+14
3897.5734 6.8222e+14 6.6523e+14
3897.5852 6.8222e+14 6.6523e+14
3897.5971 6.8222e+14 6.6524e+14
3897.6089 6.8222e+14 6.6525e+14
3897.6208 6.8222e+14 6.6526e+14
3897.6326 6.8222e+14 6.6526e+14
3897.6445 6.8222e+14 6.6527e+14
3897.6563 6.8222e+14 6.6528e+14
3897.6682 6.8222e+14 6.6529e+14
3897.6800 6.8223e+14 6.6529e+14
3897.6919 6.8223e+14 6.6530e+14
3897.7037 6.8223e+14 6.6531e+14
3897.7156 6.8223e+14 6.6531e+14
3897.7274 6.8223e+14 6.6532e+14
3897.7393 6.8223e+14 6.6533e+14
3897.7511 6.8223e+14 6.6534e+14
3897.7630 6.8223e+14 6.6534e+14
3897.7748 6.8223e+14 6.6535e+14
3897.7867 6.8223e+14 6.6536e+14
3897.7985 6.8223e+14 6.6537e+14
3897.8104 6.8223e+14 6.6537e+14
3897.8222 6.8223e+14 6.6538e+14
3897.8341 6.8223e+14 6.6539e+14
3897.8459 6.8223e+14 6.6540e+14
3897.8578 6.8223e+14 6.6540e+14
3897.8696 6.8224e+14 6.6541e+14
3897.8815 6.8224e+14 6.6542e+14
3897.8933 6.8224e+14 6.6543e+14
3897.9052 6.8224e+14 6.6543e+14
3897.9170 6.8224e+14 6.6544e+14
3897.9289 6.8224e+14 6.6545e+14
3897.9407 6.8224e+14 6.6546e+14
3897.9526 6.8224e+14 6.6546e+14
3897.9644 6.8224e+14 6.6547e+14
3897.9763 6.8224e+14 6.6548e+14
3897.9881 6.8224e+14 6.6549e+14
3898.0000 6.8224e+14 6.6549e+14
3898.0118 6.8224e+14 6.6550e+14
3898.0237 6.8224e+14 6.6551e+14
3898.0355 6.8224e+14 6.6552e+14
3898.0474 6.8224e+14 6.6552e+14
3898.0592 6.8225e+14 6.6553e+14
3898.0711 6.8225e+14 6.6554e+14
3898.0829 6.8225e+14 6.6555e+14
3898.0948 6.8225e+14 6.6555e+14
3898.1066 6.8225e+14 6.6556e+14
3898.1185 6.8225e+14 6.6557e+14
3898.1303 6.8225e+14 6.6558e+14
3898.1422 6.8225e+14 6.6559e+14
3898.1540 6.8225e+14 6.6559e+14
3898.1659 6.8225e+14 6.6560e+14
3898.1777 6.8225e+14 6.6561e+14
3898.1896 6.8225e+14 6.6562e+14
3898.2014 6.8225e+14 6.6562e+14
3898.2133 6.8225e+14 6.6563e+14
3898.2251 6.8225e+14 6.6564e+14
3898.2370 6.8225e+14 6.6565e+14
3898.2488 6.8226e+14 6.6565e+14
3898.2607 6.8226e+14 6.6566e+14
3898.2725 6.8226e+14 6.6567e+14
3898.2844 6.8226e+14 6.6568e+14
3898.2962 6.8226e+14 6.6568e+14
3898.3081 6.8226e+14 6.6569e+14
3898.3199 6.8226e+14 6.6570e+14
3898.3318 6.8226e+14 6.6571e+14
3898.3436 6.8226e+14 6.6571e+14
3898.3555 6.8226e+14 6.6572e+14
3898.3673 6.8226e+14 6.6573e+14
3898.3792 6.8226e+14 6.6574e+14
3898.3910 6.8226e+14 6.6574e+14
3898.4029 6.8226e+14 6.6575e+14
3898.4147 6.8226e+14 6.6576e+14
3898.4266 6.8226e+14 6.6577e+14
3898.4384 6.8227e+14 6.6578e+14
3898.4503 6.8227e+14 6.6578e+14
3898.4621 6.8227e+14 6.6579e+14
3898.4740 6.8227e+14 6.6580e+14
3898.4858 6.8227e+14 6.6581e+14
3898.4977 6.8227e+14 6.6581e+14
3898.5095 6.8227e+14 6.6582e+14
3898.5214 6.8227e+14 6.6583e+14
3898.5332 6.8227e+14 6.6584e+14
3898.5451 6.8227e+14 6.6584e+14
3898.5569 6.8227e+14 6.6585e+14
3898.5688 6.8227e+14 6.6586e+14
3898.5806 6.8227e+14 6.6587e+14
3898.5925 6.8227e+14 6.6587e+14
3898.6043 6.8227e+14 6.6588e+14
3898.6162 6.8227e+14 6.6589e+14
3898.6280 6.8228e+14 6.6590e+14
3898.6399 6.8228e+14 6.6591e+14
3898.6517 6.8228e+14 6.6591e+14
3898.6636 6.8228e+14 6.6592e+14
3898.6754 6.8228e+14 6.6593e+14
3898.6873 6.8228e+14 6.6594e+14
3898.6991 6.8228e+14 6.6594e+14
3898.7110 6.8228e+14 6.6595e+14
3898.7228 6.8228e+14 6.6596e+14
3898.7347 6.8228e+14 6.6597e+14
3898.7465 6.8228e+14 6.6597e+14
3898.7584 6.8228e+14 6.6598e+14
3898.7702 6.8228e+14 6.6599e+14
3898.7821 6.8228e+14 6.6600e+14
3898.7939 6.8228e+14 6.6601e+14
3898.8058 6.8228e+14 6.6601e+14
3898.8176 6.8229e+14 6.6602e+14
3898.8295 6.8229e+14 6.6603e+14
3898.8413 6.8229e+14 6.6604e+14
3898.8532 6.8229e+14 6.6604e+14
3898.8650 6.8229e+14 6.6605e+14
3898.8769 6.8229e+14 6.6606e+14
3898.8887 6.8229e+14 6.6607e+14
3898.9006 6.8229e+14 6.6608e+14
3898.9124 6.8229e+14 6.6608e+14
3898.9243 6.8229e+14 6.6609e+14
3898.9361 6.8229e+14 6.6610e+14
3898.9480 6.8229e+14 6.6611e+14
3898.9598 6.8229e+14 6.6611e+14
3898.9717 6.8229e+14 6.6612e+14
3898.9835 6.8229e+14 6.6613e+14
3898.9954 6.8229e+14 6.6614e+14
3899.0072 6.8229e+14 6.6614e+14
3899.0191 6.8230e+14 6.6615e+14
3899.0309 6.8230e+14 6.6616e+14
3899.0428 6.8230e+14 6.6617e+14
3899.0546 6.8230e+14 6.6618e+14
3899.0665 6.8230e+14 6.6618e+14
3899.0783 6.8230e+14 6.6619e+14
3899.0902 6.8230e+14 6.6620e+14
3899.1020 6.8230e+14 6.6621e+14
3899.1139 6.8230e+14 6.6621e+14
3899.1257 6.8230e+14 6.6622e+14
3899.1376 6.8230e+14 6.6623e+14
3899.1494 6.8230e+14 6.6624e+14
3899.1613 6.8230e+14 6.6625e+14
3899.1731 6.8230e+14 6.6625e+14
3899.1850 6.8230e+14 6.6626e+14
3899.1968 6.8230e+14 6.6627e+14
3899.2087 6.8231e+14 6.6628e+14
3899.2205 6.8231e+14 6.6628e+14
3899.2324 6.8231e+14 6.6629e+14
3899.2442 6.8231e+14 6.6630e+14
3899.2561 6.8231e+14 6.6631e+14
3899.2679 6.8231e+14 6.6632e+14
3899.2798 6.8231e+14 6.6632e+14
3899.2916 6.8231e+14 6.6633e+14
3899.3035 6.8231e+14 6.6634e+14
3899.3153 6.8231e+14 6.6635e+14
3899.3272 6.8231e+14 6.6635e+14
3899.3390 6.8231e+14 6.6636e+14
3899.3509 6.8231e+14 6.6637e+14
3899.3627 6.8231e+14 6.6638e+14
3899.3746 6.8231e+14 6.6639e+14
3899.3864 6.8231e+14 6.6639e+14
3899.3983 6.8232e+14 6.6640e+14
3899.4101 6.8232e+14 6.6641e+14
3899.4220 6.8232e+14 6.6642e+14
3899.4338 6.8232e+14 6.6643e+14
3899.4457 6.8232e+14 6.6643e+14
3899.4575 6.8232e+14 6.6644e+14
3899.4694 6.8232e+14 6.6645e+14
3899.4812 6.8232e+14 6.6646e+14
3899.4931 6.8232e+14 6.6646e+14
3899.5049 6.8232e+14 6.6647e+14
3899.5168 6.8232e+14 6.6648e+14
3899.5286 6.8232e+14 6.6649e+14
3899.5405 6.8232e+14 6.6650e+14
3899.5523 6.8232e+14 6.6650e+14
3899.5642 6.8232e+14 6.6651e+14
3899.5760 6.8232e+14 6.6652e+14
3899.5879 6.8233e+14 6.6653e+14
3899.5997 6.8233e+14 6.6654e+14
3899.6116 6.8233e+14 6.6654e+14
3899.6234 6.8233e+14 6.6655e+14
3899.6353 6.8233e+14 6.6656e+14
3899.6471 6.8233e+14 6.6657e+14
3899.6590 6.8233e+14 6.6657e+14
3899.6708 6.8233e+14 6.6658e+14
3899.6827 6.8233e+14 6.6659e+14
3899.6945 6.8233e+14 6.6660e+14
3899.7064 6.8233e+14 6.6661e+14
3899.7182 6.8233e+14 6.6661e+14
3899.7301 6.8233e+14 6.6662e+14
3899.7419 6.8233e+14 6.6663e+14
3899.7538 6.8233e+14 6.6664e+14
3899.7656 6.8233e+14 6.6664e+14
3899.7775 6.8234e+14 6.6665e+14
3899.7893 6.8234e+14 6.6666e+14
3899.8012 6.8234e+14 6.6667e+14
3899.8130 6.8234e+14 6.6668e+14
3899.8249 6.8234e+14 6.6668e+14
3899.8367 6.8234e+14 6.6669e+14
3899.8486 6.8234e+14 6.6670e+14
3899.8604 6.8234e+14 6.6671e+14
3899.8723 6.8234e+14 6.6672e+14
3899.8841 6.8234e+14 6.6672e+14
3899.8960 6.8234e+14 6.6673e+14
3899.9078 6.8234e+14 6.6674e+14
3899.9197 6.8234e+14 6.6675e+14
3899.9315 6.8234e+14 6.6676e+14
3899.9434 6.8234e+14 6.6676e+14
3899.9552 6.8234e+14 6.6677e+14
3899.9671 6.8235e+14 6.6678e+14
3899.9789 6.8235e+14 6.6679e+14
3899.9908 6.8235e+14 6.6679e+14
3900.0026 6.8235e+14 6.6680e+14
3900.0145 6.8235e+14 6.6681e+14
3900.0263 6.8235e+14 6.6682e+14
3900.0382 6.8235e+14 6.6683e+14
3900.0500 6.8235e+14 6.6683e+14
3900.0619 6.8235e+14 6.6684e+14
3900.0737 6.8235e+14 6.6685e+14
3900.0856 6.8235e+14 6.6686e+14
3900.0974 6.8235e+14 6.6687e+14
3900.1093 6.8235e+14 6.6687e+14
3900.1211 6.8235e+14 6.6688e+14
3900.1330 6.8235e+14 6.6689e+14
3900.1448 6.8235e+14 6.6690e+14
3900.1566 6.8235e+14 6.6691e+14
3900.1685 6.8236e+14 6.6691e+14
3900.1803 6.8236e+14 6.6692e+14
3900.1922 6.8236e+14 6.6693e+14
3900.2040 6.8236e+14 6.6694e+14
3900.2159 6.8236e+14 6.6694e+14
3900.2277 6.8236e+14 6.6695e+14
3900.2396 6.8236e+14 6.6696e+14
3900.2514 6.8236e+14 6.6697e+14
3900.2633 6.8236e+14 6.6698e+14
3900.2751 6.8236e+14 6.6698e+14
3900.2870 6.8236e+14 6.6699e+14
3900.2988 6.8236e+14 6.6700e+14
3900.3107 6.8236e+14 6.6701e+14
3900.3225 6.8236e+14 6.6702e+14
3900.3344 6.8236e+14 6.6702e+14
3900.3462 6.8236e+14 6.6703e+14
3900.3581 6.8237e+14 6.6704e+14
3900.3699 6.8237e+14 6.6705e+14
3900.3818 6.8237e+14 6.6706e+14
3900.3936 6.8237e+14 6.6706e+14
3900.4055 6.8237e+14 6.6707e+14
3900.4173 6.8237e+14 6.6708e+14
3900.4292 6.8237e+14 6.6709e+14
3900.4410 6.8237e+14 6.6709e+14
3900.4529 6.8237e+14 6.6710e+14
3900.4647 6.8237e+14 6.6711e+14
3900.4766 6.8237e+14 6.6712e+14
3900.4884 6.8237e+14 6.6713e+14
3900.5003 6.8237e+14 6.6713e+14
3900.5121 6.8237e+14 6.6714e+14
3900.5240 6.8237e+14 6.6715e+14
3900.5358 6.8237e+14 6.6716e+14
3900.5477 6.8238e+14 6.6717e+14
3900.5595 6.8238e+14 6.6717e+14
3900.5714 6.8238e+14 6.6718e+14
3900.5832 6.8238e+14 6.6719e+14
3900.5951 6.8238e+14 6.6720e+14
3900.6069 6.8238e+14 6.6721e+14
3900.6188 6.8238e+14 6.6721e+14
3900.6306 6.8238e+14 6.6722e+14
3900.6425 6.8238e+14 6.6723e+14
3900.6543 6.8238e+14 6.6724e+14
3900.6662 6.8238e+14 6.6725e+14
3900.6780 6.8238e+14 6.6725e+14
3900.6899 6.8238e+14 6.6726e+14
3900.7017 6.8238e+14 6.6727e+14
3900.7136 6.8238e+14 6.6728e+14
3900.7254 6.8238e+14 6.6729e+14
3900.7373 6.8239e+14 6.6729e+14
3900.7491 6.8239e+14 6.6730e+14
3900.7610 6.8239e+14 6.6731e+14
3900.7728 6.8239e+14 6.6732e+14
3900.7847 6.8239e+14 6.6732e+14
3900.7965 6.8239e+14 6.6733e+14
3900.8084 6.8239e+14 6.6734e+14
3900.8202 6.8239e+14 6.6735e+14
3900.8321 6.8239e+14 6.6736e+14
3900.8439 6.8239e+14 6.6736e+14
