# Wavelength(Å) I_cont(erg/s/cm2/Å/sr) I_abs(erg/s/cm2/Å/sr)
3878.0346 2.8076e+14 2.8070e+14
3878.0456 2.8076e+14 2.8070e+14
3878.0566 2.8076e+14 2.8070e+14
3878.0676 2.8076e+14 2.8070e+14
3878.0785 2.8076e+14 2.8071e+14
3878.0895 2.8076e+14 2.8071e+14
3878.1005 2.8076e+14 2.8071e+14
3878.1114 2.8076e+14 2.8071e+14
3878.1224 2.8076e+14 2.8071e+14
3878.1334 2.8077e+14 2.8071e+14
3878.1443 2.8077e+14 2.8071e+14
3878.1553 2.8077e+14 2.8071e+14
3878.1663 2.8077e+14 2.8071e+14
3878.1773 2.8077e+14 2.8071e+14
3878.1882 2.8077e+14 2.8071e+14
3878.1992 2.8077e+14 2.8072e+14
3878.2102 2.8077e+14 2.8072e+14
3878.2211 2.8077e+14 2.8072e+14
3878.2321 2.8077e+14 2.8072e+14
3878.2431 2.8077e+14 2.8072e+14
3878.2541 2.8078e+14 2.8072e+14
3878.2650 2.8078e+14 2.8072e+14
3878.2760 2.8078e+14 2.8072e+14
3878.2870 2.8078e+14 2.8072e+14
3878.2979 2.8078e+14 2.8072e+14
3878.3089 2.8078e+14 2.8073e+14
3878.3199 2.8078e+14 2.8073e+14
3878.3309 2.8078e+14 2.8073e+14
3878.3418 2.8078e+14 2.8073e+14
3878.3528 2.8078e+14 2.8073e+14
3878.3638 2.8079e+14 2.8073e+14
3878.3747 2.8079e+14 2.8073e+14
3878.3857 2.8079e+14 2.8073e+14
3878.3967 2.8079e+14 2.8073e+14
3878.4076 2.8079e+14 2.8073e+14
3878.4186 2.8079e+14 2.8073e+14
3878.4296 2.8079e+14 2.8074e+14
3878.4406 2.8079e+14 2.8074e+14
3878.4515 2.8079e+14 2.8074e+14
3878.4625 2.8079e+14 2.8074e+14
3878.4735 2.8079e+14 2.8074e+14
3878.4844 2.8080e+14 2.8074e+14
3878.4954 2.8080e+14 2.8074e+14
3878.5064 2.8080e+14 2.8074e+14
3878.5174 2.8080e+14 2.8074e+14
3878.5283 2.8080e+14 2.8074e+14
3878.5393 2.8080e+14 2.8074e+14
3878.5503 2.8080e+14 2.8075e+14
3878.5612 2.8080e+14 2.8075e+14
3878.5722 2.8080e+14 2.8075e+14
3878.5832 2.8080e+14 2.8075e+14
3878.5942 2.8080e+14 2.8075e+14
3878.6051 2.8081e+14 2.8075e+14
3878.6161 2.8081e+14 2.8075e+14
3878.6271 2.8081e+14 2.8075e+14
3878.6380 2.8081e+14 2.8075e+14
3878.6490 2.8081e+14 2.8075e+14
3878.6600 2.8081e+14 2.8075e+14
3878.6709 2.8081e+14 2.8076e+14
3878.6819 2.8081e+14 2.8076e+14
3878.6929 2.8081e+14 2.8076e+14
3878.7039 2.8081e+14 2.8076e+14
3878.7148 2.8082e+14 2.8076e+14
3878.7258 2.8082e+14 2.8076e+14
3878.7368 2.8082e+14 2.8076e+14
3878.7477 2.8082e+14 2.8076e+14
3878.7587 2.8082e+14 2.8076e+14
3878.7697 2.8082e+14 2.8076e+14
3878.7807 2.8082e+14 2.8076e+14
3878.7916 2.8082e+14 2.8077e+14
3878.8026 2.8082e+14 2.8077e+14
3878.8136 2.8082e+14 2.8077e+14
3878.8245 2.8082e+14 2.8077e+14
3878.8355 2.8083e+14 2.8077e+14
3878.8465 2.8083e+14 2.8077e+14
3878.8575 2.8083e+14 2.8077e+14
3878.8684 2.8083e+14 2.8077e+14
3878.8794 2.8083e+14 2.8077e+14
3878.8904 2.8083e+14 2.8077e+14
3878.9013 2.8083e+14 2.8078e+14
3878.9123 2.8083e+14 2.8078e+14
3878.9233 2.8083e+14 2.8078e+14
3878.9342 2.8083e+14 2.8078e+14
3878.9452 2.8084e+14 2.8078e+14
3878.9562 2.8084e+14 2.8078e+14
3878.9672 2.8084e+14 2.8078e+14
3878.9781 2.8084e+14 2.8078e+14
3878.9891 2.8084e+14 2.8078e+14
3879.0001 2.8084e+14 2.8078e+14
3879.0110 2.8084e+14 2.8078e+14
3879.0220 2.8084e+14 2.8079e+14
3879.0330 2.8084e+14 2.8079e+14
3879.0440 2.8084e+14 2.8079e+14
3879.0549 2.8084e+14 2.8079e+14
3879.0659 2.8085e+14 2.8079e+14
3879.0769 2.8085e+14 2.8079e+14
3879.0878 2.8085e+14 2.8079e+14
3879.0988 2.8085e+14 2.8079e+14
3879.1098 2.8085e+14 2.8079e+14
3879.1208 2.8085e+14 2.8079e+14
3879.1317 2.8085e+14 2.8079e+14
3879.1427 2.8085e+14 2.8080e+14
3879.1537 2.8085e+14 2.8080e+14
3879.1646 2.8085e+14 2.8080e+14
3879.1756 2.8086e+14 2.8080e+14
3879.1866 2.8086e+14 2.8080e+14
3879.1975 2.8086e+14 2.8080e+14
3879.2085 2.8086e+14 2.8080e+14
3879.2195 2.8086e+14 2.8080e+14
3879.2305 2.8086e+14 2.8080e+14
3879.2414 2.8086e+14 2.8080e+14
3879.2524 2.8086e+14 2.8080e+14
3879.2634 2.8086e+14 2.8081e+14
3879.2743 2.8086e+14 2.8081e+14
3879.2853 2.8086e+14 2.8081e+14
3879.2963 2.8087e+14 2.8081e+14
3879.3073 2.8087e+14 2.8081e+14
3879.3182 2.8087e+14 2.8081e+14
3879.3292 2.8087e+14 2.8081e+14
3879.3402 2.8087e+14 2.8081e+14
3879.3511 2.8087e+14 2.8081e+14
3879.3621 2.8087e+14 2.8081e+14
3879.3731 2.8087e+14 2.8081e+14
3879.3841 2.8087e+14 2.8082e+14
3879.3950 2.8087e+14 2.8082e+14
3879.4060 2.8088e+14 2.8082e+14
3879.4170 2.8088e+14 2.8082e+14
3879.4279 2.8088e+14 2.8082e+14
3879.4389 2.8088e+14 2.8082e+14
3879.4499 2.8088e+14 2.8082e+14
3879.4609 2.8088e+14 2.8082e+14
3879.4718 2.8088e+14 2.8082e+14
3879.4828 2.8088e+14 2.8082e+14
3879.4938 2.8088e+14 2.8083e+14
3879.5047 2.8088e+14 2.8083e+14
3879.5157 2.8088e+14 2.8083e+14
3879.5267 2.8089e+14 2.8083e+14
3879.5376 2.8089e+14 2.8083e+14
3879.5486 2.8089e+14 2.8083e+14
3879.5596 2.8089e+14 2.8083e+14
3879.5706 2.8089e+14 2.8083e+14
3879.5815 2.8089e+14 2.8083e+14
3879.5925 2.8089e+14 2.8083e+14
3879.6035 2.8089e+14 2.8083e+14
3879.6144 2.8089e+14 2.8084e+14
3879.6254 2.8089e+14 2.8084e+14
3879.6364 2.8090e+14 2.8084e+14
3879.6474 2.8090e+14 2.8084e+14
3879.6583 2.8090e+14 2.8084e+14
3879.6693 2.8090e+14 2.8084e+14
3879.6803 2.8090e+14 2.8084e+14
3879.6912 2.8090e+14 2.8084e+14
3879.7022 2.8090e+14 2.8084e+14
3879.7132 2.8090e+14 2.8084e+14
3879.7242 2.8090e+14 2.8084e+14
3879.7351 2.8090e+14 2.8085e+14
3879.7461 2.8090e+14 2.8085e+14
3879.7571 2.8091e+14 2.8085e+14
3879.7680 2.8091e+14 2.8085e+14
3879.7790 2.8091e+14 2.8085e+14
3879.7900 2.8091e+14 2.8085e+14
3879.8009 2.8091e+14 2.8085e+14
3879.8119 2.8091e+14 2.8085e+14
3879.8229 2.8091e+14 2.8085e+14
3879.8339 2.8091e+14 2.8085e+14
3879.8448 2.8091e+14 2.8085e+14
3879.8558 2.8091e+14 2.8086e+14
3879.8668 2.8092e+14 2.8086e+14
3879.8777 2.8092e+14 2.8086e+14
3879.8887 2.8092e+14 2.8086e+14
3879.8997 2.8092e+14 2.8086e+14
3879.9107 2.8092e+14 2.8086e+14
3879.9216 2.8092e+14 2.8086e+14
3879.9326 2.8092e+14 2.8086e+14
3879.9436 2.8092e+14 2.8086e+14
3879.9545 2.8092e+14 2.8086e+14
3879.9655 2.8092e+14 2.8086e+14
3879.9765 2.8092e+14 2.8087e+14
3879.9875 2.8093e+14 2.8087e+14
3879.9984 2.8093e+14 2.8087e+14
3880.0094 2.8093e+14 2.8087e+14
3880.0204 2.8093e+14 2.8087e+14
3880.0313 2.8093e+14 2.8087e+14
3880.0423 2.8093e+14 2.8087e+14
3880.0533 2.8093e+14 2.8087e+14
3880.0642 2.8093e+14 2.8087e+14
3880.0752 2.8093e+14 2.8087e+14
3880.0862 2.8093e+14 2.8087e+14
3880.0972 2.8093e+14 2.8088e+14
3880.1081 2.8094e+14 2.8088e+14
3880.1191 2.8094e+14 2.8088e+14
3880.1301 2.8094e+14 2.8088e+14
3880.1410 2.8094e+14 2.8088e+14
3880.1520 2.8094e+14 2.8088e+14
3880.1630 2.8094e+14 2.8088e+14
3880.1740 2.8094e+14 2.8088e+14
3880.1849 2.8094e+14 2.8088e+14
3880.1959 2.8094e+14 2.8088e+14
3880.2069 2.8094e+14 2.8089e+14
3880.2178 2.8095e+14 2.8089e+14
3880.2288 2.8095e+14 2.8089e+14
3880.2398 2.8095e+14 2.8089e+14
3880.2508 2.8095e+14 2.8089e+14
3880.2617 2.8095e+14 2.8089e+14
3880.2727 2.8095e+14 2.8089e+14
3880.2837 2.8095e+14 2.8089e+14
3880.2946 2.8095e+14 2.8089e+14
3880.3056 2.8095e+14 2.8089e+14
3880.3166 2.8095e+14 2.8089e+14
3880.3275 2.8095e+14 2.8090e+14
3880.3385 2.8096e+14 2.8090e+14
3880.3495 2.8096e+14 2.8090e+14
3880.3605 2.8096e+14 2.8090e+14
3880.3714 2.8096e+14 2.8090e+14
3880.3824 2.8096e+14 2.8090e+14
3880.3934 2.8096e+14 2.8090e+14
3880.4043 2.8096e+14 2.8090e+14
3880.4153 2.8096e+14 2.8090e+14
3880.4263 2.8096e+14 2.8090e+14
3880.4373 2.8096e+14 2.8090e+14
3880.4482 2.8097e+14 2.8091e+14
3880.4592 2.8097e+14 2.8091e+14
3880.4702 2.8097e+14 2.8091e+14
3880.4811 2.8097e+14 2.8091e+14
3880.4921 2.8097e+14 2.8091e+14
3880.5031 2.8097e+14 2.8091e+14
3880.5141 2.8097e+14 2.8091e+14
3880.5250 2.8097e+14 2.8091e+14
3880.5360 2.8097e+14 2.8091e+14
3880.5470 2.8097e+14 2.8091e+14
3880.5579 2.8097e+14 2.8091e+14
3880.5689 2.8098e+14 2.8092e+14
3880.5799 2.8098e+14 2.8092e+14
3880.5908 2.8098e+14 2.8092e+14
3880.6018 2.8098e+14 2.8092e+14
3880.6128 2.8098e+14 2.8092e+14
3880.6238 2.8098e+14 2.8092e+14
3880.6347 2.8098e+14 2.8092e+14
3880.6457 2.8098e+14 2.8092e+14
3880.6567 2.8098e+14 2.8092e+14
3880.6676 2.8098e+14 2.8092e+14
3880.6786 2.8099e+14 2.8092e+14
3880.6896 2.8099e+14 2.8093e+14
3880.7006 2.8099e+14 2.8093e+14
3880.7115 2.8099e+14 2.8093e+14
3880.7225 2.8099e+14 2.8093e+14
3880.7335 2.8099e+14 2.8093e+14
3880.7444 2.8099e+14 2.8093e+14
3880.7554 2.8099e+14 2.8093e+14
3880.7664 2.8099e+14 2.8093e+14
3880.7774 2.8099e+14 2.8093e+14
3880.7883 2.8099e+14 2.8093e+14
3880.7993 2.8100e+14 2.8094e+14
3880.8103 2.8100e+14 2.8094e+14
3880.8212 2.8100e+14 2.8094e+14
3880.8322 2.8100e+14 2.8094e+14
3880.8432 2.8100e+14 2.8094e+14
3880.8541 2.8100e+14 2.8094e+14
3880.8651 2.8100e+14 2.8094e+14
3880.8761 2.8100e+14 2.8094e+14
3880.8871 2.8100e+14 2.8094e+14
3880.8980 2.8100e+14 2.8094e+14
3880.9090 2.8101e+14 2.8094e+14
3880.9200 2.8101e+14 2.8095e+14
3880.9309 2.8101e+14 2.8095e+14
3880.9419 2.8101e+14 2.8095e+14
3880.9529 2.8101e+14 2.8095e+14
3880.9639 2.8101e+14 2.8095e+14
3880.9748 2.8101e+14 2.8095e+14
3880.9858 2.8101e+14 2.8095e+14
3880.9968 2.8101e+14 2.8095e+14
3881.0077 2.8101e+14 2.8095e+14
3881.0187 2.8101e+14 2.8095e+14
3881.0297 2.8102e+14 2.8095e+14
3881.0407 2.8102e+14 2.8096e+14
3881.0516 2.8102e+14 2.8096e+14
3881.0626 2.8102e+14 2.8096e+14
3881.0736 2.8102e+14 2.8096e+14
3881.0845 2.8102e+14 2.8096e+14
3881.0955 2.8102e+14 2.8096e+14
3881.1065 2.8102e+14 2.8096e+14
3881.1174 2.8102e+14 2.8096e+14
3881.1284 2.8102e+14 2.8096e+14
3881.1394 2.8102e+14 2.8096e+14
3881.1504 2.8103e+14 2.8096e+14
3881.1613 2.8103e+14 2.8097e+14
3881.1723 2.8103e+14 2.8097e+14
3881.1833 2.8103e+14 2.8097e+14
3881.1942 2.8103e+14 2.8097e+14
3881.2052 2.8103e+14 2.8097e+14
3881.2162 2.8103e+14 2.8097e+14
3881.2272 2.8103e+14 2.8097e+14
3881.2381 2.8103e+14 2.8097e+14
3881.2491 2.8103e+14 2.8097e+14
3881.2601 2.8104e+14 2.8097e+14
3881.2710 2.8104e+14 2.8097e+14
3881.2820 2.8104e+14 2.8098e+14
3881.2930 2.8104e+14 2.8098e+14
3881.3040 2.8104e+14 2.8098e+14
3881.3149 2.8104e+14 2.8098e+14
3881.3259 2.8104e+14 2.8098e+14
3881.3369 2.8104e+14 2.8098e+14
3881.3478 2.8104e+14 2.8098e+14
3881.3588 2.8104e+14 2.8098e+14
3881.3698 2.8104e+14 2.8098e+14
3881.3807 2.8105e+14 2.8098e+14
3881.3917 2.8105e+14 2.8098e+14
3881.4027 2.8105e+14 2.8099e+14
3881.4137 2.8105e+14 2.8099e+14
3881.4246 2.8105e+14 2.8099e+14
3881.4356 2.8105e+14 2.8099e+14
3881.4466 2.8105e+14 2.8099e+14
3881.4575 2.8105e+14 2.8099e+14
3881.4685 2.8105e+14 2.8099e+14
3881.4795 2.8105e+14 2.8099e+14
3881.4905 2.8106e+14 2.8099e+14
3881.5014 2.8106e+14 2.8099e+14
3881.5124 2.8106e+14 2.8100e+14
3881.5234 2.8106e+14 2.8100e+14
3881.5343 2.8106e+14 2.8100e+14
3881.5453 2.8106e+14 2.8100e+14
3881.5563 2.8106e+14 2.8100e+14
3881.5673 2.8106e+14 2.8100e+14
3881.5782 2.8106e+14 2.8100e+14
3881.5892 2.8106e+14 2.8100e+14
3881.6002 2.8106e+14 2.8100e+14
3881.6111 2.8107e+14 2.8100e+14
3881.6221 2.8107e+14 2.8100e+14
3881.6331 2.8107e+14 2.8101e+14
3881.6440 2.8107e+14 2.8101e+14
3881.6550 2.8107e+14 2.8101e+14
3881.6660 2.8107e+14 2.8101e+14
3881.6770 2.8107e+14 2.8101e+14
3881.6879 2.8107e+14 2.8101e+14
3881.6989 2.8107e+14 2.8101e+14
3881.7099 2.8107e+14 2.8101e+14
3881.7208 2.8108e+14 2.8101e+14
3881.7318 2.8108e+14 2.8101e+14
3881.7428 2.8108e+14 2.8101e+14
3881.7538 2.8108e+14 2.8102e+14
3881.7647 2.8108e+14 2.8102e+14
3881.7757 2.8108e+14 2.8102e+14
3881.7867 2.8108e+14 2.8102e+14
3881.7976 2.8108e+14 2.8102e+14
3881.8086 2.8108e+14 2.8102e+14
3881.8196 2.8108e+14 2.8102e+14
3881.8306 2.8108e+14 2.8102e+14
3881.8415 2.8109e+14 2.8102e+14
3881.8525 2.8109e+14 2.8102e+14
3881.8635 2.8109e+14 2.8102e+14
3881.8744 2.8109e+14 2.8103e+14
3881.8854 2.8109e+14 2.8103e+14
3881.8964 2.8109e+14 2.8103e+14
3881.9073 2.8109e+14 2.8103e+14
3881.9183 2.8109e+14 2.8103e+14
3881.9293 2.8109e+14 2.8103e+14
3881.9403 2.8109e+14 2.8103e+14
3881.9512 2.8109e+14 2.8103e+14
3881.9622 2.8110e+14 2.8103e+14
3881.9732 2.8110e+14 2.8103e+14
3881.9841 2.8110e+14 2.8103e+14
3881.9951 2.8110e+14 2.8104e+14
3882.0061 2.8110e+14 2.8104e+14
3882.0171 2.8110e+14 2.8104e+14
3882.0280 2.8110e+14 2.8104e+14
3882.0390 2.8110e+14 2.8104e+14
3882.0500 2.8110e+14 2.8104e+14
3882.0609 2.8110e+14 2.8104e+14
3882.0719 2.8111e+14 2.8104e+14
3882.0829 2.8111e+14 2.8104e+14
3882.0939 2.8111e+14 2.8104e+14
3882.1048 2.8111e+14 2.8105e+14
3882.1158 2.8111e+14 2.8105e+14
3882.1268 2.8111e+14 2.8105e+14
3882.1377 2.8111e+14 2.8105e+14
3882.1487 2.8111e+14 2.8105e+14
3882.1597 2.8111e+14 2.8105e+14
3882.1706 2.8111e+14 2.8105e+14
3882.1816 2.8111e+14 2.8105e+14
3882.1926 2.8112e+14 2.8105e+14
3882.2036 2.8112e+14 2.8105e+14
3882.2145 2.8112e+14 2.8105e+14
3882.2255 2.8112e+14 2.8106e+14
3882.2365 2.8112e+14 2.8106e+14
3882.2474 2.8112e+14 2.8106e+14
3882.2584 2.8112e+14 2.8106e+14
3882.2694 2.8112e+14 2.8106e+14
3882.2804 2.8112e+14 2.8106e+14
3882.2913 2.8112e+14 2.8106e+14
3882.3023 2.8113e+14 2.8106e+14
3882.3133 2.8113e+14 2.8106e+14
3882.3242 2.8113e+14 2.8106e+14
3882.3352 2.8113e+14 2.8106e+14
3882.3462 2.8113e+14 2.8107e+14
3882.3572 2.8113e+14 2.8107e+14
3882.3681 2.8113e+14 2.8107e+14
3882.3791 2.8113e+14 2.8107e+14
3882.3901 2.8113e+14 2.8107e+14
3882.4010 2.8113e+14 2.8107e+14
3882.4120 2.8113e+14 2.8107e+14
3882.4230 2.8114e+14 2.8107e+14
3882.4339 2.8114e+14 2.8107e+14
3882.4449 2.8114e+14 2.8107e+14
3882.4559 2.8114e+14 2.8107e+14
3882.4669 2.8114e+14 2.8108e+14
3882.4778 2.8114e+14 2.8108e+14
3882.4888 2.8114e+14 2.8108e+14
3882.4998 2.8114e+14 2.8108e+14
3882.5107 2.8114e+14 2.8108e+14
3882.5217 2.8114e+14 2.8108e+14
3882.5327 2.8114e+14 2.8108e+14
3882.5437 2.8115e+14 2.8108e+14
3882.5546 2.8115e+14 2.8108e+14
3882.5656 2.8115e+14 2.8108e+14
3882.5766 2.8115e+14 2.8108e+14
3882.5875 2.8115e+14 2.8109e+14
3882.5985 2.8115e+14 2.8109e+14
3882.6095 2.8115e+14 2.8109e+14
3882.6205 2.8115e+14 2.8109e+14
3882.6314 2.8115e+14 2.8109e+14
3882.6424 2.8115e+14 2.8109e+14
3882.6534 2.8116e+14 2.8109e+14
3882.6643 2.8116e+14 2.8109e+14
3882.6753 2.8116e+14 2.8109e+14
3882.6863 2.8116e+14 2.8109e+14
3882.6972 2.8116e+14 2.8110e+14
3882.7082 2.8116e+14 2.8110e+14
3882.7192 2.8116e+14 2.8110e+14
3882.7302 2.8116e+14 2.8110e+14
3882.7411 2.8116e+14 2.8110e+14
3882.7521 2.8116e+14 2.8110e+14
3882.7631 2.8116e+14 2.8110e+14
3882.7740 2.8117e+14 2.8110e+14
3882.7850 2.8117e+14 2.8110e+14
3882.7960 2.8117e+14 2.8110e+14
3882.8070 2.8117e+14 2.8110e+14
3882.8179 2.8117e+14 2.8111e+14
3882.8289 2.8117e+14 2.8111e+14
3882.8399 2.8117e+14 2.8111e+14
3882.8508 2.8117e+14 2.8111e+14
3882.8618 2.8117e+14 2.8111e+14
3882.8728 2.8117e+14 2.8111e+14
3882.8838 2.8118e+14 2.8111e+14
3882.8947 2.8118e+14 2.8111e+14
3882.9057 2.8118e+14 2.8111e+14
3882.9167 2.8118e+14 2.8111e+14
3882.9276 2.8118e+14 2.8111e+14
3882.9386 2.8118e+14 2.8112e+14
3882.9496 2.8118e+14 2.8112e+14
3882.9605 2.8118e+14 2.8112e+14
3882.9715 2.8118e+14 2.8112e+14
3882.9825 2.8118e+14 2.8112e+14
3882.9935 2.8118e+14 2.8112e+14
3883.0044 2.8119e+14 2.8112e+14
3883.0154 2.8119e+14 2.8112e+14
3883.0264 2.8119e+14 2.8112e+14
3883.0373 2.8119e+14 2.8112e+14
3883.0483 2.8119e+14 2.8112e+14
3883.0593 2.8119e+14 2.8113e+14
3883.0703 2.8119e+14 2.8113e+14
3883.0812 2.8119e+14 2.8113e+14
3883.0922 2.8119e+14 2.8113e+14
3883.1032 2.8119e+14 2.8113e+14
3883.1141 2.8120e+14 2.8113e+14
3883.1251 2.8120e+14 2.8113e+14
3883.1361 2.8120e+14 2.8113e+14
3883.1471 2.8120e+14 2.8113e+14
3883.1580 2.8120e+14 2.8113e+14
3883.1690 2.8120e+14 2.8113e+14
3883.1800 2.8120e+14 2.8114e+14
3883.1909 2.8120e+14 2.8114e+14
3883.2019 2.8120e+14 2.8114e+14
3883.2129 2.8120e+14 2.8114e+14
3883.2239 2.8120e+14 2.8114e+14
3883.2348 2.8121e+14 2.8114e+14
3883.2458 2.8121e+14 2.8114e+14
3883.2568 2.8121e+14 2.8114e+14
3883.2677 2.8121e+14 2.8114e+14
3883.2787 2.8121e+14 2.8114e+14
3883.2897 2.8121e+14 2.8115e+14
3883.3006 2.8121e+14 2.8115e+14
3883.3116 2.8121e+14 2.8115e+14
3883.3226 2.8121e+14 2.8115e+14
3883.3336 2.8121e+14 2.8115e+14
3883.3445 2.8121e+14 2.8115e+14
3883.3555 2.8122e+14 2.8115e+14
3883.3665 2.8122e+14 2.8115e+14
3883.3774 2.8122e+14 2.8115e+14
3883.3884 2.8122e+14 2.8115e+14
3883.3994 2.8122e+14 2.8115e+14
3883.4104 2.8122e+14 2.8116e+14
3883.4213 2.8122e+14 2.8116e+14
3883.4323 2.8122e+14 2.8116e+14
3883.4433 2.8122e+14 2.8116e+14
3883.4542 2.8122e+14 2.8116e+14
3883.4652 2.8123e+14 2.8116e+14
3883.4762 2.8123e+14 2.8116e+14
3883.4872 2.8123e+14 2.8116e+14
3883.4981 2.8123e+14 2.8116e+14
3883.5091 2.8123e+14 2.8116e+14
3883.5201 2.8123e+14 2.8116e+14
3883.5310 2.8123e+14 2.8117e+14
3883.5420 2.8123e+14 2.8117e+14
3883.5530 2.8123e+14 2.8117e+14
3883.5639 2.8123e+14 2.8117e+14
3883.5749 2.8123e+14 2.8117e+14
3883.5859 2.8124e+14 2.8117e+14
3883.5969 2.8124e+14 2.8117e+14
3883.6078 2.8124e+14 2.8117e+14
3883.6188 2.8124e+14 2.8117e+14
3883.6298 2.8124e+14 2.8117e+14
3883.6407 2.8124e+14 2.8117e+14
3883.6517 2.8124e+14 2.8118e+14
3883.6627 2.8124e+14 2.8118e+14
3883.6737 2.8124e+14 2.8118e+14
3883.6846 2.8124e+14 2.8118e+14
3883.6956 2.8125e+14 2.8118e+14
3883.7066 2.8125e+14 2.8118e+14
3883.7175 2.8125e+14 2.8118e+14
3883.7285 2.8125e+14 2.8118e+14
3883.7395 2.8125e+14 2.8118e+14
3883.7505 2.8125e+14 2.8118e+14
3883.7614 2.8125e+14 2.8118e+14
3883.7724 2.8125e+14 2.8119e+14
3883.7834 2.8125e+14 2.8119e+14
3883.7943 2.8125e+14 2.8119e+14
3883.8053 2.8125e+14 2.8119e+14
3883.8163 2.8126e+14 2.8119e+14
3883.8272 2.8126e+14 2.8119e+14
3883.8382 2.8126e+14 2.8119e+14
3883.8492 2.8126e+14 2.8119e+14
3883.8602 2.8126e+14 2.8119e+14
3883.8711 2.8126e+14 2.8119e+14
3883.8821 2.8126e+14 2.8120e+14
3883.8931 2.8126e+14 2.8120e+14
3883.9040 2.8126e+14 2.8120e+14
3883.9150 2.8126e+14 2.8120e+14
3883.9260 2.8126e+14 2.8120e+14
3883.9370 2.8127e+14 2.8120e+14
3883.9479 2.8127e+14 2.8120e+14
3883.9589 2.8127e+14 2.8120e+14
3883.9699 2.8127e+14 2.8120e+14
3883.9808 2.8127e+14 2.8120e+14
3883.9918 2.8127e+14 2.8120e+14
3884.0028 2.8127e+14 2.8121e+14
3884.0138 2.8127e+14 2.8121e+14
3884.0247 2.8127e+14 2.8121e+14
3884.0357 2.8127e+14 2.8121e+14
3884.0467 2.8128e+14 2.8121e+14
3884.0576 2.8128e+14 2.8121e+14
3884.0686 2.8128e+14 2.8121e+14
3884.0796 2.8128e+14 2.8121e+14
3884.0905 2.8128e+14 2.8121e+14
3884.1015 2.8128e+14 2.8121e+14
3884.1125 2.8128e+14 2.8121e+14
3884.1235 2.8128e+14 2.8122e+14
3884.1344 2.8128e+14 2.8122e+14
3884.1454 2.8128e+14 2.8122e+14
3884.1564 2.8128e+14 2.8122e+14
3884.1673 2.8129e+14 2.8122e+14
3884.1783 2.8129e+14 2.8122e+14
3884.1893 2.8129e+14 2.8122e+14
3884.2003 2.8129e+14 2.8122e+14
3884.2112 2.8129e+14 2.8122e+14
3884.2222 2.8129e+14 2.8122e+14
3884.2332 2.8129e+14 2.8122e+14
3884.2441 2.8129e+14 2.8123e+14
3884.2551 2.8129e+14 2.8123e+14
3884.2661 2.8129e+14 2.8123e+14
3884.2771 2.8130e+14 2.8123e+14
3884.2880 2.8130e+14 2.8123e+14
3884.2990 2.8130e+14 2.8123e+14
3884.3100 2.8130e+14 2.8123e+14
3884.3209 2.8130e+14 2.8123e+14
3884.3319 2.8130e+14 2.8123e+14
3884.3429 2.8130e+14 2.8123e+14
3884.3538 2.8130e+14 2.8123e+14
3884.3648 2.8130e+14 2.8124e+14
3884.3758 2.8130e+14 2.8124e+14
3884.3868 2.8130e+14 2.8124e+14
3884.3977 2.8131e+14 2.8124e+14
3884.4087 2.8131e+14 2.8124e+14
3884.4197 2.8131e+14 2.8124e+14
3884.4306 2.8131e+14 2.8124e+14
3884.4416 2.8131e+14 2.8124e+14
3884.4526 2.8131e+14 2.8124e+14
3884.4636 2.8131e+14 2.8124e+14
3884.4745 2.8131e+14 2.8125e+14
3884.4855 2.8131e+14 2.8125e+14
3884.4965 2.8131e+14 2.8125e+14
3884.5074 2.8131e+14 2.8125e+14
3884.5184 2.8132e+14 2.8125e+14
3884.5294 2.8132e+14 2.8125e+14
3884.5404 2.8132e+14 2.8125e+14
3884.5513 2.8132e+14 2.8125e+14
3884.5623 2.8132e+14 2.8125e+14
3884.5733 2.8132e+14 2.8125e+14
3884.5842 2.8132e+14 2.8125e+14
3884.5952 2.8132e+14 2.8126e+14
3884.6062 2.8132e+14 2.8126e+14
3884.6171 2.8132e+14 2.8126e+14
3884.6281 2.8133e+14 2.8126e+14
3884.6391 2.8133e+14 2.8126e+14
3884.6501 2.8133e+14 2.8126e+14
3884.6610 2.8133e+14 2.8126e+14
3884.6720 2.8133e+14 2.8126e+14
3884.6830 2.8133e+14 2.8126e+14
3884.6939 2.8133e+14 2.8126e+14
3884.7049 2.8133e+14 2.8126e+14
3884.7159 2.8133e+14 2.8127e+14
3884.7269 2.8133e+14 2.8127e+14
3884.7378 2.8133e+14 2.8127e+14
3884.7488 2.8134e+14 2.8127e+14
3884.7598 2.8134e+14 2.8127e+14
3884.7707 2.8134e+14 2.8127e+14
3884.7817 2.8134e+14 2.8127e+14
3884.7927 2.8134e+14 2.8127e+14
3884.8037 2.8134e+14 2.8127e+14
3884.8146 2.8134e+14 2.8127e+14
3884.8256 2.8134e+14 2.8127e+14
3884.8366 2.8134e+14 2.8128e+14
3884.8475 2.8134e+14 2.8128e+14
3884.8585 2.8134e+14 2.8128e+14
3884.8695 2.8135e+14 2.8128e+14
3884.8804 2.8135e+14 2.8128e+14
3884.8914 2.8135e+14 2.8128e+14
3884.9024 2.8135e+14 2.8128e+14
3884.9134 2.8135e+14 2.8128e+14
3884.9243 2.8135e+14 2.8128e+14
3884.9353 2.8135e+14 2.8128e+14
3884.9463 2.8135e+14 2.8129e+14
3884.9572 2.8135e+14 2.8129e+14
3884.9682 2.8135e+14 2.8129e+14
3884.9792 2.8136e+14 2.8129e+14
3884.9902 2.8136e+14 2.8129e+14
3885.0011 2.8136e+14 2.8129e+14
3885.0121 2.8136e+14 2.8129e+14
3885.0231 2.8136e+14 2.8129e+14
3885.0340 2.8136e+14 2.8129e+14
3885.0450 2.8136e+14 2.8129e+14
3885.0560 2.8136e+14 2.8129e+14
3885.0670 2.8136e+14 2.8130e+14
3885.0779 2.8136e+14 2.8130e+14
3885.0889 2.8136e+14 2.8130e+14
3885.0999 2.8137e+14 2.8130e+14
3885.1108 2.8137e+14 2.8130e+14
3885.1218 2.8137e+14 2.8130e+14
3885.1328 2.8137e+14 2.8130e+14
3885.1437 2.8137e+14 2.8130e+14
3885.1547 2.8137e+14 2.8130e+14
3885.1657 2.8137e+14 2.8130e+14
3885.1767 2.8137e+14 2.8130e+14
3885.1876 2.8137e+14 2.8131e+14
3885.1986 2.8137e+14 2.8131e+14
3885.2096 2.8138e+14 2.8131e+14
3885.2205 2.8138e+14 2.8131e+14
3885.2315 2.8138e+14 2.8131e+14
3885.2425 2.8138e+14 2.8131e+14
3885.2535 2.8138e+14 2.8131e+14
3885.2644 2.8138e+14 2.8131e+14
3885.2754 2.8138e+14 2.8131e+14
3885.2864 2.8138e+14 2.8131e+14
3885.2973 2.8138e+14 2.8131e+14
3885.3083 2.8138e+14 2.8132e+14
3885.3193 2.8138e+14 2.8132e+14
3885.3303 2.8139e+14 2.8132e+14
3885.3412 2.8139e+14 2.8132e+14
3885.3522 2.8139e+14 2.8132e+14
3885.3632 2.8139e+14 2.8132e+14
3885.3741 2.8139e+14 2.8132e+14
3885.3851 2.8139e+14 2.8132e+14
3885.3961 2.8139e+14 2.8132e+14
3885.4070 2.8139e+14 2.8132e+14
3885.4180 2.8139e+14 2.8132e+14
3885.4290 2.8139e+14 2.8133e+14
3885.4400 2.8139e+14 2.8133e+14
3885.4509 2.8140e+14 2.8133e+14
3885.4619 2.8140e+14 2.8133e+14
3885.4729 2.8140e+14 2.8133e+14
3885.4838 2.8140e+14 2.8133e+14
3885.4948 2.8140e+14 2.8133e+14
3885.5058 2.8140e+14 2.8133e+14
3885.5168 2.8140e+14 2.8133e+14
3885.5277 2.8140e+14 2.8133e+14
3885.5387 2.8140e+14 2.8134e+14
3885.5497 2.8140e+14 2.8134e+14
3885.5606 2.8141e+14 2.8134e+14
3885.5716 2.8141e+14 2.8134e+14
3885.5826 2.8141e+14 2.8134e+14
3885.5936 2.8141e+14 2.8134e+14
3885.6045 2.8141e+14 2.8134e+14
3885.6155 2.8141e+14 2.8134e+14
3885.6265 2.8141e+14 2.8134e+14
3885.6374 2.8141e+14 2.8134e+14
3885.6484 2.8141e+14 2.8134e+14
3885.6594 2.8141e+14 2.8135e+14
3885.6703 2.8141e+14 2.8135e+14
3885.6813 2.8142e+14 2.8135e+14
3885.6923 2.8142e+14 2.8135e+14
3885.7033 2.8142e+14 2.8135e+14
3885.7142 2.8142e+14 2.8135e+14
3885.7252 2.8142e+14 2.8135e+14
3885.7362 2.8142e+14 2.8135e+14
3885.7471 2.8142e+14 2.8135e+14
3885.7581 2.8142e+14 2.8135e+14
3885.7691 2.8142e+14 2.8135e+14
3885.7801 2.8142e+14 2.8136e+14
3885.7910 2.8142e+14 2.8136e+14
3885.8020 2.8143e+14 2.8136e+14
3885.8130 2.8143e+14 2.8136e+14
3885.8239 2.8143e+14 2.8136e+14
3885.8349 2.8143e+14 2.8136e+14
3885.8459 2.8143e+14 2.8136e+14
3885.8569 2.8143e+14 2.8136e+14
3885.8678 2.8143e+14 2.8136e+14
3885.8788 2.8143e+14 2.8136e+14
3885.8898 2.8143e+14 2.8136e+14
3885.9007 2.8143e+14 2.8137e+14
3885.9117 2.8144e+14 2.8137e+14
3885.9227 2.8144e+14 2.8137e+14
3885.9336 2.8144e+14 2.8137e+14
3885.9446 2.8144e+14 2.8137e+14
3885.9556 2.8144e+14 2.8137e+14
3885.9666 2.8144e+14 2.8137e+14
3885.9775 2.8144e+14 2.8137e+14
3885.9885 2.8144e+14 2.8137e+14
3885.9995 2.8144e+14 2.8137e+14
3886.0104 2.8144e+14 2.8138e+14
3886.0214 2.8144e+14 2.8138e+14
3886.0324 2.8145e+14 2.8138e+14
3886.0434 2.8145e+14 2.8138e+14
3886.0543 2.8145e+14 2.8138e+14
3886.0653 2.8145e+14 2.8138e+14
3886.0763 2.8145e+14 2.8138e+14
3886.0872 2.8145e+14 2.8138e+14
3886.0982 2.8145e+14 2.8138e+14
3886.1092 2.8145e+14 2.8138e+14
3886.1202 2.8145e+14 2.8138e+14
3886.1311 2.8145e+14 2.8139e+14
3886.1421 2.8146e+14 2.8139e+14
3886.1531 2.8146e+14 2.8139e+14
3886.1640 2.8146e+14 2.8139e+14
3886.1750 2.8146e+14 2.8139e+14
3886.1860 2.8146e+14 2.8139e+14
3886.1969 2.8146e+14 2.8139e+14
3886.2079 2.8146e+14 2.8139e+14
3886.2189 2.8146e+14 2.8139e+14
3886.2299 2.8146e+14 2.8139e+14
3886.2408 2.8146e+14 2.8139e+14
3886.2518 2.8146e+14 2.8140e+14
3886.2628 2.8147e+14 2.8140e+14
3886.2737 2.8147e+14 2.8140e+14
3886.2847 2.8147e+14 2.8140e+14
3886.2957 2.8147e+14 2.8140e+14
3886.3067 2.8147e+14 2.8140e+14
3886.3176 2.8147e+14 2.8140e+14
3886.3286 2.8147e+14 2.8140e+14
3886.3396 2.8147e+14 2.8140e+14
3886.3505 2.8147e+14 2.8140e+14
3886.3615 2.8147e+14 2.8140e+14
3886.3725 2.8147e+14 2.8141e+14
3886.3835 2.8148e+14 2.8141e+14
3886.3944 2.8148e+14 2.8141e+14
3886.4054 2.8148e+14 2.8141e+14
3886.4164 2.8148e+14 2.8141e+14
3886.4273 2.8148e+14 2.8141e+14
3886.4383 2.8148e+14 2.8141e+14
3886.4493 2.8148e+14 2.8141e+14
3886.4602 2.8148e+14 2.8141e+14
3886.4712 2.8148e+14 2.8141e+14
3886.4822 2.8148e+14 2.8142e+14
3886.4932 2.8149e+14 2.8142e+14
3886.5041 2.8149e+14 2.8142e+14
3886.5151 2.8149e+14 2.8142e+14
3886.5261 2.8149e+14 2.8142e+14
3886.5370 2.8149e+14 2.8142e+14
3886.5480 2.8149e+14 2.8142e+14
3886.5590 2.8149e+14 2.8142e+14
3886.5700 2.8149e+14 2.8142e+14
3886.5809 2.8149e+14 2.8142e+14
3886.5919 2.8149e+14 2.8142e+14
3886.6029 2.8149e+14 2.8143e+14
3886.6138 2.8150e+14 2.8143e+14
3886.6248 2.8150e+14 2.8143e+14
3886.6358 2.8150e+14 2.8143e+14
3886.6468 2.8150e+14 2.8143e+14
3886.6577 2.8150e+14 2.8143e+14
3886.6687 2.8150e+14 2.8143e+14
3886.6797 2.8150e+14 2.8143e+14
3886.6906 2.8150e+14 2.8143e+14
3886.7016 2.8150e+14 2.8143e+14
3886.7126 2.8150e+14 2.8143e+14
3886.7235 2.8150e+14 2.8144e+14
3886.7345 2.8151e+14 2.8144e+14
3886.7455 2.8151e+14 2.8144e+14
3886.7565 2.8151e+14 2.8144e+14
3886.7674 2.8151e+14 2.8144e+14
3886.7784 2.8151e+14 2.8144e+14
3886.7894 2.8151e+14 2.8144e+14
3886.8003 2.8151e+14 2.8144e+14
3886.8113 2.8151e+14 2.8144e+14
3886.8223 2.8151e+14 2.8144e+14
3886.8333 2.8151e+14 2.8144e+14
3886.8442 2.8152e+14 2.8145e+14
3886.8552 2.8152e+14 2.8145e+14
3886.8662 2.8152e+14 2.8145e+14
3886.8771 2.8152e+14 2.8145e+14
3886.8881 2.8152e+14 2.8145e+14
3886.8991 2.8152e+14 2.8145e+14
3886.9101 2.8152e+14 2.8145e+14
3886.9210 2.8152e+14 2.8145e+14
3886.9320 2.8152e+14 2.8145e+14
3886.9430 2.8152e+14 2.8145e+14
3886.9539 2.8152e+14 2.8146e+14
3886.9649 2.8153e+14 2.8146e+14
3886.9759 2.8153e+14 2.8146e+14
3886.9868 2.8153e+14 2.8146e+14
3886.9978 2.8153e+14 2.8146e+14
3887.0088 2.8153e+14 2.8146e+14
3887.0198 2.8153e+14 2.8146e+14
3887.0307 2.8153e+14 2.8146e+14
3887.0417 2.8153e+14 2.8146e+14
3887.0527 2.8153e+14 2.8146e+14
3887.0636 2.8153e+14 2.8146e+14
3887.0746 2.8153e+14 2.8147e+14
3887.0856 2.8154e+14 2.8147e+14
3887.0966 2.8154e+14 2.8147e+14
3887.1075 2.8154e+14 2.8147e+14
3887.1185 2.8154e+14 2.8147e+14
3887.1295 2.8154e+14 2.8147e+14
3887.1404 2.8154e+14 2.8147e+14
3887.1514 2.8154e+14 2.8147e+14
3887.1624 2.8154e+14 2.8147e+14
3887.1734 2.8154e+14 2.8147e+14
3887.1843 2.8154e+14 2.8147e+14
3887.1953 2.8155e+14 2.8148e+14
3887.2063 2.8155e+14 2.8148e+14
3887.2172 2.8155e+14 2.8148e+14
3887.2282 2.8155e+14 2.8148e+14
3887.2392 2.8155e+14 2.8148e+14
3887.2502 2.8155e+14 2.8148e+14
3887.2611 2.8155e+14 2.8148e+14
3887.2721 2.8155e+14 2.8148e+14
3887.2831 2.8155e+14 2.8148e+14
3887.2940 2.8155e+14 2.8148e+14
3887.3050 2.8155e+14 2.8149e+14
3887.3160 2.8156e+14 2.8149e+14
3887.3269 2.8156e+14 2.8149e+14
3887.3379 2.8156e+14 2.8149e+14
3887.3489 2.8156e+14 2.8149e+14
3887.3599 2.8156e+14 2.8149e+14
3887.3708 2.8156e+14 2.8149e+14
3887.3818 2.8156e+14 2.8149e+14
3887.3928 2.8156e+14 2.8149e+14
3887.4037 2.8156e+14 2.8149e+14
3887.4147 2.8156e+14 2.8149e+14
3887.4257 2.8157e+14 2.8150e+14
3887.4367 2.8157e+14 2.8150e+14
3887.4476 2.8157e+14 2.8150e+14
3887.4586 2.8157e+14 2.8150e+14
3887.4696 2.8157e+14 2.8150e+14
3887.4805 2.8157e+14 2.8150e+14
3887.4915 2.8157e+14 2.8150e+14
3887.5025 2.8157e+14 2.8150e+14
3887.5135 2.8157e+14 2.8150e+14
3887.5244 2.8157e+14 2.8150e+14
3887.5354 2.8157e+14 2.8150e+14
3887.5464 2.8158e+14 2.8151e+14
3887.5573 2.8158e+14 2.8151e+14
3887.5683 2.8158e+14 2.8151e+14
3887.5793 2.8158e+14 2.8151e+14
3887.5902 2.8158e+14 2.8151e+14
3887.6012 2.8158e+14 2.8151e+14
3887.6122 2.8158e+14 2.8151e+14
3887.6232 2.8158e+14 2.8151e+14
3887.6341 2.8158e+14 2.8151e+14
3887.6451 2.8158e+14 2.8151e+14
3887.6561 2.8158e+14 2.8151e+14
3887.6670 2.8159e+14 2.8152e+14
3887.6780 2.8159e+14 2.8152e+14
3887.6890 2.8159e+14 2.8152e+14
3887.7000 2.8159e+14 2.8152e+14
3887.7109 2.8159e+14 2.8152e+14
3887.7219 2.8159e+14 2.8152e+14
3887.7329 2.8159e+14 2.8152e+14
3887.7438 2.8159e+14 2.8152e+14
3887.7548 2.8159e+14 2.8152e+14
3887.7658 2.8159e+14 2.8152e+14
3887.7768 2.8160e+14 2.8153e+14
3887.7877 2.8160e+14 2.8153e+14
3887.7987 2.8160e+14 2.8153e+14
3887.8097 2.8160e+14 2.8153e+14
3887.8206 2.8160e+14 2.8153e+14
3887.8316 2.8160e+14 2.8153e+14
3887.8426 2.8160e+14 2.8153e+14
3887.8535 2.8160e+14 2.8153e+14
3887.8645 2.8160e+14 2.8153e+14
3887.8755 2.8160e+14 2.8153e+14
3887.8865 2.8160e+14 2.8153e+14
3887.8974 2.8161e+14 2.8154e+14
3887.9084 2.8161e+14 2.8154e+14
3887.9194 2.8161e+14 2.8154e+14
3887.9303 2.8161e+14 2.8154e+14
3887.9413 2.8161e+14 2.8154e+14
3887.9523 2.8161e+14 2.8154e+14
3887.9633 2.8161e+14 2.8154e+14
3887.9742 2.8161e+14 2.8154e+14
3887.9852 2.8161e+14 2.8154e+14
3887.9962 2.8161e+14 2.8154e+14
3888.0071 2.8161e+14 2.8154e+14
3888.0181 2.8162e+14 2.8155e+14
3888.0291 2.8162e+14 2.8155e+14
3888.0401 2.8162e+14 2.8155e+14
3888.0510 2.8162e+14 2.8155e+14
3888.0620 2.8162e+14 2.8155e+14
3888.0730 2.8162e+14 2.8155e+14
3888.0839 2.8162e+14 2.8155e+14
3888.0949 2.8162e+14 2.8155e+14
3888.1059 2.8162e+14 2.8155e+14
3888.1168 2.8162e+14 2.8155e+14
3888.1278 2.8163e+14 2.8156e+14
3888.1388 2.8163e+14 2.8156e+14
3888.1498 2.8163e+14 2.8156e+14
3888.1607 2.8163e+14 2.8156e+14
3888.1717 2.8163e+14 2.8156e+14
3888.1827 2.8163e+14 2.8156e+14
3888.1936 2.8163e+14 2.8156e+14
3888.2046 2.8163e+14 2.8156e+14
3888.2156 2.8163e+14 2.8156e+14
3888.2266 2.8163e+14 2.8156e+14
3888.2375 2.8163e+14 2.8156e+14
3888.2485 2.8164e+14 2.8157e+14
3888.2595 2.8164e+14 2.8157e+14
3888.2704 2.8164e+14 2.8157e+14
3888.2814 2.8164e+14 2.8157e+14
3888.2924 2.8164e+14 2.8157e+14
3888.3034 2.8164e+14 2.8157e+14
3888.3143 2.8164e+14 2.8157e+14
3888.3253 2.8164e+14 2.8157e+14
3888.3363 2.8164e+14 2.8157e+14
3888.3472 2.8164e+14 2.8157e+14
3888.3582 2.8164e+14 2.8157e+14
3888.3692 2.8165e+14 2.8158e+14
3888.3801 2.8165e+14 2.8158e+14
3888.3911 2.8165e+14 2.8158e+14
3888.4021 2.8165e+14 2.8158e+14
3888.4131 2.8165e+14 2.8158e+14
3888.4240 2.8165e+14 2.8158e+14
3888.4350 2.8165e+14 2.8158e+14
3888.4460 2.8165e+14 2.8158e+14
3888.4569 2.8165e+14 2.8158e+14
3888.4679 2.8165e+14 2.8158e+14
3888.4789 2.8166e+14 2.8158e+14
3888.4899 2.8166e+14 2.8159e+14
3888.5008 2.8166e+14 2.8159e+14
3888.5118 2.8166e+14 2.8159e+14
3888.5228 2.8166e+14 2.8159e+14
3888.5337 2.8166e+14 2.8159e+14
3888.5447 2.8166e+14 2.8159e+14
3888.5557 2.8166e+14 2.8159e+14
3888.5667 2.8166e+14 2.8159e+14
3888.5776 2.8166e+14 2.8159e+14
3888.5886 2.8166e+14 2.8159e+14
3888.5996 2.8167e+14 2.8160e+14
3888.6105 2.8167e+14 2.8160e+14
3888.6215 2.8167e+14 2.8160e+14
3888.6325 2.8167e+14 2.8160e+14
3888.6434 2.8167e+14 2.8160e+14
3888.6544 2.8167e+14 2.8160e+14
3888.6654 2.8167e+14 2.8160e+14
3888.6764 2.8167e+14 2.8160e+14
3888.6873 2.8167e+14 2.8160e+14
3888.6983 2.8167e+14 2.8160e+14
3888.7093 2.8167e+14 2.8160e+14
3888.7202 2.8168e+14 2.8161e+14
3888.7312 2.8168e+14 2.8161e+14
3888.7422 2.8168e+14 2.8161e+14
3888.7532 2.8168e+14 2.8161e+14
3888.7641 2.8168e+14 2.8161e+14
3888.7751 2.8168e+14 2.8161e+14
3888.7861 2.8168e+14 2.8161e+14
3888.7970 2.8168e+14 2.8161e+14
3888.8080 2.8168e+14 2.8161e+14
3888.8190 2.8168e+14 2.8161e+14
3888.8300 2.8169e+14 2.8161e+14
3888.8409 2.8169e+14 2.8162e+14
3888.8519 2.8169e+14 2.8162e+14
3888.8629 2.8169e+14 2.8162e+14
3888.8738 2.8169e+14 2.8162e+14
3888.8848 2.8169e+14 2.8162e+14
3888.8958 2.8169e+14 2.8162e+14
3888.9067 2.8169e+14 2.8162e+14
3888.9177 2.8169e+14 2.8162e+14
3888.9287 2.8169e+14 2.8162e+14
3888.9397 2.8169e+14 2.8162e+14
3888.9506 2.8170e+14 2.8163e+14
3888.9616 2.8170e+14 2.8163e+14
3888.9726 2.8170e+14 2.8163e+14
3888.9835 2.8170e+14 2.8163e+14
3888.9945 2.8170e+14 2.8163e+14
3889.0055 2.8170e+14 2.8163e+14
3889.0165 2.8170e+14 2.8163e+14
3889.0274 2.8170e+14 2.8163e+14
3889.0384 2.8170e+14 2.8163e+14
3889.0494 2.8170e+14 2.8163e+14
3889.0603 2.8170e+14 2.8163e+14
3889.0713 2.8171e+14 2.8164e+14
3889.0823 2.8171e+14 2.8164e+14
3889.0933 2.8171e+14 2.8164e+14
3889.1042 2.8171e+14 2.8164e+14
3889.1152 2.8171e+14 2.8164e+14
3889.1262 2.8171e+14 2.8164e+14
3889.1371 2.8171e+14 2.8164e+14
3889.1481 2.8171e+14 2.8164e+14
3889.1591 2.8171e+14 2.8164e+14
3889.1700 2.8171e+14 2.8164e+14
3889.1810 2.8172e+14 2.8164e+14
3889.1920 2.8172e+14 2.8165e+14
3889.2030 2.8172e+14 2.8165e+14
3889.2139 2.8172e+14 2.8165e+14
3889.2249 2.8172e+14 2.8165e+14
3889.2359 2.8172e+14 2.8165e+14
3889.2468 2.8172e+14 2.8165e+14
3889.2578 2.8172e+14 2.8165e+14
3889.2688 2.8172e+14 2.8165e+14
3889.2798 2.8172e+14 2.8165e+14
3889.2907 2.8172e+14 2.8165e+14
3889.3017 2.8173e+14 2.8166e+14
3889.3127 2.8173e+14 2.8166e+14
3889.3236 2.8173e+14 2.8166e+14
3889.3346 2.8173e+14 2.8166e+14
3889.3456 2.8173e+14 2.8166e+14
3889.3566 2.8173e+14 2.8166e+14
3889.3675 2.8173e+14 2.8166e+14
3889.3785 2.8173e+14 2.8166e+14
3889.3895 2.8173e+14 2.8166e+14
3889.4004 2.8173e+14 2.8166e+14
3889.4114 2.8173e+14 2.8166e+14
3889.4224 2.8174e+14 2.8167e+14
3889.4333 2.8174e+14 2.8167e+14
3889.4443 2.8174e+14 2.8167e+14
3889.4553 2.8174e+14 2.8167e+14
3889.4663 2.8174e+14 2.8167e+14
3889.4772 2.8174e+14 2.8167e+14
3889.4882 2.8174e+14 2.8167e+14
3889.4992 2.8174e+14 2.8167e+14
3889.5101 2.8174e+14 2.8167e+14
3889.5211 2.8174e+14 2.8167e+14
3889.5321 2.8175e+14 2.8167e+14
3889.5431 2.8175e+14 2.8168e+14
3889.5540 2.8175e+14 2.8168e+14
3889.5650 2.8175e+14 2.8168e+14
3889.5760 2.8175e+14 2.8168e+14
3889.5869 2.8175e+14 2.8168e+14
3889.5979 2.8175e+14 2.8168e+14
3889.6089 2.8175e+14 2.8168e+14
3889.6199 2.8175e+14 2.8168e+14
3889.6308 2.8175e+14 2.8168e+14
3889.6418 2.8175e+14 2.8168e+14
3889.6528 2.8176e+14 2.8169e+14
3889.6637 2.8176e+14 2.8169e+14
3889.6747 2.8176e+14 2.8169e+14
3889.6857 2.8176e+14 2.8169e+14
3889.6966 2.8176e+14 2.8169e+14
3889.7076 2.8176e+14 2.8169e+14
3889.7186 2.8176e+14 2.8169e+14
3889.7296 2.8176e+14 2.8169e+14
3889.7405 2.8176e+14 2.8169e+14
3889.7515 2.8176e+14 2.8169e+14
3889.7625 2.8176e+14 2.8169e+14
3889.7734 2.8177e+14 2.8170e+14
3889.7844 2.8177e+14 2.8170e+14
3889.7954 2.8177e+14 2.8170e+14
3889.8064 2.8177e+14 2.8170e+14
3889.8173 2.8177e+14 2.8170e+14
3889.8283 2.8177e+14 2.8170e+14
3889.8393 2.8177e+14 2.8170e+14
3889.8502 2.8177e+14 2.8170e+14
3889.8612 2.8177e+14 2.8170e+14
3889.8722 2.8177e+14 2.8170e+14
3889.8832 2.8177e+14 2.8170e+14
3889.8941 2.8178e+14 2.8171e+14
3889.9051 2.8178e+14 2.8171e+14
3889.9161 2.8178e+14 2.8171e+14
3889.9270 2.8178e+14 2.8171e+14
3889.9380 2.8178e+14 2.8171e+14
3889.9490 2.8178e+14 2.8171e+14
3889.9599 2.8178e+14 2.8171e+14
3889.9709 2.8178e+14 2.8171e+14
3889.9819 2.8178e+14 2.8171e+14
3889.9929 2.8178e+14 2.8171e+14
3890.0038 2.8179e+14 2.8172e+14
3890.0148 2.8179e+14 2.8172e+14
3890.0258 2.8179e+14 2.8172e+14
3890.0367 2.8179e+14 2.8172e+14
3890.0477 2.8179e+14 2.8172e+14
3890.0587 2.8179e+14 2.8172e+14
3890.0697 2.8179e+14 2.8172e+14
3890.0806 2.8179e+14 2.8172e+14
3890.0916 2.8179e+14 2.8172e+14
3890.1026 2.8179e+14 2.8172e+14
3890.1135 2.8179e+14 2.8172e+14
3890.1245 2.8180e+14 2.8173e+14
3890.1355 2.8180e+14 2.8173e+14
3890.1465 2.8180e+14 2.8173e+14
3890.1574 2.8180e+14 2.8173e+14
3890.1684 2.8180e+14 2.8173e+14
3890.1794 2.8180e+14 2.8173e+14
3890.1903 2.8180e+14 2.8173e+14
3890.2013 2.8180e+14 2.8173e+14
3890.2123 2.8180e+14 2.8173e+14
3890.2232 2.8180e+14 2.8173e+14
3890.2342 2.8180e+14 2.8173e+14
3890.2452 2.8181e+14 2.8174e+14
3890.2562 2.8181e+14 2.8174e+14
3890.2671 2.8181e+14 2.8174e+14
3890.2781 2.8181e+14 2.8174e+14
3890.2891 2.8181e+14 2.8174e+14
3890.3000 2.8181e+14 2.8174e+14
3890.3110 2.8181e+14 2.8174e+14
3890.3220 2.8181e+14 2.8174e+14
3890.3330 2.8181e+14 2.8174e+14
3890.3439 2.8181e+14 2.8174e+14
3890.3549 2.8182e+14 2.8175e+14
3890.3659 2.8182e+14 2.8175e+14
3890.3768 2.8182e+14 2.8175e+14
3890.3878 2.8182e+14 2.8175e+14
3890.3988 2.8182e+14 2.8175e+14
3890.4098 2.8182e+14 2.8175e+14
3890.4207 2.8182e+14 2.8175e+14
3890.4317 2.8182e+14 2.8175e+14
3890.4427 2.8182e+14 2.8175e+14
3890.4536 2.8182e+14 2.8175e+14
3890.4646 2.8182e+14 2.8175e+14
3890.4756 2.8183e+14 2.8176e+14
3890.4865 2.8183e+14 2.8176e+14
3890.4975 2.8183e+14 2.8176e+14
3890.5085 2.8183e+14 2.8176e+14
3890.5195 2.8183e+14 2.8176e+14
3890.5304 2.8183e+14 2.8176e+14
3890.5414 2.8183e+14 2.8176e+14
3890.5524 2.8183e+14 2.8176e+14
3890.5633 2.8183e+14 2.8176e+14
3890.5743 2.8183e+14 2.8176e+14
3890.5853 2.8183e+14 2.8177e+14
3890.5963 2.8184e+14 2.8177e+14
3890.6072 2.8184e+14 2.8177e+14
3890.6182 2.8184e+14 2.8177e+14
3890.6292 2.8184e+14 2.8177e+14
3890.6401 2.8184e+14 2.8177e+14
3890.6511 2.8184e+14 2.8177e+14
3890.6621 2.8184e+14 2.8177e+14
3890.6731 2.8184e+14 2.8177e+14
3890.6840 2.8184e+14 2.8177e+14
3890.6950 2.8184e+14 2.8177e+14
3890.7060 2.8185e+14 2.8178e+14
3890.7169 2.8185e+14 2.8178e+14
3890.7279 2.8185e+14 2.8178e+14
3890.7389 2.8185e+14 2.8178e+14
3890.7498 2.8185e+14 2.8178e+14
3890.7608 2.8185e+14 2.8178e+14
3890.7718 2.8185e+14 2.8178e+14
3890.7828 2.8185e+14 2.8178e+14
3890.7937 2.8185e+14 2.8178e+14
3890.8047 2.8185e+14 2.8178e+14
3890.8157 2.8185e+14 2.8178e+14
3890.8266 2.8186e+14 2.8179e+14
3890.8376 2.8186e+14 2.8179e+14
3890.8486 2.8186e+14 2.8179e+14
3890.8596 2.8186e+14 2.8179e+14
3890.8705 2.8186e+14 2.8179e+14
3890.8815 2.8186e+14 2.8179e+14
3890.8925 2.8186e+14 2.8179e+14
3890.9034 2.8186e+14 2.8179e+14
3890.9144 2.8186e+14 2.8179e+14
3890.9254 2.8186e+14 2.8179e+14
3890.9364 2.8186e+14 2.8180e+14
3890.9473 2.8187e+14 2.8180e+14
3890.9583 2.8187e+14 2.8180e+14
3890.9693 2.8187e+14 2.8180e+14
3890.9802 2.8187e+14 2.8180e+14
3890.9912 2.8187e+14 2.8180e+14
3891.0022 2.8187e+14 2.8180e+14
3891.0132 2.8187e+14 2.8180e+14
3891.0241 2.8187e+14 2.8180e+14
3891.0351 2.8187e+14 2.8180e+14
3891.0461 2.8187e+14 2.8180e+14
3891.0570 2.8188e+14 2.8181e+14
3891.0680 2.8188e+14 2.8181e+14
3891.0790 2.8188e+14 2.8181e+14
3891.0899 2.8188e+14 2.8181e+14
3891.1009 2.8188e+14 2.8181e+14
3891.1119 2.8188e+14 2.8181e+14
3891.1229 2.8188e+14 2.8181e+14
3891.1338 2.8188e+14 2.8181e+14
3891.1448 2.8188e+14 2.8181e+14
3891.1558 2.8188e+14 2.8181e+14
3891.1667 2.8188e+14 2.8181e+14
3891.1777 2.8189e+14 2.8182e+14
3891.1887 2.8189e+14 2.8182e+14
3891.1997 2.8189e+14 2.8182e+14
3891.2106 2.8189e+14 2.8182e+14
3891.2216 2.8189e+14 2.8182e+14
3891.2326 2.8189e+14 2.8182e+14
3891.2435 2.8189e+14 2.8182e+14
3891.2545 2.8189e+14 2.8182e+14
3891.2655 2.8189e+14 2.8182e+14
3891.2765 2.8189e+14 2.8182e+14
3891.2874 2.8189e+14 2.8183e+14
3891.2984 2.8190e+14 2.8183e+14
3891.3094 2.8190e+14 2.8183e+14
3891.3203 2.8190e+14 2.8183e+14
3891.3313 2.8190e+14 2.8183e+14
3891.3423 2.8190e+14 2.8183e+14
3891.3532 2.8190e+14 2.8183e+14
3891.3642 2.8190e+14 2.8183e+14
3891.3752 2.8190e+14 2.8183e+14
3891.3862 2.8190e+14 2.8183e+14
3891.3971 2.8190e+14 2.8183e+14
3891.4081 2.8190e+14 2.8184e+14
3891.4191 2.8191e+14 2.8184e+14
3891.4300 2.8191e+14 2.8184e+14
3891.4410 2.8191e+14 2.8184e+14
3891.4520 2.8191e+14 2.8184e+14
3891.4630 2.8191e+14 2.8184e+14
3891.4739 2.8191e+14 2.8184e+14
3891.4849 2.8191e+14 2.8184e+14
3891.4959 2.8191e+14 2.8184e+14
3891.5068 2.8191e+14 2.8184e+14
3891.5178 2.8191e+14 2.8185e+14
3891.5288 2.8192e+14 2.8185e+14
3891.5398 2.8192e+14 2.8185e+14
3891.5507 2.8192e+14 2.8185e+14
3891.5617 2.8192e+14 2.8185e+14
3891.5727 2.8192e+14 2.8185e+14
3891.5836 2.8192e+14 2.8185e+14
3891.5946 2.8192e+14 2.8185e+14
3891.6056 2.8192e+14 2.8185e+14
3891.6165 2.8192e+14 2.8185e+14
3891.6275 2.8192e+14 2.8185e+14
3891.6385 2.8192e+14 2.8186e+14
3891.6495 2.8193e+14 2.8186e+14
3891.6604 2.8193e+14 2.8186e+14
3891.6714 2.8193e+14 2.8186e+14
3891.6824 2.8193e+14 2.8186e+14
3891.6933 2.8193e+14 2.8186e+14
3891.7043 2.8193e+14 2.8186e+14
3891.7153 2.8193e+14 2.8186e+14
3891.7263 2.8193e+14 2.8186e+14
3891.7372 2.8193e+14 2.8186e+14
3891.7482 2.8193e+14 2.8186e+14
3891.7592 2.8193e+14 2.8187e+14
3891.7701 2.8194e+14 2.8187e+14
3891.7811 2.8194e+14 2.8187e+14
3891.7921 2.8194e+14 2.8187e+14
3891.8031 2.8194e+14 2.8187e+14
3891.8140 2.8194e+14 2.8187e+14
3891.8250 2.8194e+14 2.8187e+14
3891.8360 2.8194e+14 2.8187e+14
3891.8469 2.8194e+14 2.8187e+14
3891.8579 2.8194e+14 2.8187e+14
3891.8689 2.8194e+14 2.8188e+14
3891.8798 2.8195e+14 2.8188e+14
3891.8908 2.8195e+14 2.8188e+14
3891.9018 2.8195e+14 2.8188e+14
3891.9128 2.8195e+14 2.8188e+14
3891.9237 2.8195e+14 2.8188e+14
3891.9347 2.8195e+14 2.8188e+14
3891.9457 2.8195e+14 2.8188e+14
3891.9566 2.8195e+14 2.8188e+14
3891.9676 2.8195e+14 2.8188e+14
3891.9786 2.8195e+14 2.8188e+14
3891.9896 2.8195e+14 2.8189e+14
3892.0005 2.8196e+14 2.8189e+14
3892.0115 2.8196e+14 2.8189e+14
3892.0225 2.8196e+14 2.8189e+14
3892.0334 2.8196e+14 2.8189e+14
3892.0444 2.8196e+14 2.8189e+14
3892.0554 2.8196e+14 2.8189e+14
3892.0664 2.8196e+14 2.8189e+14
3892.0773 2.8196e+14 2.8189e+14
3892.0883 2.8196e+14 2.8189e+14
3892.0993 2.8196e+14 2.8190e+14
3892.1102 2.8196e+14 2.8190e+14
3892.1212 2.8197e+14 2.8190e+14
3892.1322 2.8197e+14 2.8190e+14
3892.1431 2.8197e+14 2.8190e+14
3892.1541 2.8197e+14 2.8190e+14
3892.1651 2.8197e+14 2.8190e+14
3892.1761 2.8197e+14 2.8190e+14
3892.1870 2.8197e+14 2.8190e+14
3892.1980 2.8197e+14 2.8190e+14
3892.2090 2.8197e+14 2.8190e+14
3892.2199 2.8197e+14 2.8191e+14
3892.2309 2.8197e+14 2.8191e+14
3892.2419 2.8198e+14 2.8191e+14
3892.2529 2.8198e+14 2.8191e+14
3892.2638 2.8198e+14 2.8191e+14
3892.2748 2.8198e+14 2.8191e+14
3892.2858 2.8198e+14 2.8191e+14
3892.2967 2.8198e+14 2.8191e+14
3892.3077 2.8198e+14 2.8191e+14
3892.3187 2.8198e+14 2.8191e+14
3892.3297 2.8198e+14 2.8191e+14
3892.3406 2.8198e+14 2.8192e+14
3892.3516 2.8199e+14 2.8192e+14
3892.3626 2.8199e+14 2.8192e+14
3892.3735 2.8199e+14 2.8192e+14
3892.3845 2.8199e+14 2.8192e+14
3892.3955 2.8199e+14 2.8192e+14
3892.4064 2.8199e+14 2.8192e+14
3892.4174 2.8199e+14 2.8192e+14
3892.4284 2.8199e+14 2.8192e+14
3892.4394 2.8199e+14 2.8192e+14
3892.4503 2.8199e+14 2.8193e+14
3892.4613 2.8199e+14 2.8193e+14
3892.4723 2.8200e+14 2.8193e+14
3892.4832 2.8200e+14 2.8193e+14
3892.4942 2.8200e+14 2.8193e+14
3892.5052 2.8200e+14 2.8193e+14
3892.5162 2.8200e+14 2.8193e+14
3892.5271 2.8200e+14 2.8193e+14
3892.5381 2.8200e+14 2.8193e+14
3892.5491 2.8200e+14 2.8193e+14
3892.5600 2.8200e+14 2.8193e+14
3892.5710 2.8200e+14 2.8194e+14
3892.5820 2.8200e+14 2.8194e+14
3892.5930 2.8201e+14 2.8194e+14
3892.6039 2.8201e+14 2.8194e+14
3892.6149 2.8201e+14 2.8194e+14
3892.6259 2.8201e+14 2.8194e+14
3892.6368 2.8201e+14 2.8194e+14
3892.6478 2.8201e+14 2.8194e+14
3892.6588 2.8201e+14 2.8194e+14
3892.6697 2.8201e+14 2.8194e+14
3892.6807 2.8201e+14 2.8195e+14
3892.6917 2.8201e+14 2.8195e+14
3892.7027 2.8202e+14 2.8195e+14
3892.7136 2.8202e+14 2.8195e+14
3892.7246 2.8202e+14 2.8195e+14
3892.7356 2.8202e+14 2.8195e+14
3892.7465 2.8202e+14 2.8195e+14
3892.7575 2.8202e+14 2.8195e+14
3892.7685 2.8202e+14 2.8195e+14
3892.7795 2.8202e+14 2.8195e+14
3892.7904 2.8202e+14 2.8195e+14
3892.8014 2.8202e+14 2.8196e+14
3892.8124 2.8202e+14 2.8196e+14
3892.8233 2.8203e+14 2.8196e+14
3892.8343 2.8203e+14 2.8196e+14
3892.8453 2.8203e+14 2.8196e+14
3892.8563 2.8203e+14 2.8196e+14
3892.8672 2.8203e+14 2.8196e+14
3892.8782 2.8203e+14 2.8196e+14
3892.8892 2.8203e+14 2.8196e+14
3892.9001 2.8203e+14 2.8196e+14
3892.9111 2.8203e+14 2.8196e+14
3892.9221 2.8203e+14 2.8197e+14
3892.9330 2.8203e+14 2.8197e+14
3892.9440 2.8204e+14 2.8197e+14
3892.9550 2.8204e+14 2.8197e+14
3892.9660 2.8204e+14 2.8197e+14
3892.9769 2.8204e+14 2.8197e+14
3892.9879 2.8204e+14 2.8197e+14
3892.9989 2.8204e+14 2.8197e+14
3893.0098 2.8204e+14 2.8197e+14
3893.0208 2.8204e+14 2.8197e+14
3893.0318 2.8204e+14 2.8198e+14
3893.0428 2.8204e+14 2.8198e+14
3893.0537 2.8204e+14 2.8198e+14
3893.0647 2.8205e+14 2.8198e+14
3893.0757 2.8205e+14 2.8198e+14
3893.0866 2.8205e+14 2.8198e+14
3893.0976 2.8205e+14 2.8198e+14
3893.1086 2.8205e+14 2.8198e+14
3893.1196 2.8205e+14 2.8198e+14
3893.1305 2.8205e+14 2.8198e+14
3893.1415 2.8205e+14 2.8198e+14
3893.1525 2.8205e+14 2.8199e+14
3893.1634 2.8205e+14 2.8199e+14
3893.1744 2.8206e+14 2.8199e+14
3893.1854 2.8206e+14 2.8199e+14
3893.1963 2.8206e+14 2.8199e+14
3893.2073 2.8206e+14 2.8199e+14
3893.2183 2.8206e+14 2.8199e+14
3893.2293 2.8206e+14 2.8199e+14
3893.2402 2.8206e+14 2.8199e+14
3893.2512 2.8206e+14 2.8199e+14
3893.2622 2.8206e+14 2.8200e+14
3893.2731 2.8206e+14 2.8200e+14
3893.2841 2.8206e+14 2.8200e+14
3893.2951 2.8207e+14 2.8200e+14
3893.3061 2.8207e+14 2.8200e+14
3893.3170 2.8207e+14 2.8200e+14
3893.3280 2.8207e+14 2.8200e+14
3893.3390 2.8207e+14 2.8200e+14
3893.3499 2.8207e+14 2.8200e+14
3893.3609 2.8207e+14 2.8200e+14
3893.3719 2.8207e+14 2.8200e+14
3893.3829 2.8207e+14 2.8201e+14
3893.3938 2.8207e+14 2.8201e+14
3893.4048 2.8207e+14 2.8201e+14
3893.4158 2.8208e+14 2.8201e+14
3893.4267 2.8208e+14 2.8201e+14
3893.4377 2.8208e+14 2.8201e+14
3893.4487 2.8208e+14 2.8201e+14
3893.4596 2.8208e+14 2.8201e+14
3893.4706 2.8208e+14 2.8201e+14
3893.4816 2.8208e+14 2.8201e+14
3893.4926 2.8208e+14 2.8202e+14
3893.5035 2.8208e+14 2.8202e+14
3893.5145 2.8208e+14 2.8202e+14
3893.5255 2.8208e+14 2.8202e+14
3893.5364 2.8209e+14 2.8202e+14
3893.5474 2.8209e+14 2.8202e+14
3893.5584 2.8209e+14 2.8202e+14
3893.5694 2.8209e+14 2.8202e+14
3893.5803 2.8209e+14 2.8202e+14
3893.5913 2.8209e+14 2.8202e+14
3893.6023 2.8209e+14 2.8202e+14
3893.6132 2.8209e+14 2.8203e+14
3893.6242 2.8209e+14 2.8203e+14
3893.6352 2.8209e+14 2.8203e+14
3893.6462 2.8210e+14 2.8203e+14
3893.6571 2.8210e+14 2.8203e+14
3893.6681 2.8210e+14 2.8203e+14
3893.6791 2.8210e+14 2.8203e+14
3893.6900 2.8210e+14 2.8203e+14
3893.7010 2.8210e+14 2.8203e+14
3893.7120 2.8210e+14 2.8203e+14
3893.7229 2.8210e+14 2.8203e+14
3893.7339 2.8210e+14 2.8204e+14
3893.7449 2.8210e+14 2.8204e+14
3893.7559 2.8210e+14 2.8204e+14
3893.7668 2.8211e+14 2.8204e+14
3893.7778 2.8211e+14 2.8204e+14
3893.7888 2.8211e+14 2.8204e+14
3893.7997 2.8211e+14 2.8204e+14
3893.8107 2.8211e+14 2.8204e+14
3893.8217 2.8211e+14 2.8204e+14
3893.8327 2.8211e+14 2.8204e+14
3893.8436 2.8211e+14 2.8205e+14
3893.8546 2.8211e+14 2.8205e+14
3893.8656 2.8211e+14 2.8205e+14
3893.8765 2.8211e+14 2.8205e+14
3893.8875 2.8212e+14 2.8205e+14
3893.8985 2.8212e+14 2.8205e+14
3893.9095 2.8212e+14 2.8205e+14
3893.9204 2.8212e+14 2.8205e+14
3893.9314 2.8212e+14 2.8205e+14
3893.9424 2.8212e+14 2.8205e+14
3893.9533 2.8212e+14 2.8205e+14
3893.9643 2.8212e+14 2.8206e+14
3893.9753 2.8212e+14 2.8206e+14
3893.9862 2.8212e+14 2.8206e+14
3893.9972 2.8212e+14 2.8206e+14
3894.0082 2.8213e+14 2.8206e+14
3894.0192 2.8213e+14 2.8206e+14
3894.0301 2.8213e+14 2.8206e+14
3894.0411 2.8213e+14 2.8206e+14
3894.0521 2.8213e+14 2.8206e+14
3894.0630 2.8213e+14 2.8206e+14
3894.0740 2.8213e+14 2.8207e+14
3894.0850 2.8213e+14 2.8207e+14
3894.0960 2.8213e+14 2.8207e+14
3894.1069 2.8213e+14 2.8207e+14
3894.1179 2.8214e+14 2.8207e+14
3894.1289 2.8214e+14 2.8207e+14
3894.1398 2.8214e+14 2.8207e+14
3894.1508 2.8214e+14 2.8207e+14
3894.1618 2.8214e+14 2.8207e+14
3894.1728 2.8214e+14 2.8207e+14
3894.1837 2.8214e+14 2.8207e+14
3894.1947 2.8214e+14 2.8208e+14
3894.2057 2.8214e+14 2.8208e+14
3894.2166 2.8214e+14 2.8208e+14
3894.2276 2.8214e+14 2.8208e+14
3894.2386 2.8215e+14 2.8208e+14
3894.2495 2.8215e+14 2.8208e+14
3894.2605 2.8215e+14 2.8208e+14
3894.2715 2.8215e+14 2.8208e+14
3894.2825 2.8215e+14 2.8208e+14
3894.2934 2.8215e+14 2.8208e+14
3894.3044 2.8215e+14 2.8209e+14
3894.3154 2.8215e+14 2.8209e+14
3894.3263 2.8215e+14 2.8209e+14
3894.3373 2.8215e+14 2.8209e+14
3894.3483 2.8215e+14 2.8209e+14
3894.3593 2.8216e+14 2.8209e+14
3894.3702 2.8216e+14 2.8209e+14
3894.3812 2.8216e+14 2.8209e+14
3894.3922 2.8216e+14 2.8209e+14
3894.4031 2.8216e+14 2.8209e+14
3894.4141 2.8216e+14 2.8209e+14
3894.4251 2.8216e+14 2.8210e+14
3894.4361 2.8216e+14 2.8210e+14
3894.4470 2.8216e+14 2.8210e+14
3894.4580 2.8216e+14 2.8210e+14
3894.4690 2.8216e+14 2.8210e+14
3894.4799 2.8217e+14 2.8210e+14
3894.4909 2.8217e+14 2.8210e+14
3894.5019 2.8217e+14 2.8210e+14
3894.5128 2.8217e+14 2.8210e+14
3894.5238 2.8217e+14 2.8210e+14
3894.5348 2.8217e+14 2.8210e+14
3894.5458 2.8217e+14 2.8211e+14
3894.5567 2.8217e+14 2.8211e+14
3894.5677 2.8217e+14 2.8211e+14
3894.5787 2.8217e+14 2.8211e+14
3894.5896 2.8218e+14 2.8211e+14
3894.6006 2.8218e+14 2.8211e+14
3894.6116 2.8218e+14 2.8211e+14
3894.6226 2.8218e+14 2.8211e+14
3894.6335 2.8218e+14 2.8211e+14
3894.6445 2.8218e+14 2.8211e+14
3894.6555 2.8218e+14 2.8212e+14
3894.6664 2.8218e+14 2.8212e+14
3894.6774 2.8218e+14 2.8212e+14
3894.6884 2.8218e+14 2.8212e+14
3894.6994 2.8218e+14 2.8212e+14
3894.7103 2.8219e+14 2.8212e+14
3894.7213 2.8219e+14 2.8212e+14
3894.7323 2.8219e+14 2.8212e+14
3894.7432 2.8219e+14 2.8212e+14
3894.7542 2.8219e+14 2.8212e+14
3894.7652 2.8219e+14 2.8212e+14
3894.7761 2.8219e+14 2.8213e+14
3894.7871 2.8219e+14 2.8213e+14
3894.7981 2.8219e+14 2.8213e+14
3894.8091 2.8219e+14 2.8213e+14
3894.8200 2.8219e+14 2.8213e+14
3894.8310 2.8220e+14 2.8213e+14
3894.8420 2.8220e+14 2.8213e+14
3894.8529 2.8220e+14 2.8213e+14
3894.8639 2.8220e+14 2.8213e+14
3894.8749 2.8220e+14 2.8213e+14
3894.8859 2.8220e+14 2.8214e+14
3894.8968 2.8220e+14 2.8214e+14
3894.9078 2.8220e+14 2.8214e+14
3894.9188 2.8220e+14 2.8214e+14
3894.9297 2.8220e+14 2.8214e+14
3894.9407 2.8220e+14 2.8214e+14
3894.9517 2.8221e+14 2.8214e+14
3894.9627 2.8221e+14 2.8214e+14
3894.9736 2.8221e+14 2.8214e+14
3894.9846 2.8221e+14 2.8214e+14
3894.9956 2.8221e+14 2.8214e+14
3895.0065 2.8221e+14 2.8215e+14
3895.0175 2.8221e+14 2.8215e+14
3895.0285 2.8221e+14 2.8215e+14
3895.0395 2.8221e+14 2.8215e+14
3895.0504 2.8221e+14 2.8215e+14
3895.0614 2.8222e+14 2.8215e+14
3895.0724 2.8222e+14 2.8215e+14
3895.0833 2.8222e+14 2.8215e+14
3895.0943 2.8222e+14 2.8215e+14
3895.1053 2.8222e+14 2.8215e+14
3895.1162 2.8222e+14 2.8216e+14
3895.1272 2.8222e+14 2.8216e+14
3895.1382 2.8222e+14 2.8216e+14
3895.1492 2.8222e+14 2.8216e+14
3895.1601 2.8222e+14 2.8216e+14
3895.1711 2.8222e+14 2.8216e+14
3895.1821 2.8223e+14 2.8216e+14
3895.1930 2.8223e+14 2.8216e+14
3895.2040 2.8223e+14 2.8216e+14
3895.2150 2.8223e+14 2.8216e+14
3895.2260 2.8223e+14 2.8216e+14
3895.2369 2.8223e+14 2.8217e+14
3895.2479 2.8223e+14 2.8217e+14
3895.2589 2.8223e+14 2.8217e+14
3895.2698 2.8223e+14 2.8217e+14
3895.2808 2.8223e+14 2.8217e+14
3895.2918 2.8223e+14 2.8217e+14
3895.3028 2.8224e+14 2.8217e+14
3895.3137 2.8224e+14 2.8217e+14
3895.3247 2.8224e+14 2.8217e+14
3895.3357 2.8224e+14 2.8217e+14
3895.3466 2.8224e+14 2.8218e+14
3895.3576 2.8224e+14 2.8218e+14
3895.3686 2.8224e+14 2.8218e+14
3895.3795 2.8224e+14 2.8218e+14
3895.3905 2.8224e+14 2.8218e+14
3895.4015 2.8224e+14 2.8218e+14
3895.4125 2.8224e+14 2.8218e+14
3895.4234 2.8225e+14 2.8218e+14
3895.4344 2.8225e+14 2.8218e+14
3895.4454 2.8225e+14 2.8218e+14
3895.4563 2.8225e+14 2.8218e+14
3895.4673 2.8225e+14 2.8219e+14
3895.4783 2.8225e+14 2.8219e+14
3895.4893 2.8225e+14 2.8219e+14
3895.5002 2.8225e+14 2.8219e+14
3895.5112 2.8225e+14 2.8219e+14
3895.5222 2.8225e+14 2.8219e+14
3895.5331 2.8226e+14 2.8219e+14
3895.5441 2.8226e+14 2.8219e+14
3895.5551 2.8226e+14 2.8219e+14
3895.5661 2.8226e+14 2.8219e+14
3895.5770 2.8226e+14 2.8220e+14
3895.5880 2.8226e+14 2.8220e+14
3895.5990 2.8226e+14 2.8220e+14
3895.6099 2.8226e+14 2.8220e+14
3895.6209 2.8226e+14 2.8220e+14
3895.6319 2.8226e+14 2.8220e+14
3895.6428 2.8226e+14 2.8220e+14
3895.6538 2.8227e+14 2.8220e+14
3895.6648 2.8227e+14 2.8220e+14
3895.6758 2.8227e+14 2.8220e+14
3895.6867 2.8227e+14 2.8220e+14
3895.6977 2.8227e+14 2.8221e+14
3895.7087 2.8227e+14 2.8221e+14
3895.7196 2.8227e+14 2.8221e+14
3895.7306 2.8227e+14 2.8221e+14
3895.7416 2.8227e+14 2.8221e+14
3895.7526 2.8227e+14 2.8221e+14
3895.7635 2.8227e+14 2.8221e+14
3895.7745 2.8228e+14 2.8221e+14
3895.7855 2.8228e+14 2.8221e+14
3895.7964 2.8228e+14 2.8221e+14
3895.8074 2.8228e+14 2.8221e+14
3895.8184 2.8228e+14 2.8222e+14
3895.8294 2.8228e+14 2.8222e+14
3895.8403 2.8228e+14 2.8222e+14
3895.8513 2.8228e+14 2.8222e+14
3895.8623 2.8228e+14 2.8222e+14
3895.8732 2.8228e+14 2.8222e+14
3895.8842 2.8228e+14 2.8222e+14
3895.8952 2.8229e+14 2.8222e+14
3895.9061 2.8229e+14 2.8222e+14
3895.9171 2.8229e+14 2.8222e+14
3895.9281 2.8229e+14 2.8223e+14
3895.9391 2.8229e+14 2.8223e+14
3895.9500 2.8229e+14 2.8223e+14
3895.9610 2.8229e+14 2.8223e+14
3895.9720 2.8229e+14 2.8223e+14
3895.9829 2.8229e+14 2.8223e+14
3895.9939 2.8229e+14 2.8223e+14
3896.0049 2.8230e+14 2.8223e+14
3896.0159 2.8230e+14 2.8223e+14
3896.0268 2.8230e+14 2.8223e+14
3896.0378 2.8230e+14 2.8223e+14
3896.0488 2.8230e+14 2.8224e+14
3896.0597 2.8230e+14 2.8224e+14
3896.0707 2.8230e+14 2.8224e+14
3896.0817 2.8230e+14 2.8224e+14
3896.0927 2.8230e+14 2.8224e+14
3896.1036 2.8230e+14 2.8224e+14
3896.1146 2.8230e+14 2.8224e+14
3896.1256 2.8231e+14 2.8224e+14
3896.1365 2.8231e+14 2.8224e+14
3896.1475 2.8231e+14 2.8224e+14
3896.1585 2.8231e+14 2.8225e+14
3896.1694 2.8231e+14 2.8225e+14
3896.1804 2.8231e+14 2.8225e+14
3896.1914 2.8231e+14 2.8225e+14
3896.2024 2.8231e+14 2.8225e+14
3896.2133 2.8231e+14 2.8225e+14
3896.2243 2.8231e+14 2.8225e+14
3896.2353 2.8231e+14 2.8225e+14
3896.2462 2.8232e+14 2.8225e+14
3896.2572 2.8232e+14 2.8225e+14
3896.2682 2.8232e+14 2.8225e+14
3896.2792 2.8232e+14 2.8226e+14
3896.2901 2.8232e+14 2.8226e+14
3896.3011 2.8232e+14 2.8226e+14
3896.3121 2.8232e+14 2.8226e+14
3896.3230 2.8232e+14 2.8226e+14
3896.3340 2.8232e+14 2.8226e+14
3896.3450 2.8232e+14 2.8226e+14
3896.3560 2.8232e+14 2.8226e+14
3896.3669 2.8233e+14 2.8226e+14
3896.3779 2.8233e+14 2.8226e+14
3896.3889 2.8233e+14 2.8227e+14
3896.3998 2.8233e+14 2.8227e+14
3896.4108 2.8233e+14 2.8227e+14
3896.4218 2.8233e+14 2.8227e+14
3896.4327 2.8233e+14 2.8227e+14
3896.4437 2.8233e+14 2.8227e+14
3896.4547 2.8233e+14 2.8227e+14
3896.4657 2.8233e+14 2.8227e+14
3896.4766 2.8234e+14 2.8227e+14
3896.4876 2.8234e+14 2.8227e+14
3896.4986 2.8234e+14 2.8227e+14
3896.5095 2.8234e+14 2.8228e+14
3896.5205 2.8234e+14 2.8228e+14
3896.5315 2.8234e+14 2.8228e+14
3896.5425 2.8234e+14 2.8228e+14
3896.5534 2.8234e+14 2.8228e+14
3896.5644 2.8234e+14 2.8228e+14
3896.5754 2.8234e+14 2.8228e+14
3896.5863 2.8234e+14 2.8228e+14
3896.5973 2.8235e+14 2.8228e+14
3896.6083 2.8235e+14 2.8228e+14
3896.6193 2.8235e+14 2.8229e+14
3896.6302 2.8235e+14 2.8229e+14
3896.6412 2.8235e+14 2.8229e+14
3896.6522 2.8235e+14 2.8229e+14
3896.6631 2.8235e+14 2.8229e+14
3896.6741 2.8235e+14 2.8229e+14
3896.6851 2.8235e+14 2.8229e+14
3896.6960 2.8235e+14 2.8229e+14
3896.7070 2.8235e+14 2.8229e+14
3896.7180 2.8236e+14 2.8229e+14
3896.7290 2.8236e+14 2.8229e+14
3896.7399 2.8236e+14 2.8230e+14
3896.7509 2.8236e+14 2.8230e+14
3896.7619 2.8236e+14 2.8230e+14
3896.7728 2.8236e+14 2.8230e+14
3896.7838 2.8236e+14 2.8230e+14
3896.7948 2.8236e+14 2.8230e+14
3896.8058 2.8236e+14 2.8230e+14
3896.8167 2.8236e+14 2.8230e+14
3896.8277 2.8236e+14 2.8230e+14
3896.8387 2.8237e+14 2.8230e+14
3896.8496 2.8237e+14 2.8231e+14
3896.8606 2.8237e+14 2.8231e+14
3896.8716 2.8237e+14 2.8231e+14
3896.8826 2.8237e+14 2.8231e+14
3896.8935 2.8237e+14 2.8231e+14
3896.9045 2.8237e+14 2.8231e+14
3896.9155 2.8237e+14 2.8231e+14
3896.9264 2.8237e+14 2.8231e+14
3896.9374 2.8237e+14 2.8231e+14
3896.9484 2.8237e+14 2.8231e+14
3896.9593 2.8238e+14 2.8231e+14
3896.9703 2.8238e+14 2.8232e+14
3896.9813 2.8238e+14 2.8232e+14
3896.9923 2.8238e+14 2.8232e+14
3897.0032 2.8238e+14 2.8232e+14
3897.0142 2.8238e+14 2.8232e+14
3897.0252 2.8238e+14 2.8232e+14
3897.0361 2.8238e+14 2.8232e+14
3897.0471 2.8238e+14 2.8232e+14
3897.0581 2.8238e+14 2.8232e+14
3897.0691 2.8239e+14 2.8232e+14
3897.0800 2.8239e+14 2.8233e+14
3897.0910 2.8239e+14 2.8233e+14
3897.1020 2.8239e+14 2.8233e+14
3897.1129 2.8239e+14 2.8233e+14
3897.1239 2.8239e+14 2.8233e+14
3897.1349 2.8239e+14 2.8233e+14
3897.1459 2.8239e+14 2.8233e+14
3897.1568 2.8239e+14 2.8233e+14
3897.1678 2.8239e+14 2.8233e+14
3897.1788 2.8239e+14 2.8233e+14
3897.1897 2.8240e+14 2.8233e+14
3897.2007 2.8240e+14 2.8234e+14
3897.2117 2.8240e+14 2.8234e+14
3897.2226 2.8240e+14 2.8234e+14
3897.2336 2.8240e+14 2.8234e+14
3897.2446 2.8240e+14 2.8234e+14
3897.2556 2.8240e+14 2.8234e+14
3897.2665 2.8240e+14 2.8234e+14
3897.2775 2.8240e+14 2.8234e+14
3897.2885 2.8240e+14 2.8234e+14
3897.2994 2.8240e+14 2.8234e+14
3897.3104 2.8241e+14 2.8234e+14
3897.3214 2.8241e+14 2.8235e+14
3897.3324 2.8241e+14 2.8235e+14
3897.3433 2.8241e+14 2.8235e+14
3897.3543 2.8241e+14 2.8235e+14
3897.3653 2.8241e+14 2.8235e+14
3897.3762 2.8241e+14 2.8235e+14
3897.3872 2.8241e+14 2.8235e+14
3897.3982 2.8241e+14 2.8235e+14
3897.4092 2.8241e+14 2.8235e+14
3897.4201 2.8241e+14 2.8235e+14
3897.4311 2.8242e+14 2.8236e+14
3897.4421 2.8242e+14 2.8236e+14
3897.4530 2.8242e+14 2.8236e+14
3897.4640 2.8242e+14 2.8236e+14
3897.4750 2.8242e+14 2.8236e+14
3897.4859 2.8242e+14 2.8236e+14
3897.4969 2.8242e+14 2.8236e+14
3897.5079 2.8242e+14 2.8236e+14
3897.5189 2.8242e+14 2.8236e+14
3897.5298 2.8242e+14 2.8236e+14
3897.5408 2.8242e+14 2.8236e+14
3897.5518 2.8243e+14 2.8237e+14
3897.5627 2.8243e+14 2.8237e+14
3897.5737 2.8243e+14 2.8237e+14
3897.5847 2.8243e+14 2.8237e+14
3897.5957 2.8243e+14 2.8237e+14
3897.6066 2.8243e+14 2.8237e+14
3897.6176 2.8243e+14 2.8237e+14
3897.6286 2.8243e+14 2.8237e+14
3897.6395 2.8243e+14 2.8237e+14
3897.6505 2.8243e+14 2.8237e+14
3897.6615 2.8244e+14 2.8238e+14
3897.6725 2.8244e+14 2.8238e+14
3897.6834 2.8244e+14 2.8238e+14
3897.6944 2.8244e+14 2.8238e+14
3897.7054 2.8244e+14 2.8238e+14
3897.7163 2.8244e+14 2.8238e+14
3897.7273 2.8244e+14 2.8238e+14
3897.7383 2.8244e+14 2.8238e+14
3897.7492 2.8244e+14 2.8238e+14
3897.7602 2.8244e+14 2.8238e+14
3897.7712 2.8244e+14 2.8238e+14
3897.7822 2.8245e+14 2.8239e+14
3897.7931 2.8245e+14 2.8239e+14
3897.8041 2.8245e+14 2.8239e+14
3897.8151 2.8245e+14 2.8239e+14
3897.8260 2.8245e+14 2.8239e+14
3897.8370 2.8245e+14 2.8239e+14
3897.8480 2.8245e+14 2.8239e+14
3897.8590 2.8245e+14 2.8239e+14
3897.8699 2.8245e+14 2.8239e+14
3897.8809 2.8245e+14 2.8239e+14
3897.8919 2.8245e+14 2.8240e+14
3897.9028 2.8246e+14 2.8240e+14
3897.9138 2.8246e+14 2.8240e+14
3897.9248 2.8246e+14 2.8240e+14
3897.9358 2.8246e+14 2.8240e+14
3897.9467 2.8246e+14 2.8240e+14
3897.9577 2.8246e+14 2.8240e+14
3897.9687 2.8246e+14 2.8240e+14
3897.9796 2.8246e+14 2.8240e+14
3897.9906 2.8246e+14 2.8240e+14
3898.0016 2.8246e+14 2.8240e+14
3898.0125 2.8246e+14 2.8241e+14
3898.0235 2.8247e+14 2.8241e+14
3898.0345 2.8247e+14 2.8241e+14
3898.0455 2.8247e+14 2.8241e+14
3898.0564 2.8247e+14 2.8241e+14
3898.0674 2.8247e+14 2.8241e+14
3898.0784 2.8247e+14 2.8241e+14
3898.0893 2.8247e+14 2.8241e+14
3898.1003 2.8247e+14 2.8241e+14
3898.1113 2.8247e+14 2.8241e+14
3898.1223 2.8247e+14 2.8242e+14
3898.1332 2.8247e+14 2.8242e+14
3898.1442 2.8248e+14 2.8242e+14
3898.1552 2.8248e+14 2.8242e+14
3898.1661 2.8248e+14 2.8242e+14
3898.1771 2.8248e+14 2.8242e+14
3898.1881 2.8248e+14 2.8242e+14
3898.1991 2.8248e+14 2.8242e+14
3898.2100 2.8248e+14 2.8242e+14
3898.2210 2.8248e+14 2.8242e+14
3898.2320 2.8248e+14 2.8242e+14
3898.2429 2.8248e+14 2.8243e+14
3898.2539 2.8249e+14 2.8243e+14
3898.2649 2.8249e+14 2.8243e+14
3898.2758 2.8249e+14 2.8243e+14
3898.2868 2.8249e+14 2.8243e+14
3898.2978 2.8249e+14 2.8243e+14
3898.3088 2.8249e+14 2.8243e+14
3898.3197 2.8249e+14 2.8243e+14
3898.3307 2.8249e+14 2.8243e+14
3898.3417 2.8249e+14 2.8243e+14
3898.3526 2.8249e+14 2.8244e+14
3898.3636 2.8249e+14 2.8244e+14
3898.3746 2.8250e+14 2.8244e+14
3898.3856 2.8250e+14 2.8244e+14
3898.3965 2.8250e+14 2.8244e+14
3898.4075 2.8250e+14 2.8244e+14
3898.4185 2.8250e+14 2.8244e+14
3898.4294 2.8250e+14 2.8244e+14
3898.4404 2.8250e+14 2.8244e+14
3898.4514 2.8250e+14 2.8244e+14
3898.4624 2.8250e+14 2.8244e+14
3898.4733 2.8250e+14 2.8245e+14
3898.4843 2.8250e+14 2.8245e+14
3898.4953 2.8251e+14 2.8245e+14
3898.5062 2.8251e+14 2.8245e+14
3898.5172 2.8251e+14 2.8245e+14
3898.5282 2.8251e+14 2.8245e+14
3898.5391 2.8251e+14 2.8245e+14
3898.5501 2.8251e+14 2.8245e+14
3898.5611 2.8251e+14 2.8245e+14
3898.5721 2.8251e+14 2.8245e+14
3898.5830 2.8251e+14 2.8245e+14
3898.5940 2.8251e+14 2.8246e+14
3898.6050 2.8251e+14 2.8246e+14
3898.6159 2.8252e+14 2.8246e+14
3898.6269 2.8252e+14 2.8246e+14
3898.6379 2.8252e+14 2.8246e+14
3898.6489 2.8252e+14 2.8246e+14
3898.6598 2.8252e+14 2.8246e+14
3898.6708 2.8252e+14 2.8246e+14
3898.6818 2.8252e+14 2.8246e+14
3898.6927 2.8252e+14 2.8246e+14
3898.7037 2.8252e+14 2.8247e+14
3898.7147 2.8252e+14 2.8247e+14
3898.7257 2.8252e+14 2.8247e+14
3898.7366 2.8253e+14 2.8247e+14
3898.7476 2.8253e+14 2.8247e+14
3898.7586 2.8253e+14 2.8247e+14
3898.7695 2.8253e+14 2.8247e+14
3898.7805 2.8253e+14 2.8247e+14
3898.7915 2.8253e+14 2.8247e+14
3898.8025 2.8253e+14 2.8247e+14
3898.8134 2.8253e+14 2.8247e+14
3898.8244 2.8253e+14 2.8248e+14
3898.8354 2.8253e+14 2.8248e+14
3898.8463 2.8254e+14 2.8248e+14
3898.8573 2.8254e+14 2.8248e+14
3898.8683 2.8254e+14 2.8248e+14
3898.8792 2.8254e+14 2.8248e+14
3898.8902 2.8254e+14 2.8248e+14
3898.9012 2.8254e+14 2.8248e+14
3898.9122 2.8254e+14 2.8248e+14
3898.9231 2.8254e+14 2.8248e+14
3898.9341 2.8254e+14 2.8249e+14
3898.9451 2.8254e+14 2.8249e+14
3898.9560 2.8254e+14 2.8249e+14
3898.9670 2.8255e+14 2.8249e+14
3898.9780 2.8255e+14 2.8249e+14
3898.9890 2.8255e+14 2.8249e+14
3898.9999 2.8255e+14 2.8249e+14
3899.0109 2.8255e+14 2.8249e+14
3899.0219 2.8255e+14 2.8249e+14
3899.0328 2.8255e+14 2.8249e+14
3899.0438 2.8255e+14 2.8249e+14
3899.0548 2.8255e+14 2.8250e+14
3899.0658 2.8255e+14 2.8250e+14
3899.0767 2.8255e+14 2.8250e+14
3899.0877 2.8256e+14 2.8250e+14
3899.0987 2.8256e+14 2.8250e+14
3899.1096 2.8256e+14 2.8250e+14
3899.1206 2.8256e+14 2.8250e+14
3899.1316 2.8256e+14 2.8250e+14
3899.1425 2.8256e+14 2.8250e+14
3899.1535 2.8256e+14 2.8250e+14
3899.1645 2.8256e+14 2.8251e+14
3899.1755 2.8256e+14 2.8251e+14
3899.1864 2.8256e+14 2.8251e+14
3899.1974 2.8256e+14 2.8251e+14
3899.2084 2.8257e+14 2.8251e+14
3899.2193 2.8257e+14 2.8251e+14
3899.2303 2.8257e+14 2.8251e+14
3899.2413 2.8257e+14 2.8251e+14
3899.2523 2.8257e+14 2.8251e+14
3899.2632 2.8257e+14 2.8251e+14
3899.2742 2.8257e+14 2.8251e+14
3899.2852 2.8257e+14 2.8252e+14
3899.2961 2.8257e+14 2.8252e+14
3899.3071 2.8257e+14 2.8252e+14
3899.3181 2.8257e+14 2.8252e+14
3899.3291 2.8258e+14 2.8252e+14
3899.3400 2.8258e+14 2.8252e+14
3899.3510 2.8258e+14 2.8252e+14
3899.3620 2.8258e+14 2.8252e+14
3899.3729 2.8258e+14 2.8252e+14
3899.3839 2.8258e+14 2.8252e+14
3899.3949 2.8258e+14 2.8253e+14
3899.4058 2.8258e+14 2.8253e+14
3899.4168 2.8258e+14 2.8253e+14
3899.4278 2.8258e+14 2.8253e+14
3899.4388 2.8259e+14 2.8253e+14
3899.4497 2.8259e+14 2.8253e+14
3899.4607 2.8259e+14 2.8253e+14
3899.4717 2.8259e+14 2.8253e+14
3899.4826 2.8259e+14 2.8253e+14
3899.4936 2.8259e+14 2.8253e+14
3899.5046 2.8259e+14 2.8253e+14
3899.5156 2.8259e+14 2.8254e+14
3899.5265 2.8259e+14 2.8254e+14
3899.5375 2.8259e+14 2.8254e+14
3899.5485 2.8259e+14 2.8254e+14
3899.5594 2.8260e+14 2.8254e+14
3899.5704 2.8260e+14 2.8254e+14
3899.5814 2.8260e+14 2.8254e+14
3899.5924 2.8260e+14 2.8254e+14
3899.6033 2.8260e+14 2.8254e+14
3899.6143 2.8260e+14 2.8254e+14
3899.6253 2.8260e+14 2.8255e+14
3899.6362 2.8260e+14 2.8255e+14
3899.6472 2.8260e+14 2.8255e+14
3899.6582 2.8260e+14 2.8255e+14
3899.6691 2.8260e+14 2.8255e+14
3899.6801 2.8261e+14 2.8255e+14
3899.6911 2.8261e+14 2.8255e+14
3899.7021 2.8261e+14 2.8255e+14
3899.7130 2.8261e+14 2.8255e+14
3899.7240 2.8261e+14 2.8255e+14
3899.7350 2.8261e+14 2.8255e+14
3899.7459 2.8261e+14 2.8256e+14
3899.7569 2.8261e+14 2.8256e+14
3899.7679 2.8261e+14 2.8256e+14
3899.7789 2.8261e+14 2.8256e+14
3899.7898 2.8261e+14 2.8256e+14
3899.8008 2.8262e+14 2.8256e+14
3899.8118 2.8262e+14 2.8256e+14
3899.8227 2.8262e+14 2.8256e+14
3899.8337 2.8262e+14 2.8256e+14
3899.8447 2.8262e+14 2.8256e+14
3899.8557 2.8262e+14 2.8256e+14
3899.8666 2.8262e+14 2.8257e+14
3899.8776 2.8262e+14 2.8257e+14
3899.8886 2.8262e+14 2.8257e+14
3899.8995 2.8262e+14 2.8257e+14
3899.9105 2.8262e+14 2.8257e+14
3899.9215 2.8263e+14 2.8257e+14
3899.9324 2.8263e+14 2.8257e+14
3899.9434 2.8263e+14 2.8257e+14
3899.9544 2.8263e+14 2.8257e+14
3899.9654 2.8263e+14 2.8257e+14
