# Wavelength(Å) I_cont(erg/s/cm2/Å/sr) I_abs(erg/s/cm2/Å/sr)
3876.3383 1.3276e+15 6.0849e+14
3876.3510 1.3276e+15 6.0823e+14
3876.3636 1.3276e+15 6.0797e+14
3876.3763 1.3276e+15 6.0771e+14
3876.3890 1.3276e+15 6.0745e+14
3876.4016 1.3276e+15 6.0719e+14
3876.4143 1.3276e+15 6.0693e+14
3876.4270 1.3276e+15 6.0668e+14
3876.4396 1.3276e+15 6.0642e+14
3876.4523 1.3276e+15 6.0616e+14
3876.4650 1.3276e+15 6.0590e+14
3876.4776 1.3276e+15 6.0564e+14
3876.4903 1.3276e+15 6.0539e+14
3876.5030 1.3276e+15 6.0513e+14
3876.5156 1.3276e+15 6.0487e+14
3876.5283 1.3276e+15 6.0461e+14
3876.5410 1.3276e+15 6.0435e+14
3876.5536 1.3276e+15 6.0410e+14
3876.5663 1.3276e+15 6.0384e+14
3876.5790 1.3276e+15 6.0358e+14
3876.5917 1.3276e+15 6.0332e+14
3876.6043 1.3276e+15 6.0307e+14
3876.6170 1.3276e+15 6.0281e+14
3876.6297 1.3276e+15 6.0255e+14
3876.6423 1.3276e+15 6.0230e+14
3876.6550 1.3276e+15 6.0204e+14
3876.6677 1.3276e+15 6.0178e+14
3876.6803 1.3276e+15 6.0153e+14
3876.6930 1.3276e+15 6.0127e+14
3876.7057 1.3276e+15 6.0101e+14
3876.7183 1.3276e+15 6.0076e+14
3876.7310 1.3276e+15 6.0050e+14
3876.7437 1.3276e+15 6.0024e+14
3876.7563 1.3276e+15 5.9999e+14
3876.7690 1.3276e+15 5.9973e+14
3876.7817 1.3276e+15 5.9948e+14
3876.7943 1.3276e+15 5.9922e+14
3876.8070 1.3276e+15 5.9897e+14
3876.8197 1.3276e+15 5.9871e+14
3876.8323 1.3276e+15 5.9845e+14
3876.8450 1.3276e+15 5.9820e+14
3876.8577 1.3276e+15 5.9794e+14
3876.8704 1.3276e+15 5.9769e+14
3876.8830 1.3276e+15 5.9743e+14
3876.8957 1.3276e+15 5.9718e+14
3876.9084 1.3276e+15 5.9692e+14
3876.9210 1.3276e+15 5.9667e+14
3876.9337 1.3276e+15 5.9642e+14
3876.9464 1.3276e+15 5.9616e+14
3876.9590 1.3276e+15 5.9591e+14
3876.9717 1.3276e+15 5.9565e+14
3876.9844 1.3276e+15 5.9540e+14
3876.9970 1.3276e+15 5.9514e+14
3877.0097 1.3276e+15 5.9489e+14
3877.0224 1.3276e+15 5.9464e+14
3877.0350 1.3276e+15 5.9438e+14
3877.0477 1.3276e+15 5.9413e+14
3877.0604 1.3276e+15 5.9388e+14
3877.0730 1.3276e+15 5.9362e+14
3877.0857 1.3275e+15 5.9337e+14
3877.0984 1.3275e+15 5.9312e+14
3877.1110 1.3275e+15 5.9286e+14
3877.1237 1.3275e+15 5.9261e+14
3877.1364 1.3275e+15 5.9236e+14
3877.1490 1.3275e+15 5.9210e+14
3877.1617 1.3275e+15 5.9185e+14
3877.1744 1.3275e+15 5.9160e+14
3877.1871 1.3275e+15 5.9135e+14
3877.1997 1.3275e+15 5.9109e+14
3877.2124 1.3275e+15 5.9084e+14
3877.2251 1.3275e+15 5.9059e+14
3877.2377 1.3275e+15 5.9034e+14
3877.2504 1.3275e+15 5.9009e+14
3877.2631 1.3275e+15 5.8983e+14
3877.2757 1.3275e+15 5.8958e+14
3877.2884 1.3275e+15 5.8933e+14
3877.3011 1.3275e+15 5.8908e+14
3877.3137 1.3275e+15 5.8883e+14
3877.3264 1.3275e+15 5.8858e+14
3877.3391 1.3275e+15 5.8833e+14
3877.3517 1.3275e+15 5.8808e+14
3877.3644 1.3275e+15 5.8782e+14
3877.3771 1.3275e+15 5.8757e+14
3877.3897 1.3275e+15 5.8732e+14
3877.4024 1.3275e+15 5.8707e+14
3877.4151 1.3275e+15 5.8682e+14
3877.4277 1.3275e+15 5.8657e+14
3877.4404 1.3275e+15 5.8632e+14
3877.4531 1.3275e+15 5.8607e+14
3877.4657 1.3275e+15 5.8582e+14
3877.4784 1.3275e+15 5.8557e+14
3877.4911 1.3275e+15 5.8532e+14
3877.5038 1.3275e+15 5.8507e+14
3877.5164 1.3275e+15 5.8482e+14
3877.5291 1.3275e+15 5.8457e+14
3877.5418 1.3275e+15 5.8433e+14
3877.5544 1.3275e+15 5.8408e+14
3877.5671 1.3275e+15 5.8383e+14
3877.5798 1.3275e+15 5.8358e+14
3877.5924 1.3275e+15 5.8333e+14
3877.6051 1.3275e+15 5.8308e+14
3877.6178 1.3275e+15 5.8283e+14
3877.6304 1.3275e+15 5.8259e+14
3877.6431 1.3275e+15 5.8234e+14
3877.6558 1.3275e+15 5.8209e+14
3877.6684 1.3275e+15 5.8184e+14
3877.6811 1.3275e+15 5.8159e+14
3877.6938 1.3275e+15 5.8135e+14
3877.7064 1.3275e+15 5.8110e+14
3877.7191 1.3275e+15 5.8085e+14
3877.7318 1.3275e+15 5.8060e+14
3877.7444 1.3275e+15 5.8036e+14
3877.7571 1.3275e+15 5.8011e+14
3877.7698 1.3275e+15 5.7986e+14
3877.7824 1.3275e+15 5.7962e+14
3877.7951 1.3275e+15 5.7937e+14
3877.8078 1.3275e+15 5.7912e+14
3877.8205 1.3275e+15 5.7888e+14
3877.8331 1.3275e+15 5.7863e+14
3877.8458 1.3275e+15 5.7838e+14
3877.8585 1.3275e+15 5.7814e+14
3877.8711 1.3275e+15 5.7789e+14
3877.8838 1.3275e+15 5.7765e+14
3877.8965 1.3275e+15 5.7740e+14
3877.9091 1.3275e+15 5.7716e+14
3877.9218 1.3275e+15 5.7691e+14
3877.9345 1.3275e+15 5.7667e+14
3877.9471 1.3275e+15 5.7642e+14
3877.9598 1.3275e+15 5.7618e+14
3877.9725 1.3275e+15 5.7593e+14
3877.9851 1.3275e+15 5.7569e+14
3877.9978 1.3274e+15 5.7544e+14
3878.0105 1.3274e+15 5.7520e+14
3878.0231 1.3274e+15 5.7495e+14
3878.0358 1.3274e+15 5.7471e+14
3878.0485 1.3274e+15 5.7447e+14
3878.0611 1.3274e+15 5.7422e+14
3878.0738 1.3274e+15 5.7398e+14
3878.0865 1.3274e+15 5.7374e+14
3878.0992 1.3274e+15 5.7349e+14
3878.1118 1.3274e+15 5.7325e+14
3878.1245 1.3274e+15 5.7301e+14
3878.1372 1.3274e+15 5.7276e+14
3878.1498 1.3274e+15 5.7252e+14
3878.1625 1.3274e+15 5.7228e+14
3878.1752 1.3274e+15 5.7204e+14
3878.1878 1.3274e+15 5.7179e+14
3878.2005 1.3274e+15 5.7155e+14
3878.2132 1.3274e+15 5.7131e+14
3878.2258 1.3274e+15 5.7107e+14
3878.2385 1.3274e+15 5.7083e+14
3878.2512 1.3274e+15 5.7058e+14
3878.2638 1.3274e+15 5.7034e+14
3878.2765 1.3274e+15 5.7010e+14
3878.2892 1.3274e+15 5.6986e+14
3878.3018 1.3274e+15 5.6962e+14
3878.3145 1.3274e+15 5.6938e+14
3878.3272 1.3274e+15 5.6914e+14
3878.3398 1.3274e+15 5.6890e+14
3878.3525 1.3274e+15 5.6866e+14
3878.3652 1.3274e+15 5.6842e+14
3878.3778 1.3274e+15 5.6818e+14
3878.3905 1.3274e+15 5.6794e+14
3878.4032 1.3274e+15 5.6770e+14
3878.4159 1.3274e+15 5.6746e+14
3878.4285 1.3274e+15 5.6722e+14
3878.4412 1.3274e+15 5.6698e+14
3878.4539 1.3274e+15 5.6674e+14
3878.4665 1.3274e+15 5.6650e+14
3878.4792 1.3274e+15 5.6626e+14
3878.4919 1.3274e+15 5.6602e+14
3878.5045 1.3274e+15 5.6578e+14
3878.5172 1.3274e+15 5.6554e+14
3878.5299 1.3274e+15 5.6531e+14
3878.5425 1.3274e+15 5.6507e+14
3878.5552 1.3274e+15 5.6483e+14
3878.5679 1.3274e+15 5.6459e+14
3878.5805 1.3274e+15 5.6435e+14
3878.5932 1.3274e+15 5.6412e+14
3878.6059 1.3274e+15 5.6388e+14
3878.6185 1.3274e+15 5.6364e+14
3878.6312 1.3274e+15 5.6340e+14
3878.6439 1.3274e+15 5.6317e+14
3878.6565 1.3274e+15 5.6293e+14
3878.6692 1.3274e+15 5.6269e+14
3878.6819 1.3274e+15 5.6246e+14
3878.6945 1.3274e+15 5.6222e+14
3878.7072 1.3274e+15 5.6199e+14
3878.7199 1.3274e+15 5.6175e+14
3878.7326 1.3274e+15 5.6151e+14
3878.7452 1.3274e+15 5.6128e+14
3878.7579 1.3274e+15 5.6104e+14
3878.7706 1.3274e+15 5.6081e+14
3878.7832 1.3274e+15 5.6057e+14
3878.7959 1.3274e+15 5.6034e+14
3878.8086 1.3274e+15 5.6010e+14
3878.8212 1.3274e+15 5.5987e+14
3878.8339 1.3274e+15 5.5963e+14
3878.8466 1.3274e+15 5.5940e+14
3878.8592 1.3274e+15 5.5916e+14
3878.8719 1.3274e+15 5.5893e+14
3878.8846 1.3274e+15 5.5870e+14
3878.8972 1.3274e+15 5.5846e+14
3878.9099 1.3274e+15 5.5823e+14
3878.9226 1.3273e+15 5.5800e+14
3878.9352 1.3273e+15 5.5776e+14
3878.9479 1.3273e+15 5.5753e+14
3878.9606 1.3273e+15 5.5730e+14
3878.9732 1.3273e+15 5.5706e+14
3878.9859 1.3273e+15 5.5683e+14
3878.9986 1.3273e+15 5.5660e+14
3879.0112 1.3273e+15 5.5637e+14
3879.0239 1.3273e+15 5.5613e+14
3879.0366 1.3273e+15 5.5590e+14
3879.0493 1.3273e+15 5.5567e+14
3879.0619 1.3273e+15 5.5544e+14
3879.0746 1.3273e+15 5.5521e+14
3879.0873 1.3273e+15 5.5498e+14
3879.0999 1.3273e+15 5.5475e+14
3879.1126 1.3273e+15 5.5452e+14
3879.1253 1.3273e+15 5.5428e+14
3879.1379 1.3273e+15 5.5405e+14
3879.1506 1.3273e+15 5.5382e+14
3879.1633 1.3273e+15 5.5359e+14
3879.1759 1.3273e+15 5.5336e+14
3879.1886 1.3273e+15 5.5313e+14
3879.2013 1.3273e+15 5.5290e+14
3879.2139 1.3273e+15 5.5268e+14
3879.2266 1.3273e+15 5.5245e+14
3879.2393 1.3273e+15 5.5222e+14
3879.2519 1.3273e+15 5.5199e+14
3879.2646 1.3273e+15 5.5176e+14
3879.2773 1.3273e+15 5.5153e+14
3879.2899 1.3273e+15 5.5130e+14
3879.3026 1.3273e+15 5.5107e+14
3879.3153 1.3273e+15 5.5085e+14
3879.3280 1.3273e+15 5.5062e+14
3879.3406 1.3273e+15 5.5039e+14
3879.3533 1.3273e+15 5.5016e+14
3879.3660 1.3273e+15 5.4994e+14
3879.3786 1.3273e+15 5.4971e+14
3879.3913 1.3273e+15 5.4948e+14
3879.4040 1.3273e+15 5.4925e+14
3879.4166 1.3273e+15 5.4903e+14
3879.4293 1.3273e+15 5.4880e+14
3879.4420 1.3273e+15 5.4858e+14
3879.4546 1.3273e+15 5.4835e+14
3879.4673 1.3273e+15 5.4812e+14
3879.4800 1.3273e+15 5.4790e+14
3879.4926 1.3273e+15 5.4767e+14
3879.5053 1.3273e+15 5.4745e+14
3879.5180 1.3273e+15 5.4722e+14
3879.5306 1.3273e+15 5.4700e+14
3879.5433 1.3273e+15 5.4677e+14
3879.5560 1.3273e+15 5.4655e+14
3879.5686 1.3273e+15 5.4632e+14
3879.5813 1.3273e+15 5.4610e+14
3879.5940 1.3273e+15 5.4587e+14
3879.6066 1.3273e+15 5.4565e+14
3879.6193 1.3273e+15 5.4543e+14
3879.6320 1.3273e+15 5.4520e+14
3879.6447 1.3273e+15 5.4498e+14
3879.6573 1.3273e+15 5.4476e+14
3879.6700 1.3273e+15 5.4453e+14
3879.6827 1.3273e+15 5.4431e+14
3879.6953 1.3273e+15 5.4409e+14
3879.7080 1.3273e+15 5.4387e+14
3879.7207 1.3273e+15 5.4364e+14
3879.7333 1.3273e+15 5.4342e+14
3879.7460 1.3273e+15 5.4320e+14
3879.7587 1.3273e+15 5.4298e+14
3879.7713 1.3273e+15 5.4276e+14
3879.7840 1.3273e+15 5.4254e+14
3879.7967 1.3273e+15 5.4232e+14
3879.8093 1.3273e+15 5.4210e+14
3879.8220 1.3273e+15 5.4187e+14
3879.8347 1.3272e+15 5.4165e+14
3879.8473 1.3272e+15 5.4143e+14
3879.8600 1.3272e+15 5.4121e+14
3879.8727 1.3272e+15 5.4099e+14
3879.8853 1.3272e+15 5.4077e+14
3879.8980 1.3272e+15 5.4056e+14
3879.9107 1.3272e+15 5.4034e+14
3879.9233 1.3272e+15 5.4012e+14
3879.9360 1.3272e+15 5.3990e+14
3879.9487 1.3272e+15 5.3968e+14
3879.9614 1.3272e+15 5.3946e+14
3879.9740 1.3272e+15 5.3924e+14
3879.9867 1.3272e+15 5.3902e+14
3879.9994 1.3272e+15 5.3881e+14
3880.0120 1.3272e+15 5.3859e+14
3880.0247 1.3272e+15 5.3837e+14
3880.0374 1.3272e+15 5.3815e+14
3880.0500 1.3272e+15 5.3794e+14
3880.0627 1.3272e+15 5.3772e+14
3880.0754 1.3272e+15 5.3750e+14
3880.0880 1.3272e+15 5.3729e+14
3880.1007 1.3272e+15 5.3707e+14
3880.1134 1.3272e+15 5.3686e+14
3880.1260 1.3272e+15 5.3664e+14
3880.1387 1.3272e+15 5.3642e+14
3880.1514 1.3272e+15 5.3621e+14
3880.1640 1.3272e+15 5.3599e+14
3880.1767 1.3272e+15 5.3578e+14
3880.1894 1.3272e+15 5.3556e+14
3880.2020 1.3272e+15 5.3535e+14
3880.2147 1.3272e+15 5.3513e+14
3880.2274 1.3272e+15 5.3492e+14
3880.2400 1.3272e+15 5.3471e+14
3880.2527 1.3272e+15 5.3449e+14
3880.2654 1.3272e+15 5.3428e+14
3880.2781 1.3272e+15 5.3407e+14
3880.2907 1.3272e+15 5.3385e+14
3880.3034 1.3272e+15 5.3364e+14
3880.3161 1.3272e+15 5.3343e+14
3880.3287 1.3272e+15 5.3321e+14
3880.3414 1.3272e+15 5.3300e+14
3880.3541 1.3272e+15 5.3279e+14
3880.3667 1.3272e+15 5.3258e+14
3880.3794 1.3272e+15 5.3237e+14
3880.3921 1.3272e+15 5.3215e+14
3880.4047 1.3272e+15 5.3194e+14
3880.4174 1.3272e+15 5.3173e+14
3880.4301 1.3272e+15 5.3152e+14
3880.4427 1.3272e+15 5.3131e+14
3880.4554 1.3272e+15 5.3110e+14
3880.4681 1.3272e+15 5.3089e+14
3880.4807 1.3272e+15 5.3068e+14
3880.4934 1.3272e+15 5.3047e+14
3880.5061 1.3272e+15 5.3026e+14
3880.5187 1.3272e+15 5.3005e+14
3880.5314 1.3272e+15 5.2984e+14
3880.5441 1.3272e+15 5.2963e+14
3880.5568 1.3272e+15 5.2942e+14
3880.5694 1.3272e+15 5.2922e+14
3880.5821 1.3272e+15 5.2901e+14
3880.5948 1.3272e+15 5.2880e+14
3880.6074 1.3272e+15 5.2859e+14
3880.6201 1.3272e+15 5.2838e+14
3880.6328 1.3272e+15 5.2818e+14
3880.6454 1.3272e+15 5.2797e+14
3880.6581 1.3272e+15 5.2776e+14
3880.6708 1.3272e+15 5.2756e+14
3880.6834 1.3272e+15 5.2735e+14
3880.6961 1.3272e+15 5.2714e+14
3880.7088 1.3272e+15 5.2694e+14
3880.7214 1.3272e+15 5.2673e+14
3880.7341 1.3272e+15 5.2653e+14
3880.7468 1.3272e+15 5.2632e+14
3880.7594 1.3271e+15 5.2611e+14
3880.7721 1.3271e+15 5.2591e+14
3880.7848 1.3271e+15 5.2571e+14
3880.7974 1.3271e+15 5.2550e+14
3880.8101 1.3271e+15 5.2530e+14
3880.8228 1.3271e+15 5.2509e+14
3880.8354 1.3271e+15 5.2489e+14
3880.8481 1.3271e+15 5.2468e+14
3880.8608 1.3271e+15 5.2448e+14
3880.8735 1.3271e+15 5.2428e+14
3880.8861 1.3271e+15 5.2408e+14
3880.8988 1.3271e+15 5.2387e+14
3880.9115 1.3271e+15 5.2367e+14
3880.9241 1.3271e+15 5.2347e+14
3880.9368 1.3271e+15 5.2327e+14
3880.9495 1.3271e+15 5.2306e+14
3880.9621 1.3271e+15 5.2286e+14
3880.9748 1.3271e+15 5.2266e+14
3880.9875 1.3271e+15 5.2246e+14
3881.0001 1.3271e+15 5.2226e+14
3881.0128 1.3271e+15 5.2206e+14
3881.0255 1.3271e+15 5.2186e+14
3881.0381 1.3271e+15 5.2166e+14
3881.0508 1.3271e+15 5.2146e+14
3881.0635 1.3271e+15 5.2126e+14
3881.0761 1.3271e+15 5.2106e+14
3881.0888 1.3271e+15 5.2086e+14
3881.1015 1.3271e+15 5.2066e+14
3881.1141 1.3271e+15 5.2046e+14
3881.1268 1.3271e+15 5.2026e+14
3881.1395 1.3271e+15 5.2006e+14
3881.1521 1.3271e+15 5.1987e+14
3881.1648 1.3271e+15 5.1967e+14
3881.1775 1.3271e+15 5.1947e+14
3881.1902 1.3271e+15 5.1927e+14
3881.2028 1.3271e+15 5.1908e+14
3881.2155 1.3271e+15 5.1888e+14
3881.2282 1.3271e+15 5.1868e+14
3881.2408 1.3271e+15 5.1849e+14
3881.2535 1.3271e+15 5.1829e+14
3881.2662 1.3271e+15 5.1809e+14
3881.2788 1.3271e+15 5.1790e+14
3881.2915 1.3271e+15 5.1770e+14
3881.3042 1.3271e+15 5.1751e+14
3881.3168 1.3271e+15 5.1731e+14
3881.3295 1.3271e+15 5.1712e+14
3881.3422 1.3271e+15 5.1692e+14
3881.3548 1.3271e+15 5.1673e+14
3881.3675 1.3271e+15 5.1653e+14
3881.3802 1.3271e+15 5.1634e+14
3881.3928 1.3271e+15 5.1615e+14
3881.4055 1.3271e+15 5.1595e+14
3881.4182 1.3271e+15 5.1576e+14
3881.4308 1.3271e+15 5.1557e+14
3881.4435 1.3271e+15 5.1537e+14
3881.4562 1.3271e+15 5.1518e+14
3881.4688 1.3271e+15 5.1499e+14
3881.4815 1.3271e+15 5.1480e+14
3881.4942 1.3271e+15 5.1461e+14
3881.5069 1.3271e+15 5.1441e+14
3881.5195 1.3271e+15 5.1422e+14
3881.5322 1.3271e+15 5.1403e+14
3881.5449 1.3271e+15 5.1384e+14
3881.5575 1.3271e+15 5.1365e+14
3881.5702 1.3271e+15 5.1346e+14
3881.5829 1.3271e+15 5.1327e+14
3881.5955 1.3271e+15 5.1308e+14
3881.6082 1.3271e+15 5.1289e+14
3881.6209 1.3271e+15 5.1270e+14
3881.6335 1.3271e+15 5.1251e+14
3881.6462 1.3271e+15 5.1233e+14
3881.6589 1.3271e+15 5.1214e+14
3881.6715 1.3270e+15 5.1195e+14
3881.6842 1.3270e+15 5.1176e+14
3881.6969 1.3270e+15 5.1157e+14
3881.7095 1.3270e+15 5.1139e+14
3881.7222 1.3270e+15 5.1120e+14
3881.7349 1.3270e+15 5.1101e+14
3881.7475 1.3270e+15 5.1082e+14
3881.7602 1.3270e+15 5.1064e+14
3881.7729 1.3270e+15 5.1045e+14
3881.7856 1.3270e+15 5.1027e+14
3881.7982 1.3270e+15 5.1008e+14
3881.8109 1.3270e+15 5.0989e+14
3881.8236 1.3270e+15 5.0971e+14
3881.8362 1.3270e+15 5.0952e+14
3881.8489 1.3270e+15 5.0934e+14
3881.8616 1.3270e+15 5.0916e+14
3881.8742 1.3270e+15 5.0897e+14
3881.8869 1.3270e+15 5.0879e+14
3881.8996 1.3270e+15 5.0860e+14
3881.9122 1.3270e+15 5.0842e+14
3881.9249 1.3270e+15 5.0824e+14
3881.9376 1.3270e+15 5.0805e+14
3881.9502 1.3270e+15 5.0787e+14
3881.9629 1.3270e+15 5.0769e+14
3881.9756 1.3270e+15 5.0751e+14
3881.9882 1.3270e+15 5.0732e+14
3882.0009 1.3270e+15 5.0714e+14
3882.0136 1.3270e+15 5.0696e+14
3882.0262 1.3270e+15 5.0678e+14
3882.0389 1.3270e+15 5.0660e+14
3882.0516 1.3270e+15 5.0642e+14
3882.0642 1.3270e+15 5.0624e+14
3882.0769 1.3270e+15 5.0606e+14
3882.0896 1.3270e+15 5.0588e+14
3882.1023 1.3270e+15 5.0570e+14
3882.1149 1.3270e+15 5.0552e+14
3882.1276 1.3270e+15 5.0534e+14
3882.1403 1.3270e+15 5.0516e+14
3882.1529 1.3270e+15 5.0498e+14
3882.1656 1.3270e+15 5.0481e+14
3882.1783 1.3270e+15 5.0463e+14
3882.1909 1.3270e+15 5.0445e+14
3882.2036 1.3270e+15 5.0427e+14
3882.2163 1.3270e+15 5.0409e+14
3882.2289 1.3270e+15 5.0392e+14
3882.2416 1.3270e+15 5.0374e+14
3882.2543 1.3270e+15 5.0356e+14
3882.2669 1.3270e+15 5.0339e+14
3882.2796 1.3270e+15 5.0321e+14
3882.2923 1.3270e+15 5.0304e+14
3882.3049 1.3270e+15 5.0286e+14
3882.3176 1.3270e+15 5.0269e+14
3882.3303 1.3270e+15 5.0251e+14
3882.3429 1.3270e+15 5.0234e+14
3882.3556 1.3270e+15 5.0216e+14
3882.3683 1.3270e+15 5.0199e+14
3882.3809 1.3270e+15 5.0182e+14
3882.3936 1.3270e+15 5.0164e+14
3882.4063 1.3270e+15 5.0147e+14
3882.4190 1.3270e+15 5.0130e+14
3882.4316 1.3270e+15 5.0112e+14
3882.4443 1.3270e+15 5.0095e+14
3882.4570 1.3270e+15 5.0078e+14
3882.4696 1.3270e+15 5.0061e+14
3882.4823 1.3270e+15 5.0044e+14
3882.4950 1.3270e+15 5.0026e+14
3882.5076 1.3270e+15 5.0009e+14
3882.5203 1.3270e+15 4.9992e+14
3882.5330 1.3270e+15 4.9975e+14
3882.5456 1.3270e+15 4.9958e+14
3882.5583 1.3270e+15 4.9941e+14
3882.5710 1.3269e+15 4.9924e+14
3882.5836 1.3269e+15 4.9907e+14
3882.5963 1.3269e+15 4.9890e+14
3882.6090 1.3269e+15 4.9873e+14
3882.6216 1.3269e+15 4.9857e+14
3882.6343 1.3269e+15 4.9840e+14
3882.6470 1.3269e+15 4.9823e+14
3882.6596 1.3269e+15 4.9806e+14
3882.6723 1.3269e+15 4.9789e+14
3882.6850 1.3269e+15 4.9773e+14
3882.6976 1.3269e+15 4.9756e+14
3882.7103 1.3269e+15 4.9739e+14
3882.7230 1.3269e+15 4.9723e+14
3882.7357 1.3269e+15 4.9706e+14
3882.7483 1.3269e+15 4.9689e+14
3882.7610 1.3269e+15 4.9673e+14
3882.7737 1.3269e+15 4.9656e+14
3882.7863 1.3269e+15 4.9640e+14
3882.7990 1.3269e+15 4.9623e+14
3882.8117 1.3269e+15 4.9607e+14
3882.8243 1.3269e+15 4.9591e+14
3882.8370 1.3269e+15 4.9574e+14
3882.8497 1.3269e+15 4.9558e+14
3882.8623 1.3269e+15 4.9542e+14
3882.8750 1.3269e+15 4.9525e+14
3882.8877 1.3269e+15 4.9509e+14
3882.9003 1.3269e+15 4.9493e+14
3882.9130 1.3269e+15 4.9476e+14
3882.9257 1.3269e+15 4.9460e+14
3882.9383 1.3269e+15 4.9444e+14
3882.9510 1.3269e+15 4.9428e+14
3882.9637 1.3269e+15 4.9412e+14
3882.9763 1.3269e+15 4.9396e+14
3882.9890 1.3269e+15 4.9380e+14
3883.0017 1.3269e+15 4.9364e+14
3883.0144 1.3269e+15 4.9348e+14
3883.0270 1.3269e+15 4.9332e+14
3883.0397 1.3269e+15 4.9316e+14
3883.0524 1.3269e+15 4.9300e+14
3883.0650 1.3269e+15 4.9284e+14
3883.0777 1.3269e+15 4.9268e+14
3883.0904 1.3269e+15 4.9252e+14
3883.1030 1.3269e+15 4.9237e+14
3883.1157 1.3269e+15 4.9221e+14
3883.1284 1.3269e+15 4.9205e+14
3883.1410 1.3269e+15 4.9189e+14
3883.1537 1.3269e+15 4.9174e+14
3883.1664 1.3269e+15 4.9158e+14
3883.1790 1.3269e+15 4.9142e+14
3883.1917 1.3269e+15 4.9127e+14
3883.2044 1.3269e+15 4.9111e+14
3883.2170 1.3269e+15 4.9096e+14
3883.2297 1.3269e+15 4.9080e+14
3883.2424 1.3269e+15 4.9065e+14
3883.2550 1.3269e+15 4.9049e+14
3883.2677 1.3269e+15 4.9034e+14
3883.2804 1.3269e+15 4.9019e+14
3883.2930 1.3269e+15 4.9003e+14
3883.3057 1.3269e+15 4.8988e+14
3883.3184 1.3269e+15 4.8973e+14
3883.3311 1.3269e+15 4.8957e+14
3883.3437 1.3269e+15 4.8942e+14
3883.3564 1.3269e+15 4.8927e+14
3883.3691 1.3269e+15 4.8912e+14
3883.3817 1.3269e+15 4.8897e+14
3883.3944 1.3269e+15 4.8881e+14
3883.4071 1.3269e+15 4.8866e+14
3883.4197 1.3269e+15 4.8851e+14
3883.4324 1.3269e+15 4.8836e+14
3883.4451 1.3269e+15 4.8821e+14
3883.4577 1.3269e+15 4.8806e+14
3883.4704 1.3269e+15 4.8791e+14
3883.4831 1.3268e+15 4.8776e+14
3883.4957 1.3268e+15 4.8761e+14
3883.5084 1.3268e+15 4.8747e+14
3883.5211 1.3268e+15 4.8732e+14
3883.5337 1.3268e+15 4.8717e+14
3883.5464 1.3268e+15 4.8702e+14
3883.5591 1.3268e+15 4.8687e+14
3883.5717 1.3268e+15 4.8673e+14
3883.5844 1.3268e+15 4.8658e+14
3883.5971 1.3268e+15 4.8643e+14
3883.6097 1.3268e+15 4.8629e+14
3883.6224 1.3268e+15 4.8614e+14
3883.6351 1.3268e+15 4.8600e+14
3883.6478 1.3268e+15 4.8585e+14
3883.6604 1.3268e+15 4.8571e+14
3883.6731 1.3268e+15 4.8556e+14
3883.6858 1.3268e+15 4.8542e+14
3883.6984 1.3268e+15 4.8527e+14
3883.7111 1.3268e+15 4.8513e+14
3883.7238 1.3268e+15 4.8499e+14
3883.7364 1.3268e+15 4.8484e+14
3883.7491 1.3268e+15 4.8470e+14
3883.7618 1.3268e+15 4.8456e+14
3883.7744 1.3268e+15 4.8442e+14
3883.7871 1.3268e+15 4.8427e+14
3883.7998 1.3268e+15 4.8413e+14
3883.8124 1.3268e+15 4.8399e+14
3883.8251 1.3268e+15 4.8385e+14
3883.8378 1.3268e+15 4.8371e+14
3883.8504 1.3268e+15 4.8357e+14
3883.8631 1.3268e+15 4.8343e+14
3883.8758 1.3268e+15 4.8329e+14
3883.8884 1.3268e+15 4.8315e+14
3883.9011 1.3268e+15 4.8301e+14
3883.9138 1.3268e+15 4.8287e+14
3883.9264 1.3268e+15 4.8273e+14
3883.9391 1.3268e+15 4.8259e+14
3883.9518 1.3268e+15 4.8246e+14
3883.9645 1.3268e+15 4.8232e+14
3883.9771 1.3268e+15 4.8218e+14
3883.9898 1.3268e+15 4.8204e+14
3884.0025 1.3268e+15 4.8191e+14
3884.0151 1.3268e+15 4.8177e+14
3884.0278 1.3268e+15 4.8163e+14
3884.0405 1.3268e+15 4.8150e+14
3884.0531 1.3268e+15 4.8136e+14
3884.0658 1.3268e+15 4.8123e+14
3884.0785 1.3268e+15 4.8109e+14
3884.0911 1.3268e+15 4.8096e+14
3884.1038 1.3268e+15 4.8082e+14
3884.1165 1.3268e+15 4.8069e+14
3884.1291 1.3268e+15 4.8056e+14
3884.1418 1.3268e+15 4.8042e+14
3884.1545 1.3268e+15 4.8029e+14
3884.1671 1.3268e+15 4.8016e+14
3884.1798 1.3268e+15 4.8002e+14
3884.1925 1.3268e+15 4.7989e+14
3884.2051 1.3268e+15 4.7976e+14
3884.2178 1.3268e+15 4.7963e+14
3884.2305 1.3268e+15 4.7950e+14
3884.2432 1.3268e+15 4.7937e+14
3884.2558 1.3268e+15 4.7924e+14
3884.2685 1.3268e+15 4.7911e+14
3884.2812 1.3268e+15 4.7898e+14
3884.2938 1.3268e+15 4.7885e+14
3884.3065 1.3268e+15 4.7872e+14
3884.3192 1.3268e+15 4.7859e+14
3884.3318 1.3268e+15 4.7846e+14
3884.3445 1.3268e+15 4.7833e+14
3884.3572 1.3268e+15 4.7820e+14
3884.3698 1.3268e+15 4.7807e+14
3884.3825 1.3267e+15 4.7795e+14
3884.3952 1.3267e+15 4.7782e+14
3884.4078 1.3267e+15 4.7769e+14
3884.4205 1.3267e+15 4.7757e+14
3884.4332 1.3267e+15 4.7744e+14
3884.4458 1.3267e+15 4.7731e+14
3884.4585 1.3267e+15 4.7719e+14
3884.4712 1.3267e+15 4.7706e+14
3884.4838 1.3267e+15 4.7694e+14
3884.4965 1.3267e+15 4.7681e+14
3884.5092 1.3267e+15 4.7669e+14
3884.5218 1.3267e+15 4.7657e+14
3884.5345 1.3267e+15 4.7644e+14
3884.5472 1.3267e+15 4.7632e+14
3884.5599 1.3267e+15 4.7620e+14
3884.5725 1.3267e+15 4.7607e+14
3884.5852 1.3267e+15 4.7595e+14
3884.5979 1.3267e+15 4.7583e+14
3884.6105 1.3267e+15 4.7571e+14
3884.6232 1.3267e+15 4.7559e+14
3884.6359 1.3267e+15 4.7546e+14
3884.6485 1.3267e+15 4.7534e+14
3884.6612 1.3267e+15 4.7522e+14
3884.6739 1.3267e+15 4.7510e+14
3884.6865 1.3267e+15 4.7498e+14
3884.6992 1.3267e+15 4.7486e+14
3884.7119 1.3267e+15 4.7475e+14
3884.7245 1.3267e+15 4.7463e+14
3884.7372 1.3267e+15 4.7451e+14
3884.7499 1.3267e+15 4.7439e+14
3884.7625 1.3267e+15 4.7427e+14
3884.7752 1.3267e+15 4.7415e+14
3884.7879 1.3267e+15 4.7404e+14
3884.8005 1.3267e+15 4.7392e+14
3884.8132 1.3267e+15 4.7380e+14
3884.8259 1.3267e+15 4.7369e+14
3884.8385 1.3267e+15 4.7357e+14
3884.8512 1.3267e+15 4.7346e+14
3884.8639 1.3267e+15 4.7334e+14
3884.8766 1.3267e+15 4.7323e+14
3884.8892 1.3267e+15 4.7311e+14
3884.9019 1.3267e+15 4.7300e+14
3884.9146 1.3267e+15 4.7288e+14
3884.9272 1.3267e+15 4.7277e+14
3884.9399 1.3267e+15 4.7266e+14
3884.9526 1.3267e+15 4.7254e+14
3884.9652 1.3267e+15 4.7243e+14
3884.9779 1.3267e+15 4.7232e+14
3884.9906 1.3267e+15 4.7221e+14
3885.0032 1.3267e+15 4.7209e+14
3885.0159 1.3267e+15 4.7198e+14
3885.0286 1.3267e+15 4.7187e+14
3885.0412 1.3267e+15 4.7176e+14
3885.0539 1.3267e+15 4.7165e+14
3885.0666 1.3267e+15 4.7154e+14
3885.0792 1.3267e+15 4.7143e+14
3885.0919 1.3267e+15 4.7132e+14
3885.1046 1.3267e+15 4.7121e+14
3885.1172 1.3267e+15 4.7110e+14
3885.1299 1.3267e+15 4.7100e+14
3885.1426 1.3267e+15 4.7089e+14
3885.1552 1.3267e+15 4.7078e+14
3885.1679 1.3267e+15 4.7067e+14
3885.1806 1.3267e+15 4.7057e+14
3885.1933 1.3267e+15 4.7046e+14
3885.2059 1.3267e+15 4.7035e+14
3885.2186 1.3267e+15 4.7025e+14
3885.2313 1.3267e+15 4.7014e+14
3885.2439 1.3267e+15 4.7003e+14
3885.2566 1.3267e+15 4.6993e+14
3885.2693 1.3267e+15 4.6983e+14
3885.2819 1.3266e+15 4.6972e+14
3885.2946 1.3266e+15 4.6962e+14
3885.3073 1.3266e+15 4.6951e+14
3885.3199 1.3266e+15 4.6941e+14
3885.3326 1.3266e+15 4.6931e+14
3885.3453 1.3266e+15 4.6920e+14
3885.3579 1.3266e+15 4.6910e+14
3885.3706 1.3266e+15 4.6900e+14
3885.3833 1.3266e+15 4.6890e+14
3885.3959 1.3266e+15 4.6880e+14
3885.4086 1.3266e+15 4.6869e+14
3885.4213 1.3266e+15 4.6859e+14
3885.4339 1.3266e+15 4.6849e+14
3885.4466 1.3266e+15 4.6839e+14
3885.4593 1.3266e+15 4.6829e+14
3885.4720 1.3266e+15 4.6819e+14
3885.4846 1.3266e+15 4.6810e+14
3885.4973 1.3266e+15 4.6800e+14
3885.5100 1.3266e+15 4.6790e+14
3885.5226 1.3266e+15 4.6780e+14
3885.5353 1.3266e+15 4.6770e+14
3885.5480 1.3266e+15 4.6761e+14
3885.5606 1.3266e+15 4.6751e+14
3885.5733 1.3266e+15 4.6741e+14
3885.5860 1.3266e+15 4.6732e+14
3885.5986 1.3266e+15 4.6722e+14
3885.6113 1.3266e+15 4.6712e+14
3885.6240 1.3266e+15 4.6703e+14
3885.6366 1.3266e+15 4.6693e+14
3885.6493 1.3266e+15 4.6684e+14
3885.6620 1.3266e+15 4.6674e+14
3885.6746 1.3266e+15 4.6665e+14
3885.6873 1.3266e+15 4.6656e+14
3885.7000 1.3266e+15 4.6646e+14
3885.7126 1.3266e+15 4.6637e+14
3885.7253 1.3266e+15 4.6628e+14
3885.7380 1.3266e+15 4.6618e+14
3885.7506 1.3266e+15 4.6609e+14
3885.7633 1.3266e+15 4.6600e+14
3885.7760 1.3266e+15 4.6591e+14
3885.7887 1.3266e+15 4.6582e+14
3885.8013 1.3266e+15 4.6573e+14
3885.8140 1.3266e+15 4.6564e+14
3885.8267 1.3266e+15 4.6555e+14
3885.8393 1.3266e+15 4.6546e+14
3885.8520 1.3266e+15 4.6537e+14
3885.8647 1.3266e+15 4.6528e+14
3885.8773 1.3266e+15 4.6519e+14
3885.8900 1.3266e+15 4.6510e+14
3885.9027 1.3266e+15 4.6502e+14
3885.9153 1.3266e+15 4.6493e+14
3885.9280 1.3266e+15 4.6484e+14
3885.9407 1.3266e+15 4.6475e+14
3885.9533 1.3266e+15 4.6467e+14
3885.9660 1.3266e+15 4.6458e+14
3885.9787 1.3266e+15 4.6450e+14
3885.9913 1.3266e+15 4.6441e+14
3886.0040 1.3266e+15 4.6433e+14
3886.0167 1.3266e+15 4.6424e+14
3886.0293 1.3266e+15 4.6416e+14
3886.0420 1.3266e+15 4.6407e+14
3886.0547 1.3266e+15 4.6399e+14
3886.0673 1.3266e+15 4.6390e+14
3886.0800 1.3266e+15 4.6382e+14
3886.0927 1.3266e+15 4.6374e+14
3886.1054 1.3266e+15 4.6366e+14
3886.1180 1.3266e+15 4.6357e+14
3886.1307 1.3266e+15 4.6349e+14
3886.1434 1.3266e+15 4.6341e+14
3886.1560 1.3266e+15 4.6333e+14
3886.1687 1.3266e+15 4.6325e+14
3886.1814 1.3265e+15 4.6317e+14
3886.1940 1.3265e+15 4.6309e+14
3886.2067 1.3265e+15 4.6301e+14
3886.2194 1.3265e+15 4.6293e+14
3886.2320 1.3265e+15 4.6285e+14
3886.2447 1.3265e+15 4.6277e+14
3886.2574 1.3265e+15 4.6269e+14
3886.2700 1.3265e+15 4.6262e+14
3886.2827 1.3265e+15 4.6254e+14
3886.2954 1.3265e+15 4.6246e+14
3886.3080 1.3265e+15 4.6238e+14
3886.3207 1.3265e+15 4.6231e+14
3886.3334 1.3265e+15 4.6223e+14
3886.3460 1.3265e+15 4.6216e+14
3886.3587 1.3265e+15 4.6208e+14
3886.3714 1.3265e+15 4.6201e+14
3886.3840 1.3265e+15 4.6193e+14
3886.3967 1.3265e+15 4.6186e+14
3886.4094 1.3265e+15 4.6178e+14
3886.4221 1.3265e+15 4.6171e+14
3886.4347 1.3265e+15 4.6164e+14
3886.4474 1.3265e+15 4.6156e+14
3886.4601 1.3265e+15 4.6149e+14
3886.4727 1.3265e+15 4.6142e+14
3886.4854 1.3265e+15 4.6135e+14
3886.4981 1.3265e+15 4.6127e+14
3886.5107 1.3265e+15 4.6120e+14
3886.5234 1.3265e+15 4.6113e+14
3886.5361 1.3265e+15 4.6106e+14
3886.5487 1.3265e+15 4.6099e+14
3886.5614 1.3265e+15 4.6092e+14
3886.5741 1.3265e+15 4.6085e+14
3886.5867 1.3265e+15 4.6078e+14
3886.5994 1.3265e+15 4.6071e+14
3886.6121 1.3265e+15 4.6065e+14
3886.6247 1.3265e+15 4.6058e+14
3886.6374 1.3265e+15 4.6051e+14
3886.6501 1.3265e+15 4.6044e+14
3886.6627 1.3265e+15 4.6037e+14
3886.6754 1.3265e+15 4.6031e+14
3886.6881 1.3265e+15 4.6024e+14
3886.7008 1.3265e+15 4.6018e+14
3886.7134 1.3265e+15 4.6011e+14
3886.7261 1.3265e+15 4.6004e+14
3886.7388 1.3265e+15 4.5998e+14
3886.7514 1.3265e+15 4.5992e+14
3886.7641 1.3265e+15 4.5985e+14
3886.7768 1.3265e+15 4.5979e+14
3886.7894 1.3265e+15 4.5972e+14
3886.8021 1.3265e+15 4.5966e+14
3886.8148 1.3265e+15 4.5960e+14
3886.8274 1.3265e+15 4.5953e+14
3886.8401 1.3265e+15 4.5947e+14
3886.8528 1.3265e+15 4.5941e+14
3886.8654 1.3265e+15 4.5935e+14
3886.8781 1.3265e+15 4.5929e+14
3886.8908 1.3265e+15 4.5923e+14
3886.9034 1.3265e+15 4.5917e+14
3886.9161 1.3265e+15 4.5911e+14
3886.9288 1.3265e+15 4.5905e+14
3886.9414 1.3265e+15 4.5899e+14
3886.9541 1.3265e+15 4.5893e+14
3886.9668 1.3265e+15 4.5887e+14
3886.9794 1.3265e+15 4.5881e+14
3886.9921 1.3265e+15 4.5875e+14
3887.0048 1.3265e+15 4.5870e+14
3887.0175 1.3265e+15 4.5864e+14
3887.0301 1.3265e+15 4.5858e+14
3887.0428 1.3265e+15 4.5853e+14
3887.0555 1.3265e+15 4.5847e+14
3887.0681 1.3265e+15 4.5841e+14
3887.0808 1.3264e+15 4.5836e+14
3887.0935 1.3264e+15 4.5830e+14
3887.1061 1.3264e+15 4.5825e+14
3887.1188 1.3264e+15 4.5820e+14
3887.1315 1.3264e+15 4.5814e+14
3887.1441 1.3264e+15 4.5809e+14
3887.1568 1.3264e+15 4.5803e+14
3887.1695 1.3264e+15 4.5798e+14
3887.1821 1.3264e+15 4.5793e+14
3887.1948 1.3264e+15 4.5788e+14
3887.2075 1.3264e+15 4.5782e+14
3887.2201 1.3264e+15 4.5777e+14
3887.2328 1.3264e+15 4.5772e+14
3887.2455 1.3264e+15 4.5767e+14
3887.2581 1.3264e+15 4.5762e+14
3887.2708 1.3264e+15 4.5757e+14
3887.2835 1.3264e+15 4.5752e+14
3887.2961 1.3264e+15 4.5747e+14
3887.3088 1.3264e+15 4.5742e+14
3887.3215 1.3264e+15 4.5737e+14
3887.3342 1.3264e+15 4.5733e+14
3887.3468 1.3264e+15 4.5728e+14
3887.3595 1.3264e+15 4.5723e+14
3887.3722 1.3264e+15 4.5718e+14
3887.3848 1.3264e+15 4.5714e+14
3887.3975 1.3264e+15 4.5709e+14
3887.4102 1.3264e+15 4.5704e+14
3887.4228 1.3264e+15 4.5700e+14
3887.4355 1.3264e+15 4.5695e+14
3887.4482 1.3264e+15 4.5691e+14
3887.4608 1.3264e+15 4.5686e+14
3887.4735 1.3264e+15 4.5682e+14
3887.4862 1.3264e+15 4.5677e+14
3887.4988 1.3264e+15 4.5673e+14
3887.5115 1.3264e+15 4.5669e+14
3887.5242 1.3264e+15 4.5665e+14
3887.5368 1.3264e+15 4.5660e+14
3887.5495 1.3264e+15 4.5656e+14
3887.5622 1.3264e+15 4.5652e+14
3887.5748 1.3264e+15 4.5648e+14
3887.5875 1.3264e+15 4.5644e+14
3887.6002 1.3264e+15 4.5640e+14
3887.6128 1.3264e+15 4.5635e+14
3887.6255 1.3264e+15 4.5631e+14
3887.6382 1.3264e+15 4.5628e+14
3887.6509 1.3264e+15 4.5624e+14
3887.6635 1.3264e+15 4.5620e+14
3887.6762 1.3264e+15 4.5616e+14
3887.6889 1.3264e+15 4.5612e+14
3887.7015 1.3264e+15 4.5608e+14
3887.7142 1.3264e+15 4.5604e+14
3887.7269 1.3264e+15 4.5601e+14
3887.7395 1.3264e+15 4.5597e+14
3887.7522 1.3264e+15 4.5593e+14
3887.7649 1.3264e+15 4.5590e+14
3887.7775 1.3264e+15 4.5586e+14
3887.7902 1.3264e+15 4.5583e+14
3887.8029 1.3264e+15 4.5579e+14
3887.8155 1.3264e+15 4.5576e+14
3887.8282 1.3264e+15 4.5572e+14
3887.8409 1.3264e+15 4.5569e+14
3887.8535 1.3264e+15 4.5566e+14
3887.8662 1.3264e+15 4.5562e+14
3887.8789 1.3264e+15 4.5559e+14
3887.8915 1.3264e+15 4.5556e+14
3887.9042 1.3264e+15 4.5553e+14
3887.9169 1.3264e+15 4.5549e+14
3887.9296 1.3264e+15 4.5546e+14
3887.9422 1.3264e+15 4.5543e+14
3887.9549 1.3264e+15 4.5540e+14
3887.9676 1.3264e+15 4.5537e+14
3887.9802 1.3263e+15 4.5534e+14
3887.9929 1.3263e+15 4.5531e+14
3888.0056 1.3263e+15 4.5528e+14
3888.0182 1.3263e+15 4.5525e+14
3888.0309 1.3263e+15 4.5522e+14
3888.0436 1.3263e+15 4.5520e+14
3888.0562 1.3263e+15 4.5517e+14
3888.0689 1.3263e+15 4.5514e+14
3888.0816 1.3263e+15 4.5511e+14
3888.0942 1.3263e+15 4.5509e+14
3888.1069 1.3263e+15 4.5506e+14
3888.1196 1.3263e+15 4.5504e+14
3888.1322 1.3263e+15 4.5501e+14
3888.1449 1.3263e+15 4.5498e+14
3888.1576 1.3263e+15 4.5496e+14
3888.1702 1.3263e+15 4.5494e+14
3888.1829 1.3263e+15 4.5491e+14
3888.1956 1.3263e+15 4.5489e+14
3888.2082 1.3263e+15 4.5486e+14
3888.2209 1.3263e+15 4.5484e+14
3888.2336 1.3263e+15 4.5482e+14
3888.2463 1.3263e+15 4.5480e+14
3888.2589 1.3263e+15 4.5477e+14
3888.2716 1.3263e+15 4.5475e+14
3888.2843 1.3263e+15 4.5473e+14
3888.2969 1.3263e+15 4.5471e+14
3888.3096 1.3263e+15 4.5469e+14
3888.3223 1.3263e+15 4.5467e+14
3888.3349 1.3263e+15 4.5465e+14
3888.3476 1.3263e+15 4.5463e+14
3888.3603 1.3263e+15 4.5461e+14
3888.3729 1.3263e+15 4.5459e+14
3888.3856 1.3263e+15 4.5457e+14
3888.3983 1.3263e+15 4.5456e+14
3888.4109 1.3263e+15 4.5454e+14
3888.4236 1.3263e+15 4.5452e+14
3888.4363 1.3263e+15 4.5450e+14
3888.4489 1.3263e+15 4.5449e+14
3888.4616 1.3263e+15 4.5447e+14
3888.4743 1.3263e+15 4.5446e+14
3888.4869 1.3263e+15 4.5444e+14
3888.4996 1.3263e+15 4.5443e+14
3888.5123 1.3263e+15 4.5441e+14
3888.5249 1.3263e+15 4.5440e+14
3888.5376 1.3263e+15 4.5438e+14
3888.5503 1.3263e+15 4.5437e+14
3888.5630 1.3263e+15 4.5436e+14
3888.5756 1.3263e+15 4.5434e+14
3888.5883 1.3263e+15 4.5433e+14
3888.6010 1.3263e+15 4.5432e+14
3888.6136 1.3263e+15 4.5431e+14
3888.6263 1.3263e+15 4.5430e+14
3888.6390 1.3263e+15 4.5428e+14
3888.6516 1.3263e+15 4.5427e+14
3888.6643 1.3263e+15 4.5426e+14
3888.6770 1.3263e+15 4.5425e+14
3888.6896 1.3263e+15 4.5424e+14
3888.7023 1.3263e+15 4.5423e+14
3888.7150 1.3263e+15 4.5423e+14
3888.7276 1.3263e+15 4.5422e+14
3888.7403 1.3263e+15 4.5421e+14
3888.7530 1.3263e+15 4.5420e+14
3888.7656 1.3263e+15 4.5419e+14
3888.7783 1.3263e+15 4.5419e+14
3888.7910 1.3263e+15 4.5418e+14
3888.8036 1.3263e+15 4.5417e+14
3888.8163 1.3263e+15 4.5417e+14
3888.8290 1.3263e+15 4.5416e+14
3888.8416 1.3263e+15 4.5416e+14
3888.8543 1.3263e+15 4.5415e+14
3888.8670 1.3262e+15 4.5415e+14
3888.8797 1.3262e+15 4.5414e+14
3888.8923 1.3262e+15 4.5414e+14
3888.9050 1.3262e+15 4.5414e+14
3888.9177 1.3262e+15 4.5413e+14
3888.9303 1.3262e+15 4.5413e+14
3888.9430 1.3262e+15 4.5413e+14
3888.9557 1.3262e+15 4.5413e+14
3888.9683 1.3262e+15 4.5413e+14
3888.9810 1.3262e+15 4.5412e+14
3888.9937 1.3262e+15 4.5412e+14
3889.0063 1.3262e+15 4.5412e+14
3889.0190 1.3262e+15 4.5412e+14
3889.0317 1.3262e+15 4.5412e+14
3889.0443 1.3262e+15 4.5412e+14
3889.0570 1.3262e+15 4.5412e+14
3889.0697 1.3262e+15 4.5413e+14
3889.0823 1.3262e+15 4.5413e+14
3889.0950 1.3262e+15 4.5413e+14
3889.1077 1.3262e+15 4.5413e+14
3889.1203 1.3262e+15 4.5413e+14
3889.1330 1.3262e+15 4.5414e+14
3889.1457 1.3262e+15 4.5414e+14
3889.1584 1.3262e+15 4.5415e+14
3889.1710 1.3262e+15 4.5415e+14
3889.1837 1.3262e+15 4.5415e+14
3889.1964 1.3262e+15 4.5416e+14
3889.2090 1.3262e+15 4.5416e+14
3889.2217 1.3262e+15 4.5417e+14
3889.2344 1.3262e+15 4.5418e+14
3889.2470 1.3262e+15 4.5418e+14
3889.2597 1.3262e+15 4.5419e+14
3889.2724 1.3262e+15 4.5420e+14
3889.2850 1.3262e+15 4.5420e+14
3889.2977 1.3262e+15 4.5421e+14
3889.3104 1.3262e+15 4.5422e+14
3889.3230 1.3262e+15 4.5423e+14
3889.3357 1.3262e+15 4.5424e+14
3889.3484 1.3262e+15 4.5425e+14
3889.3610 1.3262e+15 4.5426e+14
3889.3737 1.3262e+15 4.5427e+14
3889.3864 1.3262e+15 4.5428e+14
3889.3990 1.3262e+15 4.5429e+14
3889.4117 1.3262e+15 4.5430e+14
3889.4244 1.3262e+15 4.5431e+14
3889.4370 1.3262e+15 4.5432e+14
3889.4497 1.3262e+15 4.5433e+14
3889.4624 1.3262e+15 4.5435e+14
3889.4751 1.3262e+15 4.5436e+14
3889.4877 1.3262e+15 4.5437e+14
3889.5004 1.3262e+15 4.5439e+14
3889.5131 1.3262e+15 4.5440e+14
3889.5257 1.3262e+15 4.5442e+14
3889.5384 1.3262e+15 4.5443e+14
3889.5511 1.3262e+15 4.5445e+14
3889.5637 1.3262e+15 4.5446e+14
3889.5764 1.3262e+15 4.5448e+14
3889.5891 1.3262e+15 4.5449e+14
3889.6017 1.3262e+15 4.5451e+14
3889.6144 1.3262e+15 4.5453e+14
3889.6271 1.3262e+15 4.5454e+14
3889.6397 1.3262e+15 4.5456e+14
3889.6524 1.3262e+15 4.5458e+14
3889.6651 1.3262e+15 4.5460e+14
3889.6777 1.3262e+15 4.5462e+14
3889.6904 1.3262e+15 4.5464e+14
3889.7031 1.3262e+15 4.5466e+14
3889.7157 1.3262e+15 4.5468e+14
3889.7284 1.3262e+15 4.5470e+14
3889.7411 1.3262e+15 4.5472e+14
3889.7537 1.3261e+15 4.5474e+14
3889.7664 1.3261e+15 4.5476e+14
3889.7791 1.3261e+15 4.5478e+14
3889.7918 1.3261e+15 4.5480e+14
3889.8044 1.3261e+15 4.5483e+14
3889.8171 1.3261e+15 4.5485e+14
3889.8298 1.3261e+15 4.5487e+14
3889.8424 1.3261e+15 4.5489e+14
3889.8551 1.3261e+15 4.5492e+14
3889.8678 1.3261e+15 4.5494e+14
3889.8804 1.3261e+15 4.5497e+14
3889.8931 1.3261e+15 4.5499e+14
3889.9058 1.3261e+15 4.5502e+14
3889.9184 1.3261e+15 4.5504e+14
3889.9311 1.3261e+15 4.5507e+14
3889.9438 1.3261e+15 4.5510e+14
3889.9564 1.3261e+15 4.5512e+14
3889.9691 1.3261e+15 4.5515e+14
3889.9818 1.3261e+15 4.5518e+14
3889.9944 1.3261e+15 4.5521e+14
3890.0071 1.3261e+15 4.5523e+14
3890.0198 1.3261e+15 4.5526e+14
3890.0324 1.3261e+15 4.5529e+14
3890.0451 1.3261e+15 4.5532e+14
3890.0578 1.3261e+15 4.5535e+14
3890.0704 1.3261e+15 4.5538e+14
3890.0831 1.3261e+15 4.5541e+14
3890.0958 1.3261e+15 4.5544e+14
3890.1085 1.3261e+15 4.5547e+14
3890.1211 1.3261e+15 4.5550e+14
3890.1338 1.3261e+15 4.5554e+14
3890.1465 1.3261e+15 4.5557e+14
3890.1591 1.3261e+15 4.5560e+14
3890.1718 1.3261e+15 4.5563e+14
3890.1845 1.3261e+15 4.5567e+14
3890.1971 1.3261e+15 4.5570e+14
3890.2098 1.3261e+15 4.5573e+14
3890.2225 1.3261e+15 4.5577e+14
3890.2351 1.3261e+15 4.5580e+14
3890.2478 1.3261e+15 4.5584e+14
3890.2605 1.3261e+15 4.5587e+14
3890.2731 1.3261e+15 4.5591e+14
3890.2858 1.3261e+15 4.5595e+14
3890.2985 1.3261e+15 4.5598e+14
3890.3111 1.3261e+15 4.5602e+14
3890.3238 1.3261e+15 4.5606e+14
3890.3365 1.3261e+15 4.5609e+14
3890.3491 1.3261e+15 4.5613e+14
3890.3618 1.3261e+15 4.5617e+14
3890.3745 1.3261e+15 4.5621e+14
3890.3872 1.3261e+15 4.5625e+14
3890.3998 1.3261e+15 4.5629e+14
3890.4125 1.3261e+15 4.5633e+14
3890.4252 1.3261e+15 4.5637e+14
3890.4378 1.3261e+15 4.5641e+14
3890.4505 1.3261e+15 4.5645e+14
3890.4632 1.3261e+15 4.5649e+14
3890.4758 1.3261e+15 4.5653e+14
3890.4885 1.3261e+15 4.5657e+14
3890.5012 1.3261e+15 4.5661e+14
3890.5138 1.3261e+15 4.5666e+14
3890.5265 1.3261e+15 4.5670e+14
3890.5392 1.3261e+15 4.5674e+14
3890.5518 1.3261e+15 4.5679e+14
3890.5645 1.3261e+15 4.5683e+14
3890.5772 1.3261e+15 4.5688e+14
3890.5898 1.3261e+15 4.5692e+14
3890.6025 1.3261e+15 4.5697e+14
3890.6152 1.3261e+15 4.5701e+14
3890.6278 1.3261e+15 4.5706e+14
3890.6405 1.3260e+15 4.5710e+14
3890.6532 1.3260e+15 4.5715e+14
3890.6658 1.3260e+15 4.5720e+14
3890.6785 1.3260e+15 4.5724e+14
3890.6912 1.3260e+15 4.5729e+14
3890.7039 1.3260e+15 4.5734e+14
3890.7165 1.3260e+15 4.5739e+14
3890.7292 1.3260e+15 4.5744e+14
3890.7419 1.3260e+15 4.5749e+14
3890.7545 1.3260e+15 4.5754e+14
3890.7672 1.3260e+15 4.5759e+14
3890.7799 1.3260e+15 4.5764e+14
3890.7925 1.3260e+15 4.5769e+14
3890.8052 1.3260e+15 4.5774e+14
3890.8179 1.3260e+15 4.5779e+14
3890.8305 1.3260e+15 4.5784e+14
3890.8432 1.3260e+15 4.5789e+14
3890.8559 1.3260e+15 4.5794e+14
3890.8685 1.3260e+15 4.5800e+14
3890.8812 1.3260e+15 4.5805e+14
3890.8939 1.3260e+15 4.5810e+14
3890.9065 1.3260e+15 4.5816e+14
3890.9192 1.3260e+15 4.5821e+14
3890.9319 1.3260e+15 4.5826e+14
3890.9445 1.3260e+15 4.5832e+14
3890.9572 1.3260e+15 4.5837e+14
3890.9699 1.3260e+15 4.5843e+14
3890.9825 1.3260e+15 4.5849e+14
3890.9952 1.3260e+15 4.5854e+14
3891.0079 1.3260e+15 4.5860e+14
3891.0206 1.3260e+15 4.5866e+14
3891.0332 1.3260e+15 4.5871e+14
3891.0459 1.3260e+15 4.5877e+14
3891.0586 1.3260e+15 4.5883e+14
3891.0712 1.3260e+15 4.5889e+14
3891.0839 1.3260e+15 4.5895e+14
3891.0966 1.3260e+15 4.5900e+14
3891.1092 1.3260e+15 4.5906e+14
3891.1219 1.3260e+15 4.5912e+14
3891.1346 1.3260e+15 4.5918e+14
3891.1472 1.3260e+15 4.5924e+14
3891.1599 1.3260e+15 4.5930e+14
3891.1726 1.3260e+15 4.5937e+14
3891.1852 1.3260e+15 4.5943e+14
3891.1979 1.3260e+15 4.5949e+14
3891.2106 1.3260e+15 4.5955e+14
3891.2232 1.3260e+15 4.5961e+14
3891.2359 1.3260e+15 4.5968e+14
3891.2486 1.3260e+15 4.5974e+14
3891.2612 1.3260e+15 4.5980e+14
3891.2739 1.3260e+15 4.5987e+14
3891.2866 1.3260e+15 4.5993e+14
3891.2992 1.3260e+15 4.6000e+14
3891.3119 1.3260e+15 4.6006e+14
3891.3246 1.3260e+15 4.6013e+14
3891.3373 1.3260e+15 4.6019e+14
3891.3499 1.3260e+15 4.6026e+14
3891.3626 1.3260e+15 4.6032e+14
3891.3753 1.3260e+15 4.6039e+14
3891.3879 1.3260e+15 4.6046e+14
3891.4006 1.3260e+15 4.6053e+14
3891.4133 1.3260e+15 4.6059e+14
3891.4259 1.3260e+15 4.6066e+14
3891.4386 1.3260e+15 4.6073e+14
3891.4513 1.3260e+15 4.6080e+14
3891.4639 1.3260e+15 4.6087e+14
3891.4766 1.3260e+15 4.6094e+14
3891.4893 1.3260e+15 4.6101e+14
3891.5019 1.3260e+15 4.6108e+14
3891.5146 1.3260e+15 4.6115e+14
3891.5273 1.3259e+15 4.6122e+14
3891.5399 1.3259e+15 4.6129e+14
3891.5526 1.3259e+15 4.6136e+14
3891.5653 1.3259e+15 4.6143e+14
3891.5779 1.3259e+15 4.6151e+14
3891.5906 1.3259e+15 4.6158e+14
3891.6033 1.3259e+15 4.6165e+14
3891.6160 1.3259e+15 4.6173e+14
3891.6286 1.3259e+15 4.6180e+14
3891.6413 1.3259e+15 4.6187e+14
3891.6540 1.3259e+15 4.6195e+14
3891.6666 1.3259e+15 4.6202e+14
3891.6793 1.3259e+15 4.6210e+14
3891.6920 1.3259e+15 4.6217e+14
3891.7046 1.3259e+15 4.6225e+14
3891.7173 1.3259e+15 4.6233e+14
3891.7300 1.3259e+15 4.6240e+14
3891.7426 1.3259e+15 4.6248e+14
3891.7553 1.3259e+15 4.6256e+14
3891.7680 1.3259e+15 4.6263e+14
3891.7806 1.3259e+15 4.6271e+14
3891.7933 1.3259e+15 4.6279e+14
3891.8060 1.3259e+15 4.6287e+14
3891.8186 1.3259e+15 4.6295e+14
3891.8313 1.3259e+15 4.6303e+14
3891.8440 1.3259e+15 4.6311e+14
3891.8566 1.3259e+15 4.6319e+14
3891.8693 1.3259e+15 4.6327e+14
3891.8820 1.3259e+15 4.6335e+14
3891.8946 1.3259e+15 4.6343e+14
3891.9073 1.3259e+15 4.6351e+14
3891.9200 1.3259e+15 4.6359e+14
3891.9327 1.3259e+15 4.6367e+14
3891.9453 1.3259e+15 4.6376e+14
3891.9580 1.3259e+15 4.6384e+14
3891.9707 1.3259e+15 4.6392e+14
3891.9833 1.3259e+15 4.6401e+14
3891.9960 1.3259e+15 4.6409e+14
3892.0087 1.3259e+15 4.6417e+14
3892.0213 1.3259e+15 4.6426e+14
3892.0340 1.3259e+15 4.6434e+14
3892.0467 1.3259e+15 4.6443e+14
3892.0593 1.3259e+15 4.6451e+14
3892.0720 1.3259e+15 4.6460e+14
3892.0847 1.3259e+15 4.6469e+14
3892.0973 1.3259e+15 4.6477e+14
3892.1100 1.3259e+15 4.6486e+14
3892.1227 1.3259e+15 4.6495e+14
3892.1353 1.3259e+15 4.6503e+14
3892.1480 1.3259e+15 4.6512e+14
3892.1607 1.3259e+15 4.6521e+14
3892.1733 1.3259e+15 4.6530e+14
3892.1860 1.3259e+15 4.6539e+14
3892.1987 1.3259e+15 4.6548e+14
3892.2113 1.3259e+15 4.6557e+14
3892.2240 1.3259e+15 4.6566e+14
3892.2367 1.3259e+15 4.6575e+14
3892.2494 1.3259e+15 4.6584e+14
3892.2620 1.3259e+15 4.6593e+14
3892.2747 1.3259e+15 4.6602e+14
3892.2874 1.3259e+15 4.6611e+14
3892.3000 1.3259e+15 4.6620e+14
3892.3127 1.3259e+15 4.6629e+14
3892.3254 1.3259e+15 4.6639e+14
3892.3380 1.3259e+15 4.6648e+14
3892.3507 1.3259e+15 4.6657e+14
3892.3634 1.3259e+15 4.6667e+14
3892.3760 1.3259e+15 4.6676e+14
3892.3887 1.3259e+15 4.6685e+14
3892.4014 1.3258e+15 4.6695e+14
3892.4140 1.3258e+15 4.6704e+14
3892.4267 1.3258e+15 4.6714e+14
3892.4394 1.3258e+15 4.6724e+14
3892.4520 1.3258e+15 4.6733e+14
3892.4647 1.3258e+15 4.6743e+14
3892.4774 1.3258e+15 4.6752e+14
3892.4900 1.3258e+15 4.6762e+14
3892.5027 1.3258e+15 4.6772e+14
3892.5154 1.3258e+15 4.6782e+14
3892.5280 1.3258e+15 4.6791e+14
3892.5407 1.3258e+15 4.6801e+14
3892.5534 1.3258e+15 4.6811e+14
3892.5661 1.3258e+15 4.6821e+14
3892.5787 1.3258e+15 4.6831e+14
3892.5914 1.3258e+15 4.6841e+14
3892.6041 1.3258e+15 4.6851e+14
3892.6167 1.3258e+15 4.6861e+14
3892.6294 1.3258e+15 4.6871e+14
3892.6421 1.3258e+15 4.6881e+14
3892.6547 1.3258e+15 4.6891e+14
3892.6674 1.3258e+15 4.6901e+14
3892.6801 1.3258e+15 4.6912e+14
3892.6927 1.3258e+15 4.6922e+14
3892.7054 1.3258e+15 4.6932e+14
3892.7181 1.3258e+15 4.6942e+14
3892.7307 1.3258e+15 4.6953e+14
3892.7434 1.3258e+15 4.6963e+14
3892.7561 1.3258e+15 4.6974e+14
3892.7687 1.3258e+15 4.6984e+14
3892.7814 1.3258e+15 4.6994e+14
3892.7941 1.3258e+15 4.7005e+14
3892.8067 1.3258e+15 4.7015e+14
3892.8194 1.3258e+15 4.7026e+14
3892.8321 1.3258e+15 4.7037e+14
3892.8448 1.3258e+15 4.7047e+14
3892.8574 1.3258e+15 4.7058e+14
3892.8701 1.3258e+15 4.7069e+14
3892.8828 1.3258e+15 4.7079e+14
3892.8954 1.3258e+15 4.7090e+14
3892.9081 1.3258e+15 4.7101e+14
3892.9208 1.3258e+15 4.7112e+14
3892.9334 1.3258e+15 4.7123e+14
3892.9461 1.3258e+15 4.7134e+14
3892.9588 1.3258e+15 4.7144e+14
3892.9714 1.3258e+15 4.7155e+14
3892.9841 1.3258e+15 4.7166e+14
3892.9968 1.3258e+15 4.7177e+14
3893.0094 1.3258e+15 4.7188e+14
3893.0221 1.3258e+15 4.7200e+14
3893.0348 1.3258e+15 4.7211e+14
3893.0474 1.3258e+15 4.7222e+14
3893.0601 1.3258e+15 4.7233e+14
3893.0728 1.3258e+15 4.7244e+14
3893.0854 1.3258e+15 4.7256e+14
3893.0981 1.3258e+15 4.7267e+14
3893.1108 1.3258e+15 4.7278e+14
3893.1234 1.3258e+15 4.7289e+14
3893.1361 1.3258e+15 4.7301e+14
3893.1488 1.3258e+15 4.7312e+14
3893.1615 1.3258e+15 4.7324e+14
3893.1741 1.3258e+15 4.7335e+14
3893.1868 1.3258e+15 4.7347e+14
3893.1995 1.3258e+15 4.7358e+14
3893.2121 1.3258e+15 4.7370e+14
3893.2248 1.3258e+15 4.7381e+14
3893.2375 1.3258e+15 4.7393e+14
3893.2501 1.3258e+15 4.7405e+14
3893.2628 1.3258e+15 4.7416e+14
3893.2755 1.3258e+15 4.7428e+14
3893.2881 1.3257e+15 4.7440e+14
3893.3008 1.3257e+15 4.7452e+14
3893.3135 1.3257e+15 4.7464e+14
3893.3261 1.3257e+15 4.7476e+14
3893.3388 1.3257e+15 4.7487e+14
3893.3515 1.3257e+15 4.7499e+14
3893.3641 1.3257e+15 4.7511e+14
3893.3768 1.3257e+15 4.7523e+14
3893.3895 1.3257e+15 4.7535e+14
3893.4021 1.3257e+15 4.7547e+14
3893.4148 1.3257e+15 4.7559e+14
3893.4275 1.3257e+15 4.7572e+14
3893.4401 1.3257e+15 4.7584e+14
3893.4528 1.3257e+15 4.7596e+14
3893.4655 1.3257e+15 4.7608e+14
3893.4782 1.3257e+15 4.7620e+14
3893.4908 1.3257e+15 4.7633e+14
3893.5035 1.3257e+15 4.7645e+14
3893.5162 1.3257e+15 4.7657e+14
3893.5288 1.3257e+15 4.7670e+14
3893.5415 1.3257e+15 4.7682e+14
3893.5542 1.3257e+15 4.7695e+14
3893.5668 1.3257e+15 4.7707e+14
3893.5795 1.3257e+15 4.7720e+14
3893.5922 1.3257e+15 4.7732e+14
3893.6048 1.3257e+15 4.7745e+14
3893.6175 1.3257e+15 4.7757e+14
3893.6302 1.3257e+15 4.7770e+14
3893.6428 1.3257e+15 4.7783e+14
3893.6555 1.3257e+15 4.7795e+14
3893.6682 1.3257e+15 4.7808e+14
3893.6808 1.3257e+15 4.7821e+14
3893.6935 1.3257e+15 4.7834e+14
3893.7062 1.3257e+15 4.7846e+14
3893.7188 1.3257e+15 4.7859e+14
3893.7315 1.3257e+15 4.7872e+14
3893.7442 1.3257e+15 4.7885e+14
3893.7568 1.3257e+15 4.7898e+14
3893.7695 1.3257e+15 4.7911e+14
3893.7822 1.3257e+15 4.7924e+14
3893.7949 1.3257e+15 4.7937e+14
3893.8075 1.3257e+15 4.7950e+14
3893.8202 1.3257e+15 4.7963e+14
3893.8329 1.3257e+15 4.7976e+14
3893.8455 1.3257e+15 4.7989e+14
3893.8582 1.3257e+15 4.8003e+14
3893.8709 1.3257e+15 4.8016e+14
3893.8835 1.3257e+15 4.8029e+14
3893.8962 1.3257e+15 4.8042e+14
3893.9089 1.3257e+15 4.8056e+14
3893.9215 1.3257e+15 4.8069e+14
3893.9342 1.3257e+15 4.8082e+14
3893.9469 1.3257e+15 4.8096e+14
3893.9595 1.3257e+15 4.8109e+14
3893.9722 1.3257e+15 4.8123e+14
3893.9849 1.3257e+15 4.8136e+14
3893.9975 1.3257e+15 4.8150e+14
3894.0102 1.3257e+15 4.8163e+14
3894.0229 1.3257e+15 4.8177e+14
3894.0355 1.3257e+15 4.8191e+14
3894.0482 1.3257e+15 4.8204e+14
3894.0609 1.3257e+15 4.8218e+14
3894.0736 1.3257e+15 4.8232e+14
3894.0862 1.3257e+15 4.8245e+14
3894.0989 1.3257e+15 4.8259e+14
3894.1116 1.3257e+15 4.8273e+14
3894.1242 1.3257e+15 4.8287e+14
3894.1369 1.3257e+15 4.8301e+14
3894.1496 1.3257e+15 4.8315e+14
3894.1622 1.3256e+15 4.8329e+14
3894.1749 1.3256e+15 4.8342e+14
3894.1876 1.3256e+15 4.8356e+14
3894.2002 1.3256e+15 4.8370e+14
3894.2129 1.3256e+15 4.8385e+14
3894.2256 1.3256e+15 4.8399e+14
3894.2382 1.3256e+15 4.8413e+14
3894.2509 1.3256e+15 4.8427e+14
3894.2636 1.3256e+15 4.8441e+14
3894.2762 1.3256e+15 4.8455e+14
3894.2889 1.3256e+15 4.8469e+14
3894.3016 1.3256e+15 4.8484e+14
3894.3142 1.3256e+15 4.8498e+14
3894.3269 1.3256e+15 4.8512e+14
3894.3396 1.3256e+15 4.8527e+14
3894.3522 1.3256e+15 4.8541e+14
3894.3649 1.3256e+15 4.8555e+14
3894.3776 1.3256e+15 4.8570e+14
3894.3903 1.3256e+15 4.8584e+14
3894.4029 1.3256e+15 4.8599e+14
3894.4156 1.3256e+15 4.8613e+14
3894.4283 1.3256e+15 4.8628e+14
3894.4409 1.3256e+15 4.8643e+14
3894.4536 1.3256e+15 4.8657e+14
3894.4663 1.3256e+15 4.8672e+14
3894.4789 1.3256e+15 4.8687e+14
3894.4916 1.3256e+15 4.8701e+14
3894.5043 1.3256e+15 4.8716e+14
3894.5169 1.3256e+15 4.8731e+14
3894.5296 1.3256e+15 4.8746e+14
3894.5423 1.3256e+15 4.8760e+14
3894.5549 1.3256e+15 4.8775e+14
3894.5676 1.3256e+15 4.8790e+14
3894.5803 1.3256e+15 4.8805e+14
3894.5929 1.3256e+15 4.8820e+14
3894.6056 1.3256e+15 4.8835e+14
3894.6183 1.3256e+15 4.8850e+14
3894.6309 1.3256e+15 4.8865e+14
3894.6436 1.3256e+15 4.8880e+14
3894.6563 1.3256e+15 4.8895e+14
3894.6689 1.3256e+15 4.8910e+14
3894.6816 1.3256e+15 4.8925e+14
3894.6943 1.3256e+15 4.8941e+14
3894.7070 1.3256e+15 4.8956e+14
3894.7196 1.3256e+15 4.8971e+14
3894.7323 1.3256e+15 4.8986e+14
3894.7450 1.3256e+15 4.9002e+14
3894.7576 1.3256e+15 4.9017e+14
3894.7703 1.3256e+15 4.9032e+14
3894.7830 1.3256e+15 4.9048e+14
3894.7956 1.3256e+15 4.9063e+14
3894.8083 1.3256e+15 4.9079e+14
3894.8210 1.3256e+15 4.9094e+14
3894.8336 1.3256e+15 4.9109e+14
3894.8463 1.3256e+15 4.9125e+14
3894.8590 1.3256e+15 4.9141e+14
3894.8716 1.3256e+15 4.9156e+14
3894.8843 1.3256e+15 4.9172e+14
3894.8970 1.3256e+15 4.9187e+14
3894.9096 1.3256e+15 4.9203e+14
3894.9223 1.3256e+15 4.9219e+14
3894.9350 1.3256e+15 4.9235e+14
3894.9476 1.3256e+15 4.9250e+14
3894.9603 1.3256e+15 4.9266e+14
3894.9730 1.3256e+15 4.9282e+14
3894.9856 1.3256e+15 4.9298e+14
3894.9983 1.3256e+15 4.9314e+14
3895.0110 1.3256e+15 4.9329e+14
3895.0237 1.3256e+15 4.9345e+14
3895.0363 1.3255e+15 4.9361e+14
3895.0490 1.3255e+15 4.9377e+14
3895.0617 1.3255e+15 4.9393e+14
3895.0743 1.3255e+15 4.9409e+14
3895.0870 1.3255e+15 4.9425e+14
3895.0997 1.3255e+15 4.9442e+14
3895.1123 1.3255e+15 4.9458e+14
3895.1250 1.3255e+15 4.9474e+14
3895.1377 1.3255e+15 4.9490e+14
3895.1503 1.3255e+15 4.9506e+14
3895.1630 1.3255e+15 4.9522e+14
3895.1757 1.3255e+15 4.9539e+14
3895.1883 1.3255e+15 4.9555e+14
3895.2010 1.3255e+15 4.9571e+14
3895.2137 1.3255e+15 4.9588e+14
3895.2263 1.3255e+15 4.9604e+14
3895.2390 1.3255e+15 4.9620e+14
3895.2517 1.3255e+15 4.9637e+14
3895.2643 1.3255e+15 4.9653e+14
3895.2770 1.3255e+15 4.9670e+14
3895.2897 1.3255e+15 4.9686e+14
3895.3024 1.3255e+15 4.9703e+14
3895.3150 1.3255e+15 4.9719e+14
3895.3277 1.3255e+15 4.9736e+14
3895.3404 1.3255e+15 4.9753e+14
3895.3530 1.3255e+15 4.9769e+14
3895.3657 1.3255e+15 4.9786e+14
3895.3784 1.3255e+15 4.9803e+14
3895.3910 1.3255e+15 4.9819e+14
3895.4037 1.3255e+15 4.9836e+14
3895.4164 1.3255e+15 4.9853e+14
3895.4290 1.3255e+15 4.9870e+14
3895.4417 1.3255e+15 4.9887e+14
3895.4544 1.3255e+15 4.9903e+14
3895.4670 1.3255e+15 4.9920e+14
3895.4797 1.3255e+15 4.9937e+14
3895.4924 1.3255e+15 4.9954e+14
3895.5050 1.3255e+15 4.9971e+14
3895.5177 1.3255e+15 4.9988e+14
3895.5304 1.3255e+15 5.0005e+14
3895.5430 1.3255e+15 5.0022e+14
3895.5557 1.3255e+15 5.0039e+14
3895.5684 1.3255e+15 5.0057e+14
3895.5810 1.3255e+15 5.0074e+14
3895.5937 1.3255e+15 5.0091e+14
3895.6064 1.3255e+15 5.0108e+14
3895.6191 1.3255e+15 5.0125e+14
3895.6317 1.3255e+15 5.0142e+14
3895.6444 1.3255e+15 5.0160e+14
3895.6571 1.3255e+15 5.0177e+14
3895.6697 1.3255e+15 5.0194e+14
3895.6824 1.3255e+15 5.0212e+14
3895.6951 1.3255e+15 5.0229e+14
3895.7077 1.3255e+15 5.0247e+14
3895.7204 1.3255e+15 5.0264e+14
3895.7331 1.3255e+15 5.0281e+14
3895.7457 1.3255e+15 5.0299e+14
3895.7584 1.3255e+15 5.0316e+14
3895.7711 1.3255e+15 5.0334e+14
3895.7837 1.3255e+15 5.0352e+14
3895.7964 1.3255e+15 5.0369e+14
3895.8091 1.3255e+15 5.0387e+14
3895.8217 1.3255e+15 5.0404e+14
3895.8344 1.3255e+15 5.0422e+14
3895.8471 1.3255e+15 5.0440e+14
3895.8597 1.3255e+15 5.0457e+14
3895.8724 1.3255e+15 5.0475e+14
3895.8851 1.3255e+15 5.0493e+14
3895.8977 1.3255e+15 5.0511e+14
3895.9104 1.3254e+15 5.0529e+14
3895.9231 1.3254e+15 5.0546e+14
3895.9358 1.3254e+15 5.0564e+14
3895.9484 1.3254e+15 5.0582e+14
3895.9611 1.3254e+15 5.0600e+14
3895.9738 1.3254e+15 5.0618e+14
3895.9864 1.3254e+15 5.0636e+14
3895.9991 1.3254e+15 5.0654e+14
3896.0118 1.3254e+15 5.0672e+14
3896.0244 1.3254e+15 5.0690e+14
3896.0371 1.3254e+15 5.0708e+14
3896.0498 1.3254e+15 5.0726e+14
3896.0624 1.3254e+15 5.0745e+14
3896.0751 1.3254e+15 5.0763e+14
3896.0878 1.3254e+15 5.0781e+14
3896.1004 1.3254e+15 5.0799e+14
3896.1131 1.3254e+15 5.0817e+14
3896.1258 1.3254e+15 5.0836e+14
3896.1384 1.3254e+15 5.0854e+14
3896.1511 1.3254e+15 5.0872e+14
3896.1638 1.3254e+15 5.0891e+14
3896.1764 1.3254e+15 5.0909e+14
3896.1891 1.3254e+15 5.0927e+14
3896.2018 1.3254e+15 5.0946e+14
3896.2144 1.3254e+15 5.0964e+14
3896.2271 1.3254e+15 5.0983e+14
3896.2398 1.3254e+15 5.1001e+14
3896.2525 1.3254e+15 5.1020e+14
3896.2651 1.3254e+15 5.1038e+14
3896.2778 1.3254e+15 5.1057e+14
3896.2905 1.3254e+15 5.1075e+14
3896.3031 1.3254e+15 5.1094e+14
3896.3158 1.3254e+15 5.1113e+14
3896.3285 1.3254e+15 5.1131e+14
3896.3411 1.3254e+15 5.1150e+14
3896.3538 1.3254e+15 5.1169e+14
3896.3665 1.3254e+15 5.1187e+14
3896.3791 1.3254e+15 5.1206e+14
3896.3918 1.3254e+15 5.1225e+14
3896.4045 1.3254e+15 5.1244e+14
3896.4171 1.3254e+15 5.1263e+14
3896.4298 1.3254e+15 5.1281e+14
3896.4425 1.3254e+15 5.1300e+14
3896.4551 1.3254e+15 5.1319e+14
3896.4678 1.3254e+15 5.1338e+14
3896.4805 1.3254e+15 5.1357e+14
3896.4931 1.3254e+15 5.1376e+14
3896.5058 1.3254e+15 5.1395e+14
3896.5185 1.3254e+15 5.1414e+14
3896.5312 1.3254e+15 5.1433e+14
3896.5438 1.3254e+15 5.1452e+14
3896.5565 1.3254e+15 5.1471e+14
3896.5692 1.3254e+15 5.1491e+14
3896.5818 1.3254e+15 5.1510e+14
3896.5945 1.3254e+15 5.1529e+14
3896.6072 1.3254e+15 5.1548e+14
3896.6198 1.3254e+15 5.1567e+14
3896.6325 1.3254e+15 5.1587e+14
3896.6452 1.3254e+15 5.1606e+14
3896.6578 1.3254e+15 5.1625e+14
3896.6705 1.3254e+15 5.1644e+14
3896.6832 1.3254e+15 5.1664e+14
3896.6958 1.3254e+15 5.1683e+14
3896.7085 1.3254e+15 5.1703e+14
3896.7212 1.3254e+15 5.1722e+14
3896.7338 1.3254e+15 5.1741e+14
3896.7465 1.3254e+15 5.1761e+14
3896.7592 1.3254e+15 5.1780e+14
3896.7718 1.3253e+15 5.1800e+14
3896.7845 1.3253e+15 5.1819e+14
3896.7972 1.3253e+15 5.1839e+14
3896.8098 1.3253e+15 5.1859e+14
3896.8225 1.3253e+15 5.1878e+14
3896.8352 1.3253e+15 5.1898e+14
3896.8479 1.3253e+15 5.1917e+14
3896.8605 1.3253e+15 5.1937e+14
3896.8732 1.3253e+15 5.1957e+14
3896.8859 1.3253e+15 5.1977e+14
3896.8985 1.3253e+15 5.1996e+14
3896.9112 1.3253e+15 5.2016e+14
3896.9239 1.3253e+15 5.2036e+14
3896.9365 1.3253e+15 5.2056e+14
3896.9492 1.3253e+15 5.2076e+14
3896.9619 1.3253e+15 5.2095e+14
3896.9745 1.3253e+15 5.2115e+14
3896.9872 1.3253e+15 5.2135e+14
3896.9999 1.3253e+15 5.2155e+14
3897.0125 1.3253e+15 5.2175e+14
3897.0252 1.3253e+15 5.2195e+14
3897.0379 1.3253e+15 5.2215e+14
3897.0505 1.3253e+15 5.2235e+14
3897.0632 1.3253e+15 5.2255e+14
3897.0759 1.3253e+15 5.2275e+14
3897.0885 1.3253e+15 5.2295e+14
3897.1012 1.3253e+15 5.2315e+14
3897.1139 1.3253e+15 5.2335e+14
3897.1265 1.3253e+15 5.2356e+14
3897.1392 1.3253e+15 5.2376e+14
3897.1519 1.3253e+15 5.2396e+14
3897.1646 1.3253e+15 5.2416e+14
3897.1772 1.3253e+15 5.2436e+14
3897.1899 1.3253e+15 5.2457e+14
3897.2026 1.3253e+15 5.2477e+14
3897.2152 1.3253e+15 5.2497e+14
3897.2279 1.3253e+15 5.2518e+14
3897.2406 1.3253e+15 5.2538e+14
3897.2532 1.3253e+15 5.2558e+14
3897.2659 1.3253e+15 5.2579e+14
3897.2786 1.3253e+15 5.2599e+14
3897.2912 1.3253e+15 5.2620e+14
3897.3039 1.3253e+15 5.2640e+14
3897.3166 1.3253e+15 5.2661e+14
3897.3292 1.3253e+15 5.2681e+14
3897.3419 1.3253e+15 5.2702e+14
3897.3546 1.3253e+15 5.2722e+14
3897.3672 1.3253e+15 5.2743e+14
3897.3799 1.3253e+15 5.2763e+14
3897.3926 1.3253e+15 5.2784e+14
3897.4052 1.3253e+15 5.2805e+14
3897.4179 1.3253e+15 5.2825e+14
3897.4306 1.3253e+15 5.2846e+14
3897.4432 1.3253e+15 5.2867e+14
3897.4559 1.3253e+15 5.2887e+14
3897.4686 1.3253e+15 5.2908e+14
3897.4813 1.3253e+15 5.2929e+14
3897.4939 1.3253e+15 5.2950e+14
3897.5066 1.3253e+15 5.2971e+14
3897.5193 1.3253e+15 5.2991e+14
3897.5319 1.3253e+15 5.3012e+14
3897.5446 1.3253e+15 5.3033e+14
3897.5573 1.3253e+15 5.3054e+14
3897.5699 1.3253e+15 5.3075e+14
3897.5826 1.3253e+15 5.3096e+14
3897.5953 1.3253e+15 5.3117e+14
3897.6079 1.3253e+15 5.3138e+14
3897.6206 1.3253e+15 5.3159e+14
3897.6333 1.3253e+15 5.3180e+14
3897.6459 1.3252e+15 5.3201e+14
3897.6586 1.3252e+15 5.3222e+14
3897.6713 1.3252e+15 5.3243e+14
3897.6839 1.3252e+15 5.3264e+14
3897.6966 1.3252e+15 5.3285e+14
3897.7093 1.3252e+15 5.3306e+14
3897.7219 1.3252e+15 5.3328e+14
3897.7346 1.3252e+15 5.3349e+14
3897.7473 1.3252e+15 5.3370e+14
3897.7600 1.3252e+15 5.3391e+14
3897.7726 1.3252e+15 5.3413e+14
3897.7853 1.3252e+15 5.3434e+14
3897.7980 1.3252e+15 5.3455e+14
3897.8106 1.3252e+15 5.3476e+14
3897.8233 1.3252e+15 5.3498e+14
3897.8360 1.3252e+15 5.3519e+14
3897.8486 1.3252e+15 5.3540e+14
3897.8613 1.3252e+15 5.3562e+14
3897.8740 1.3252e+15 5.3583e+14
3897.8866 1.3252e+15 5.3605e+14
3897.8993 1.3252e+15 5.3626e+14
3897.9120 1.3252e+15 5.3648e+14
3897.9246 1.3252e+15 5.3669e+14
3897.9373 1.3252e+15 5.3691e+14
3897.9500 1.3252e+15 5.3712e+14
3897.9626 1.3252e+15 5.3734e+14
3897.9753 1.3252e+15 5.3755e+14
3897.9880 1.3252e+15 5.3777e+14
3898.0006 1.3252e+15 5.3799e+14
3898.0133 1.3252e+15 5.3820e+14
3898.0260 1.3252e+15 5.3842e+14
3898.0386 1.3252e+15 5.3863e+14
3898.0513 1.3252e+15 5.3885e+14
3898.0640 1.3252e+15 5.3907e+14
3898.0767 1.3252e+15 5.3929e+14
3898.0893 1.3252e+15 5.3950e+14
3898.1020 1.3252e+15 5.3972e+14
3898.1147 1.3252e+15 5.3994e+14
3898.1273 1.3252e+15 5.4016e+14
3898.1400 1.3252e+15 5.4038e+14
3898.1527 1.3252e+15 5.4059e+14
3898.1653 1.3252e+15 5.4081e+14
3898.1780 1.3252e+15 5.4103e+14
3898.1907 1.3252e+15 5.4125e+14
3898.2033 1.3252e+15 5.4147e+14
3898.2160 1.3252e+15 5.4169e+14
3898.2287 1.3252e+15 5.4191e+14
3898.2413 1.3252e+15 5.4213e+14
3898.2540 1.3252e+15 5.4235e+14
3898.2667 1.3252e+15 5.4257e+14
3898.2793 1.3252e+15 5.4279e+14
3898.2920 1.3252e+15 5.4301e+14
3898.3047 1.3252e+15 5.4323e+14
3898.3173 1.3252e+15 5.4345e+14
3898.3300 1.3252e+15 5.4367e+14
3898.3427 1.3252e+15 5.4390e+14
3898.3553 1.3252e+15 5.4412e+14
3898.3680 1.3252e+15 5.4434e+14
3898.3807 1.3252e+15 5.4456e+14
3898.3934 1.3252e+15 5.4478e+14
3898.4060 1.3252e+15 5.4500e+14
3898.4187 1.3252e+15 5.4523e+14
3898.4314 1.3252e+15 5.4545e+14
3898.4440 1.3252e+15 5.4567e+14
3898.4567 1.3252e+15 5.4590e+14
3898.4694 1.3252e+15 5.4612e+14
3898.4820 1.3252e+15 5.4634e+14
3898.4947 1.3252e+15 5.4657e+14
3898.5074 1.3251e+15 5.4679e+14
3898.5200 1.3251e+15 5.4701e+14
3898.5327 1.3251e+15 5.4724e+14
3898.5454 1.3251e+15 5.4746e+14
3898.5580 1.3251e+15 5.4769e+14
3898.5707 1.3251e+15 5.4791e+14
3898.5834 1.3251e+15 5.4814e+14
3898.5960 1.3251e+15 5.4836e+14
3898.6087 1.3251e+15 5.4859e+14
3898.6214 1.3251e+15 5.4881e+14
3898.6340 1.3251e+15 5.4904e+14
3898.6467 1.3251e+15 5.4926e+14
3898.6594 1.3251e+15 5.4949e+14
3898.6720 1.3251e+15 5.4972e+14
3898.6847 1.3251e+15 5.4994e+14
3898.6974 1.3251e+15 5.5017e+14
3898.7101 1.3251e+15 5.5040e+14
3898.7227 1.3251e+15 5.5062e+14
3898.7354 1.3251e+15 5.5085e+14
3898.7481 1.3251e+15 5.5108e+14
3898.7607 1.3251e+15 5.5130e+14
3898.7734 1.3251e+15 5.5153e+14
3898.7861 1.3251e+15 5.5176e+14
3898.7987 1.3251e+15 5.5199e+14
3898.8114 1.3251e+15 5.5221e+14
3898.8241 1.3251e+15 5.5244e+14
3898.8367 1.3251e+15 5.5267e+14
3898.8494 1.3251e+15 5.5290e+14
3898.8621 1.3251e+15 5.5313e+14
3898.8747 1.3251e+15 5.5336e+14
3898.8874 1.3251e+15 5.5359e+14
3898.9001 1.3251e+15 5.5382e+14
3898.9127 1.3251e+15 5.5405e+14
3898.9254 1.3251e+15 5.5428e+14
3898.9381 1.3251e+15 5.5450e+14
3898.9507 1.3251e+15 5.5473e+14
3898.9634 1.3251e+15 5.5496e+14
3898.9761 1.3251e+15 5.5520e+14
3898.9888 1.3251e+15 5.5543e+14
3899.0014 1.3251e+15 5.5566e+14
3899.0141 1.3251e+15 5.5589e+14
3899.0268 1.3251e+15 5.5612e+14
3899.0394 1.3251e+15 5.5635e+14
3899.0521 1.3251e+15 5.5658e+14
3899.0648 1.3251e+15 5.5681e+14
3899.0774 1.3251e+15 5.5704e+14
3899.0901 1.3251e+15 5.5728e+14
3899.1028 1.3251e+15 5.5751e+14
3899.1154 1.3251e+15 5.5774e+14
3899.1281 1.3251e+15 5.5797e+14
3899.1408 1.3251e+15 5.5820e+14
3899.1534 1.3251e+15 5.5844e+14
3899.1661 1.3251e+15 5.5867e+14
3899.1788 1.3251e+15 5.5890e+14
3899.1914 1.3251e+15 5.5914e+14
3899.2041 1.3251e+15 5.5937e+14
3899.2168 1.3251e+15 5.5960e+14
3899.2294 1.3251e+15 5.5984e+14
3899.2421 1.3251e+15 5.6007e+14
3899.2548 1.3251e+15 5.6030e+14
3899.2674 1.3251e+15 5.6054e+14
3899.2801 1.3251e+15 5.6077e+14
3899.2928 1.3251e+15 5.6101e+14
3899.3055 1.3251e+15 5.6124e+14
3899.3181 1.3251e+15 5.6147e+14
3899.3308 1.3251e+15 5.6171e+14
3899.3435 1.3251e+15 5.6194e+14
3899.3561 1.3251e+15 5.6218e+14
3899.3688 1.3250e+15 5.6242e+14
3899.3815 1.3250e+15 5.6265e+14
3899.3941 1.3250e+15 5.6289e+14
3899.4068 1.3250e+15 5.6312e+14
3899.4195 1.3250e+15 5.6336e+14
3899.4321 1.3250e+15 5.6359e+14
3899.4448 1.3250e+15 5.6383e+14
3899.4575 1.3250e+15 5.6407e+14
3899.4701 1.3250e+15 5.6430e+14
3899.4828 1.3250e+15 5.6454e+14
3899.4955 1.3250e+15 5.6478e+14
3899.5081 1.3250e+15 5.6501e+14
3899.5208 1.3250e+15 5.6525e+14
3899.5335 1.3250e+15 5.6549e+14
3899.5461 1.3250e+15 5.6573e+14
3899.5588 1.3250e+15 5.6596e+14
3899.5715 1.3250e+15 5.6620e+14
3899.5841 1.3250e+15 5.6644e+14
3899.5968 1.3250e+15 5.6668e+14
3899.6095 1.3250e+15 5.6691e+14
3899.6222 1.3250e+15 5.6715e+14
3899.6348 1.3250e+15 5.6739e+14
3899.6475 1.3250e+15 5.6763e+14
3899.6602 1.3250e+15 5.6787e+14
3899.6728 1.3250e+15 5.6811e+14
3899.6855 1.3250e+15 5.6835e+14
3899.6982 1.3250e+15 5.6859e+14
3899.7108 1.3250e+15 5.6883e+14
3899.7235 1.3250e+15 5.6907e+14
3899.7362 1.3250e+15 5.6930e+14
3899.7488 1.3250e+15 5.6954e+14
3899.7615 1.3250e+15 5.6978e+14
3899.7742 1.3250e+15 5.7002e+14
3899.7868 1.3250e+15 5.7026e+14
3899.7995 1.3250e+15 5.7051e+14
3899.8122 1.3250e+15 5.7075e+14
3899.8248 1.3250e+15 5.7099e+14
3899.8375 1.3250e+15 5.7123e+14
3899.8502 1.3250e+15 5.7147e+14
3899.8628 1.3250e+15 5.7171e+14
3899.8755 1.3250e+15 5.7195e+14
3899.8882 1.3250e+15 5.7219e+14
3899.9008 1.3250e+15 5.7243e+14
3899.9135 1.3250e+15 5.7268e+14
3899.9262 1.3250e+15 5.7292e+14
3899.9389 1.3250e+15 5.7316e+14
3899.9515 1.3250e+15 5.7340e+14
3899.9642 1.3250e+15 5.7364e+14
3899.9769 1.3250e+15 5.7389e+14
3899.9895 1.3250e+15 5.7413e+14
3900.0022 1.3250e+15 5.7437e+14
3900.0149 1.3250e+15 5.7461e+14
3900.0275 1.3250e+15 5.7486e+14
3900.0402 1.3250e+15 5.7510e+14
3900.0529 1.3250e+15 5.7534e+14
3900.0655 1.3250e+15 5.7559e+14
3900.0782 1.3250e+15 5.7583e+14
3900.0909 1.3250e+15 5.7607e+14
3900.1035 1.3250e+15 5.7632e+14
3900.1162 1.3250e+15 5.7656e+14
3900.1289 1.3250e+15 5.7680e+14
3900.1415 1.3250e+15 5.7705e+14
3900.1542 1.3250e+15 5.7729e+14
3900.1669 1.3250e+15 5.7754e+14
3900.1795 1.3250e+15 5.7778e+14
3900.1922 1.3250e+15 5.7803e+14
3900.2049 1.3250e+15 5.7827e+14
3900.2176 1.3250e+15 5.7852e+14
3900.2302 1.3249e+15 5.7876e+14
3900.2429 1.3249e+15 5.7901e+14
3900.2556 1.3249e+15 5.7925e+14
3900.2682 1.3249e+15 5.7950e+14
3900.2809 1.3249e+15 5.7974e+14
3900.2936 1.3249e+15 5.7999e+14
3900.3062 1.3249e+15 5.8023e+14
3900.3189 1.3249e+15 5.8048e+14
3900.3316 1.3249e+15 5.8072e+14
3900.3442 1.3249e+15 5.8097e+14
3900.3569 1.3249e+15 5.8122e+14
3900.3696 1.3249e+15 5.8146e+14
3900.3822 1.3249e+15 5.8171e+14
3900.3949 1.3249e+15 5.8196e+14
3900.4076 1.3249e+15 5.8220e+14
3900.4202 1.3249e+15 5.8245e+14
3900.4329 1.3249e+15 5.8270e+14
3900.4456 1.3249e+15 5.8294e+14
3900.4582 1.3249e+15 5.8319e+14
3900.4709 1.3249e+15 5.8344e+14
3900.4836 1.3249e+15 5.8369e+14
3900.4962 1.3249e+15 5.8393e+14
3900.5089 1.3249e+15 5.8418e+14
3900.5216 1.3249e+15 5.8443e+14
3900.5343 1.3249e+15 5.8468e+14
3900.5469 1.3249e+15 5.8493e+14
3900.5596 1.3249e+15 5.8517e+14
3900.5723 1.3249e+15 5.8542e+14
3900.5849 1.3249e+15 5.8567e+14
3900.5976 1.3249e+15 5.8592e+14
3900.6103 1.3249e+15 5.8617e+14
3900.6229 1.3249e+15 5.8642e+14
3900.6356 1.3249e+15 5.8667e+14
3900.6483 1.3249e+15 5.8691e+14
3900.6609 1.3249e+15 5.8716e+14
3900.6736 1.3249e+15 5.8741e+14
3900.6863 1.3249e+15 5.8766e+14
3900.6989 1.3249e+15 5.8791e+14
3900.7116 1.3249e+15 5.8816e+14
3900.7243 1.3249e+15 5.8841e+14
3900.7369 1.3249e+15 5.8866e+14
3900.7496 1.3249e+15 5.8891e+14
3900.7623 1.3249e+15 5.8916e+14
3900.7749 1.3249e+15 5.8941e+14
3900.7876 1.3249e+15 5.8966e+14
3900.8003 1.3249e+15 5.8991e+14
3900.8129 1.3249e+15 5.9016e+14
3900.8256 1.3249e+15 5.9041e+14
3900.8383 1.3249e+15 5.9066e+14
3900.8510 1.3249e+15 5.9092e+14
3900.8636 1.3249e+15 5.9117e+14
3900.8763 1.3249e+15 5.9142e+14
3900.8890 1.3249e+15 5.9167e+14
3900.9016 1.3249e+15 5.9192e+14
3900.9143 1.3249e+15 5.9217e+14
3900.9270 1.3249e+15 5.9242e+14
3900.9396 1.3249e+15 5.9267e+14
3900.9523 1.3249e+15 5.9293e+14
3900.9650 1.3249e+15 5.9318e+14
3900.9776 1.3249e+15 5.9343e+14
3900.9903 1.3249e+15 5.9368e+14
3901.0030 1.3249e+15 5.9393e+14
3901.0156 1.3249e+15 5.9419e+14
3901.0283 1.3249e+15 5.9444e+14
3901.0410 1.3249e+15 5.9469e+14
3901.0536 1.3249e+15 5.9494e+14
3901.0663 1.3249e+15 5.9520e+14
3901.0790 1.3249e+15 5.9545e+14
3901.0916 1.3248e+15 5.9570e+14
3901.1043 1.3248e+15 5.9595e+14
3901.1170 1.3248e+15 5.9621e+14
3901.1296 1.3248e+15 5.9646e+14
3901.1423 1.3248e+15 5.9671e+14
3901.1550 1.3248e+15 5.9697e+14
3901.1677 1.3248e+15 5.9722e+14
3901.1803 1.3248e+15 5.9748e+14
3901.1930 1.3248e+15 5.9773e+14
3901.2057 1.3248e+15 5.9798e+14
3901.2183 1.3248e+15 5.9824e+14
3901.2310 1.3248e+15 5.9849e+14
3901.2437 1.3248e+15 5.9874e+14
3901.2563 1.3248e+15 5.9900e+14
3901.2690 1.3248e+15 5.9925e+14
3901.2817 1.3248e+15 5.9951e+14
3901.2943 1.3248e+15 5.9976e+14
3901.3070 1.3248e+15 6.0002e+14
3901.3197 1.3248e+15 6.0027e+14
3901.3323 1.3248e+15 6.0053e+14
3901.3450 1.3248e+15 6.0078e+14
3901.3577 1.3248e+15 6.0104e+14
3901.3703 1.3248e+15 6.0129e+14
3901.3830 1.3248e+15 6.0155e+14
3901.3957 1.3248e+15 6.0180e+14
3901.4083 1.3248e+15 6.0206e+14
3901.4210 1.3248e+15 6.0231e+14
3901.4337 1.3248e+15 6.0257e+14
3901.4464 1.3248e+15 6.0282e+14
3901.4590 1.3248e+15 6.0308e+14
3901.4717 1.3248e+15 6.0333e+14
3901.4844 1.3248e+15 6.0359e+14
3901.4970 1.3248e+15 6.0385e+14
3901.5097 1.3248e+15 6.0410e+14
3901.5224 1.3248e+15 6.0436e+14
3901.5350 1.3248e+15 6.0462e+14
3901.5477 1.3248e+15 6.0487e+14
3901.5604 1.3248e+15 6.0513e+14
3901.5730 1.3248e+15 6.0538e+14
3901.5857 1.3248e+15 6.0564e+14
3901.5984 1.3248e+15 6.0590e+14
3901.6110 1.3248e+15 6.0615e+14
3901.6237 1.3248e+15 6.0641e+14
3901.6364 1.3248e+15 6.0667e+14
3901.6490 1.3248e+15 6.0693e+14
3901.6617 1.3248e+15 6.0718e+14
